1 10 10 6
1 100 100 50
1 101 100 50
1 102 102 52
1 103 102 52
1 104 104 52
1 105 104 52
1 106 106 54
1 107 106 54
1 108 108 54
1 109 108 54
1 11 10 6
1 110 110 56
1 111 110 56
1 112 112 56
1 113 112 56
1 114 114 58
1 115 114 58
1 116 116 58
1 117 116 58
1 118 118 60
1 119 118 60
1 12 12 6
1 120 120 60
1 121 120 60
1 122 122 62
1 123 122 62
1 124 124 62
1 125 124 62
1 126 126 64
1 127 126 64
1 128 128 64
1 129 128 64
1 13 12 6
1 130 130 66
1 131 130 66
1 132 132 66
1 133 132 66
1 134 134 68
1 135 134 68
1 136 136 68
1 137 136 68
1 138 138 70
1 139 138 70
1 14 14 8
1 140 140 70
1 141 140 70
1 142 142 72
1 143 142 72
1 144 144 72
1 145 144 72
1 146 146 74
1 147 146 74
1 148 148 74
1 149 148 74
1 15 14 8
1 150 150 76
1 151 150 76
1 152 152 76
1 153 152 76
1 154 154 78
1 155 154 78
1 156 156 78
1 157 156 78
1 158 158 80
1 159 158 80
1 16 16 8
1 160 160 80
1 161 160 80
1 162 162 82
1 163 162 82
1 164 164 82
1 165 164 82
1 166 166 84
1 167 166 84
1 168 168 84
1 169 168 84
1 17 16 8
1 170 170 86
1 171 170 86
1 172 172 86
1 173 172 86
1 174 174 88
1 175 174 88
1 176 176 88
1 177 176 88
1 178 178 90
1 179 178 90
1 18 18 10
1 180 180 90
1 181 180 90
1 182 182 92
1 183 182 92
1 184 184 92
1 185 184 92
1 186 186 94
1 187 186 94
1 188 188 94
1 189 188 94
1 19 18 10
1 190 190 96
1 191 190 96
1 192 192 96
1 193 192 96
1 194 194 98
1 195 194 98
1 196 196 98
1 197 196 98
1 198 198 100
1 199 198 100
1 20 20 10
1 200 200 100
1 201 200 100
1 202 202 102
1 203 202 102
1 204 204 102
1 205 204 102
1 206 206 104
1 207 206 104
1 208 208 104
1 209 208 104
1 21 20 10
1 210 210 106
1 211 210 106
1 212 212 106
1 213 212 106
1 214 214 108
1 215 214 108
1 216 216 108
1 217 216 108
1 218 218 110
1 219 218 110
1 22 22 12
1 220 220 110
1 221 220 110
1 222 222 112
1 223 222 112
1 224 224 112
1 225 224 112
1 226 226 114
1 227 226 114
1 228 228 114
1 229 228 114
1 23 22 12
1 230 230 116
1 231 230 116
1 232 232 116
1 233 232 116
1 234 234 118
1 235 234 118
1 236 236 118
1 237 236 118
1 238 238 120
1 239 238 120
1 24 24 12
1 240 240 120
1 241 240 120
1 242 242 122
1 243 242 122
1 244 244 122
1 245 244 122
1 246 246 124
1 247 246 124
1 248 248 124
1 249 248 124
1 25 24 12
1 250 250 126
1 251 250 126
1 252 252 126
1 253 252 126
1 254 254 128
1 255 254 128
1 256 256 128
1 257 256 128
1 258 258 130
1 259 258 130
1 26 26 14
1 260 260 130
1 261 260 130
1 262 262 132
1 263 262 132
1 264 264 132
1 265 264 132
1 266 266 134
1 267 266 134
1 268 268 134
1 269 268 134
1 27 26 14
1 270 270 136
1 271 270 136
1 272 272 136
1 273 272 136
1 274 274 138
1 275 274 138
1 276 276 138
1 277 276 138
1 278 278 140
1 279 278 140
1 28 28 14
1 280 280 140
1 281 280 140
1 282 282 142
1 283 282 142
1 284 284 142
1 285 284 142
1 286 286 144
1 287 286 144
1 288 288 144
1 289 288 144
1 29 28 14
1 290 290 146
1 291 290 146
1 292 292 146
1 293 292 146
1 294 294 148
1 295 294 148
1 296 296 148
1 297 296 148
1 298 298 150
1 299 298 150
1 3 2 2
1 30 30 16
1 300 300 150
1 31 30 16
1 32 32 16
1 33 32 16
1 34 34 18
1 35 34 18
1 36 36 18
1 37 36 18
1 38 38 20
1 39 38 20
1 4 4 2
1 40 40 20
1 41 40 20
1 42 42 22
1 43 42 22
1 44 44 22
1 45 44 22
1 46 46 24
1 47 46 24
1 48 48 24
1 49 48 24
1 5 4 2
1 50 50 26
1 51 50 26
1 52 52 26
1 53 52 26
1 54 54 28
1 55 54 28
1 56 56 28
1 57 56 28
1 58 58 30
1 59 58 30
1 6 6 4
1 60 60 30
1 61 60 30
1 62 62 32
1 63 62 32
1 64 64 32
1 65 64 32
1 66 66 34
1 67 66 34
1 68 68 34
1 69 68 34
1 7 6 4
1 70 70 36
1 71 70 36
1 72 72 36
1 73 72 36
1 74 74 38
1 75 74 38
1 76 76 38
1 77 76 38
1 78 78 40
1 79 78 40
1 8 8 4
1 80 80 40
1 81 80 40
1 82 82 42
1 83 82 42
1 84 84 42
1 85 84 42
1 86 86 44
1 87 86 44
1 88 88 44
1 89 88 44
1 9 8 4
1 90 90 46
1 91 90 46
1 92 92 46
1 93 92 46
1 94 94 48
1 95 94 48
1 96 96 48
1 97 96 48
1 98 98 50
1 99 98 50
10 100 95 57
10 101 92 58
10 102 96 60
10 103 94 60
10 104 97 59
10 105 97 61
10 106 98 58
10 107 100 60
10 108 99 61
10 109 103 65
10 110 100 60
10 111 105 65
10 112 102 64
10 113 106 64
10 114 105 69
10 115 107 67
10 116 108 62
10 117 108 66
10 118 111 69
10 119 109 67
10 120 114 72
10 21 16 14
10 22 20 14
10 23 19 15
10 24 21 17
10 25 21 17
10 26 22 16
10 27 24 16
10 28 23 17
10 29 27 15
10 30 24 20
10 31 29 15
10 32 26 20
10 33 30 20
10 34 29 19
10 35 31 23
10 36 32 22
10 37 32 22
10 38 35 25
10 39 33 25
10 40 38 24
10 41 35 27
10 42 39 25
10 43 37 25
10 44 40 26
10 45 40 26
10 46 41 29
10 47 43 27
10 48 42 28
10 49 46 26
10 50 43 31
10 51 48 30
10 52 45 31
10 53 49 29
10 54 48 34
10 55 50 32
10 56 51 37
10 57 51 37
10 58 54 34
10 59 52 36
10 60 57 37
10 61 54 38
10 62 58 34
10 63 56 40
10 64 59 39
10 65 59 37
10 66 60 38
10 67 62 40
10 68 61 37
10 69 65 43
10 70 62 44
10 71 67 41
10 72 64 44
10 73 68 44
10 74 67 43
10 75 69 47
10 76 70 44
10 77 70 48
10 78 73 41
10 79 71 41
10 80 76 46
10 81 73 47
10 82 77 45
10 83 75 49
10 84 78 46
10 85 78 52
10 86 79 53
10 87 81 49
10 88 80 52
10 89 84 50
10 90 81 55
10 91 86 54
10 92 83 55
10 93 87 53
10 94 86 56
10 95 88 54
10 96 89 53
10 97 89 53
10 98 92 56
10 99 90 56
2 10 8 6
2 100 80 66
2 101 80 66
2 102 81 69
2 103 82 70
2 104 83 69
2 105 84 70
2 106 84 70
2 107 85 71
2 108 86 74
2 109 87 71
2 11 8 6
2 110 88 72
2 111 88 74
2 112 89 75
2 113 90 76
2 114 91 75
2 115 92 76
2 116 92 76
2 117 93 77
2 118 94 78
2 119 95 79
2 12 9 9
2 120 96 80
2 121 96 80
2 122 97 81
2 123 98 82
2 124 99 81
2 125 100 82
2 126 100 84
2 127 101 85
2 128 102 86
2 129 103 85
2 13 10 10
2 130 104 86
2 131 104 86
2 132 105 89
2 133 106 90
2 134 107 89
2 135 108 90
2 136 108 90
2 137 109 91
2 138 110 92
2 139 111 91
2 14 11 9
2 140 112 92
2 141 112 92
2 142 113 95
2 143 114 96
2 144 115 95
2 145 116 96
2 146 116 96
2 147 117 97
2 148 118 98
2 149 119 99
2 15 12 10
2 150 120 100
2 151 120 100
2 152 121 101
2 153 122 102
2 154 123 101
2 155 124 102
2 156 124 104
2 157 125 105
2 158 126 106
2 159 127 105
2 16 12 10
2 160 128 106
2 161 128 106
2 162 129 107
2 163 130 108
2 164 131 107
2 165 132 110
2 166 132 110
2 167 133 111
2 168 134 112
2 169 135 111
2 17 13 11
2 170 136 112
2 171 136 112
2 172 137 115
2 173 138 116
2 174 139 115
2 175 140 116
2 176 140 116
2 177 141 117
2 178 142 118
2 179 143 119
2 18 14 12
2 180 144 120
2 181 144 120
2 182 145 121
2 183 146 122
2 184 147 121
2 185 148 124
2 186 148 124
2 187 149 125
2 188 150 126
2 189 151 125
2 19 15 13
2 190 152 126
2 191 152 126
2 192 153 127
2 193 154 128
2 194 155 127
2 195 156 130
2 196 156 130
2 197 157 131
2 198 158 132
2 199 159 131
2 20 16 14
2 200 160 132
2 201 160 132
2 202 161 135
2 203 162 136
2 204 163 135
2 205 164 136
2 206 164 136
2 207 165 137
2 208 166 138
2 209 167 139
2 21 16 14
2 210 168 140
2 211 168 140
2 212 169 141
2 213 170 142
2 214 171 141
2 215 172 142
2 216 172 142
2 217 173 143
2 218 174 146
2 219 175 145
2 22 17 15
2 220 176 146
2 221 176 146
2 222 177 147
2 223 178 148
2 224 179 147
2 225 180 148
2 226 180 150
2 227 181 151
2 228 182 152
2 229 183 151
2 23 18 16
2 230 184 152
2 231 184 152
2 232 185 155
2 233 186 156
2 234 187 155
2 235 188 156
2 236 188 156
2 237 189 157
2 238 190 158
2 239 191 159
2 24 19 15
2 240 192 160
2 241 192 160
2 242 193 161
2 243 194 162
2 244 195 161
2 245 196 162
2 246 196 162
2 247 197 163
2 248 198 164
2 249 199 165
2 25 20 18
2 250 200 166
2 251 200 166
2 252 201 167
2 253 202 168
2 254 203 167
2 255 204 168
2 256 204 170
2 257 205 171
2 258 206 172
2 259 207 171
2 26 20 18
2 260 208 172
2 261 208 172
2 262 209 175
2 263 210 176
2 264 211 175
2 265 212 176
2 266 212 176
2 267 213 177
2 268 214 178
2 269 215 177
2 27 21 19
2 270 216 178
2 271 216 178
2 272 217 181
2 273 218 182
2 274 219 181
2 275 220 182
2 276 220 182
2 277 221 183
2 278 222 184
2 279 223 185
2 28 22 20
2 280 224 186
2 281 224 186
2 282 225 187
2 283 226 188
2 284 227 187
2 285 228 188
2 286 228 190
2 287 229 191
2 288 230 192
2 289 231 191
2 29 23 19
2 290 232 192
2 291 232 192
2 292 233 195
2 293 234 194
2 294 235 195
2 295 236 196
2 296 236 196
2 297 237 197
2 298 238 198
2 299 239 197
2 30 24 20
2 300 240 198
2 31 24 22
2 32 25 21
2 33 26 22
2 34 27 21
2 35 28 24
2 36 28 24
2 37 29 25
2 38 30 26
2 39 31 25
2 40 32 26
2 41 32 26
2 42 33 29
2 43 34 30
2 44 35 29
2 45 36 30
2 46 36 30
2 47 37 31
2 48 38 32
2 49 39 33
2 5 4 4
2 50 40 34
2 51 40 34
2 52 41 35
2 53 42 36
2 54 43 35
2 55 44 38
2 56 44 36
2 57 45 39
2 58 46 40
2 59 47 39
2 6 4 4
2 60 48 40
2 61 48 40
2 62 49 41
2 63 50 42
2 64 51 41
2 65 52 44
2 66 52 44
2 67 53 45
2 68 54 46
2 69 55 45
2 7 5 5
2 70 56 46
2 71 56 46
2 72 57 49
2 73 58 50
2 74 59 49
2 75 60 50
2 76 60 50
2 77 61 51
2 78 62 52
2 79 63 53
2 8 6 6
2 80 64 54
2 81 64 54
2 82 65 55
2 83 66 56
2 84 67 55
2 85 68 56
2 86 68 56
2 87 69 57
2 88 70 60
2 89 71 59
2 9 7 5
2 90 72 60
2 91 72 60
2 92 73 61
2 93 74 62
2 94 75 61
2 95 76 62
2 96 76 64
2 97 77 65
2 98 78 66
2 99 79 65
3 10 10 6
3 100 100 48
3 101 99 49
3 102 102 50
3 103 101 49
3 104 104 50
3 105 103 51
3 106 106 52
3 107 105 51
3 108 108 52
3 109 107 53
3 11 9 7
3 110 110 54
3 111 109 53
3 112 112 54
3 113 111 55
3 114 114 56
3 115 113 55
3 116 116 56
3 117 115 57
3 118 118 56
3 119 117 57
3 12 12 6
3 120 120 58
3 121 119 59
3 122 122 58
3 123 121 59
3 124 124 60
3 125 123 61
3 126 126 60
3 127 125 61
3 128 128 62
3 129 127 63
3 13 11 7
3 130 130 62
3 131 129 63
3 132 132 64
3 133 131 65
3 134 134 64
3 135 133 65
3 136 136 66
3 137 135 67
3 138 138 66
3 139 137 67
3 14 14 8
3 140 140 68
3 141 139 67
3 142 142 68
3 143 141 69
3 144 144 70
3 145 143 69
3 146 146 70
3 147 145 71
3 148 148 72
3 149 147 71
3 15 13 9
3 150 150 72
3 151 149 73
3 152 152 74
3 153 151 73
3 154 154 74
3 155 153 75
3 156 156 76
3 157 155 75
3 158 158 76
3 159 157 77
3 16 16 8
3 160 160 78
3 161 159 77
3 162 162 78
3 163 161 79
3 164 164 78
3 165 163 79
3 166 166 80
3 167 165 81
3 168 168 80
3 169 167 81
3 17 15 11
3 170 170 82
3 171 169 83
3 172 172 82
3 173 171 83
3 174 174 84
3 175 173 85
3 176 176 84
3 177 175 85
3 178 178 86
3 179 177 87
3 18 18 10
3 180 180 86
3 181 179 87
3 182 182 88
3 183 181 89
3 184 184 88
3 185 183 89
3 186 186 90
3 187 185 89
3 188 188 90
3 189 187 91
3 19 17 9
3 190 190 92
3 191 189 91
3 192 192 92
3 193 191 93
3 194 194 94
3 195 193 93
3 196 196 94
3 197 195 95
3 198 198 96
3 199 197 95
3 20 20 10
3 200 200 96
3 201 199 97
3 202 202 98
3 203 201 97
3 204 204 98
3 205 203 99
3 206 206 100
3 207 205 99
3 208 208 100
3 209 207 101
3 21 19 11
3 210 210 102
3 211 209 101
3 212 212 102
3 213 211 103
3 214 214 102
3 215 213 103
3 216 216 104
3 217 215 105
3 218 218 104
3 219 217 105
3 22 22 10
3 220 220 106
3 221 219 107
3 222 222 106
3 223 221 107
3 224 224 108
3 225 223 109
3 226 226 108
3 227 225 109
3 228 228 110
3 229 227 111
3 23 21 11
3 230 230 110
3 231 229 111
3 232 232 112
3 233 231 113
3 234 234 112
3 235 233 113
3 236 236 114
3 237 235 113
3 238 238 114
3 239 237 115
3 24 24 12
3 240 240 116
3 241 239 115
3 242 242 116
3 243 241 117
3 244 244 118
3 245 243 117
3 246 246 118
3 247 245 119
3 248 248 120
3 249 247 119
3 25 23 13
3 250 250 120
3 251 249 121
3 252 252 122
3 253 251 121
3 254 254 122
3 255 253 123
3 256 256 124
3 257 255 123
3 258 258 124
3 259 257 125
3 26 26 12
3 260 260 124
3 261 259 125
3 262 262 126
3 263 261 127
3 264 264 126
3 265 263 127
3 266 266 128
3 267 265 129
3 268 268 128
3 269 267 129
3 27 25 13
3 270 270 130
3 271 269 131
3 272 272 130
3 273 271 131
3 274 274 132
3 275 273 133
3 276 276 132
3 277 275 133
3 278 278 134
3 279 277 135
3 28 28 14
3 280 280 134
3 281 279 135
3 282 282 136
3 283 281 135
3 284 284 136
3 285 283 137
3 286 286 138
3 287 285 137
3 288 288 138
3 289 287 139
3 29 27 15
3 290 290 140
3 291 289 139
3 292 292 140
3 293 291 141
3 294 294 142
3 295 293 141
3 296 296 142
3 297 295 143
3 298 298 144
3 299 297 143
3 30 30 14
3 300 300 144
3 31 29 15
3 32 32 16
3 33 31 17
3 34 34 16
3 35 33 17
3 36 36 18
3 37 35 19
3 38 38 18
3 39 37 19
3 40 40 20
3 41 39 21
3 42 42 20
3 43 41 21
3 44 44 22
3 45 43 21
3 46 46 22
3 47 45 23
3 48 48 24
3 49 47 23
3 50 50 24
3 51 49 25
3 52 52 26
3 53 51 25
3 54 54 26
3 55 53 27
3 56 56 28
3 57 55 27
3 58 58 28
3 59 57 29
3 60 60 30
3 61 59 29
3 62 62 30
3 63 61 31
3 64 64 32
3 65 63 31
3 66 66 32
3 67 65 33
3 68 68 32
3 69 67 33
3 7 5 5
3 70 70 34
3 71 69 35
3 72 72 34
3 73 71 35
3 74 74 36
3 75 73 37
3 76 76 36
3 77 75 37
3 78 78 38
3 79 77 39
3 8 8 6
3 80 80 38
3 81 79 39
3 82 82 40
3 83 81 41
3 84 84 40
3 85 83 41
3 86 86 42
3 87 85 43
3 88 88 42
3 89 87 43
3 9 7 5
3 90 90 44
3 91 89 43
3 92 92 44
3 93 91 45
3 94 94 46
3 95 93 45
3 96 96 46
3 97 95 47
3 98 98 48
3 99 97 47
4 10 8 8
4 100 86 62
4 101 88 66
4 102 88 64
4 103 89 61
4 104 91 63
4 105 91 67
4 106 92 66
4 107 93 65
4 108 93 61
4 109 95 67
4 11 9 7
4 110 95 71
4 111 96 68
4 112 98 72
4 113 98 70
4 114 99 73
4 115 100 70
4 116 100 68
4 117 102 72
4 118 102 74
4 119 103 73
4 12 9 9
4 120 105 75
4 121 105 73
4 122 106 74
4 123 107 75
4 124 107 75
4 125 109 77
4 126 109 75
4 127 110 80
4 128 112 82
4 129 112 78
4 13 11 7
4 130 113 77
4 131 114 82
4 132 114 80
4 133 116 82
4 134 116 82
4 135 117 85
4 136 119 83
4 137 119 83
4 138 120 84
4 139 121 81
4 14 11 9
4 140 121 91
4 141 123 87
4 142 123 85
4 143 124 86
4 144 126 88
4 145 126 90
4 146 127 89
4 147 128 88
4 148 128 90
4 149 130 92
4 15 12 12
4 150 130 90
4 151 131 89
4 152 133 91
4 153 133 95
4 154 134 96
4 155 135 93
4 156 135 95
4 157 137 95
4 158 137 97
4 159 138 94
4 16 14 10
4 160 140 96
4 161 140 98
4 162 141 101
4 163 142 100
4 164 142 98
4 165 144 94
4 166 144 102
4 167 145 103
4 168 147 101
4 169 147 101
4 17 14 12
4 170 148 104
4 171 149 103
4 172 149 103
4 173 151 105
4 174 151 105
4 175 152 108
4 176 154 106
4 177 154 108
4 178 155 103
4 179 156 110
4 18 15 11
4 180 156 112
4 181 158 108
4 182 158 106
4 183 159 111
4 184 161 113
4 185 161 111
4 186 162 110
4 187 163 113
4 188 163 115
4 189 165 111
4 19 16 12
4 190 165 115
4 191 166 112
4 192 168 116
4 193 168 118
4 194 169 115
4 195 170 114
4 196 170 120
4 197 172 120
4 198 172 116
4 199 173 115
4 20 16 14
4 200 175 121
4 201 175 125
4 202 176 118
4 203 177 121
4 204 177 119
4 205 179 125
4 206 179 125
4 207 180 120
4 208 182 122
4 209 182 128
4 21 18 16
4 210 183 125
4 211 184 122
4 212 184 126
4 213 186 130
4 214 186 132
4 215 187 127
4 216 189 129
4 217 189 127
4 218 190 132
4 219 191 133
4 22 18 12
4 220 191 131
4 221 193 129
4 222 193 135
4 223 194 132
4 224 196 130
4 225 196 134
4 226 197 139
4 227 198 134
4 228 198 132
4 229 200 136
4 23 19 15
4 230 200 136
4 231 201 139
4 232 203 139
4 233 203 137
4 234 204 138
4 235 205 141
4 236 205 139
4 237 207 139
4 238 207 139
4 239 208 144
4 24 21 17
4 240 210 144
4 241 210 142
4 242 211 145
4 243 212 144
4 244 212 144
4 245 214 146
4 246 214 146
4 247 215 147
4 248 217 149
4 249 217 147
4 25 21 17
4 250 218 142
4 251 219 145
4 252 219 151
4 253 221 153
4 254 221 151
4 255 222 154
4 256 224 150
4 257 224 150
4 258 225 151
4 259 226 152
4 26 22 18
4 260 226 152
4 261 228 154
4 262 228 156
4 263 229 153
4 264 231 155
4 265 231 155
4 266 232 160
4 267 233 155
4 268 233 159
4 269 235 159
4 27 23 17
4 270 235 157
4 271 236 160
4 272 238 162
4 273 238 160
4 274 239 161
4 275 240 162
4 276 240 162
4 277 242 160
4 278 242 162
4 279 243 165
4 28 23 19
4 280 245 165
4 281 245 167
4 282 246 166
4 283 247 167
4 284 247 165
4 285 249 167
4 286 249 167
4 287 250 170
4 288 252 172
4 289 252 172
4 29 25 17
4 290 253 167
4 291 254 168
4 292 254 172
4 293 256 172
4 294 256 174
4 295 257 175
4 296 259 175
4 297 259 177
4 298 260 174
4 299 261 175
4 30 25 19
4 300 261 175
4 31 26 20
4 32 28 24
4 33 28 22
4 34 29 23
4 35 30 20
4 36 30 22
4 37 32 24
4 38 32 28
4 39 33 25
4 40 35 27
4 41 35 27
4 42 36 28
4 43 37 27
4 44 37 27
4 45 39 31
4 46 39 31
4 47 40 34
4 48 42 28
4 49 42 32
4 50 43 33
4 51 44 34
4 52 44 32
4 53 46 34
4 54 46 36
4 55 47 35
4 56 49 33
4 57 49 35
4 58 50 38
4 59 51 37
4 60 51 41
4 61 53 37
4 62 53 41
4 63 54 40
4 64 56 42
4 65 56 40
4 66 57 41
4 67 58 44
4 68 58 46
4 69 60 44
4 70 60 46
4 71 61 47
4 72 63 45
4 73 63 49
4 74 64 44
4 75 65 49
4 76 65 51
4 77 67 49
4 78 67 51
4 79 68 50
4 80 70 54
4 81 70 52
4 82 71 47
4 83 72 52
4 84 72 56
4 85 74 50
4 86 74 54
4 87 75 53
4 88 77 59
4 89 77 59
4 9 7 5
4 90 78 56
4 91 79 57
4 92 79 59
4 93 81 61
4 94 81 59
4 95 82 56
4 96 84 62
4 97 84 64
4 98 85 61
4 99 86 64
5 100 100 50
5 101 98 56
5 102 102 54
5 103 100 56
5 104 104 54
5 105 102 56
5 106 106 54
5 107 104 56
5 108 108 56
5 109 106 58
5 11 8 6
5 110 110 58
5 111 108 58
5 112 112 58
5 113 110 60
5 114 114 60
5 115 112 60
5 116 116 62
5 117 114 64
5 118 118 64
5 119 116 62
5 12 12 6
5 120 120 62
5 121 118 66
5 122 122 62
5 123 120 66
5 124 124 66
5 125 122 68
5 126 126 64
5 127 124 68
5 128 128 68
5 129 126 72
5 13 10 6
5 130 130 68
5 131 128 68
5 132 132 72
5 133 130 72
5 134 134 68
5 135 132 70
5 136 136 70
5 137 134 72
5 138 138 74
5 139 136 72
5 14 14 8
5 140 140 74
5 141 138 74
5 142 142 74
5 143 140 74
5 144 144 76
5 145 142 76
5 146 146 78
5 147 144 74
5 148 148 78
5 149 146 78
5 15 12 10
5 150 150 78
5 151 148 80
5 152 152 82
5 153 150 82
5 154 154 80
5 155 152 80
5 156 156 82
5 157 154 84
5 158 158 82
5 159 156 84
5 16 16 8
5 160 160 86
5 161 158 86
5 162 162 84
5 163 160 86
5 164 164 86
5 165 162 88
5 166 166 88
5 167 164 88
5 168 168 86
5 169 166 88
5 17 14 12
5 170 170 90
5 171 168 90
5 172 172 90
5 173 170 92
5 174 174 92
5 175 172 92
5 176 176 92
5 177 174 94
5 178 178 92
5 179 176 94
5 18 18 10
5 180 180 94
5 181 178 96
5 182 182 92
5 183 180 96
5 184 184 96
5 185 182 98
5 186 186 96
5 187 184 100
5 188 188 100
5 189 186 102
5 19 16 12
5 190 190 98
5 191 188 102
5 192 192 100
5 193 190 102
5 194 194 102
5 195 192 100
5 196 196 100
5 197 194 104
5 198 198 104
5 199 196 104
5 20 20 10
5 200 200 106
5 21 18 16
5 22 22 16
5 23 20 12
5 24 24 12
5 25 22 14
5 26 26 16
5 27 24 16
5 28 28 18
5 29 26 16
5 30 30 20
5 31 28 22
5 32 32 20
5 33 30 24
5 34 34 20
5 35 32 18
5 36 36 20
5 37 34 22
5 38 38 20
5 39 36 22
5 40 40 22
5 41 38 24
5 42 42 22
5 43 40 24
5 44 44 22
5 45 42 26
5 46 46 26
5 47 44 26
5 48 48 24
5 49 46 26
5 50 50 28
5 51 48 30
5 52 52 28
5 53 50 30
5 54 54 32
5 55 52 32
5 56 56 30
5 57 54 32
5 58 58 32
5 59 56 32
5 60 60 32
5 61 58 34
5 62 62 34
5 63 60 34
5 64 64 34
5 65 62 34
5 66 66 36
5 67 64 38
5 68 68 38
5 69 66 36
5 70 70 38
5 71 68 36
5 72 72 38
5 73 70 40
5 74 74 40
5 75 72 40
5 76 76 40
5 77 74 40
5 78 78 44
5 79 76 42
5 80 80 44
5 81 78 44
5 82 82 46
5 83 80 44
5 84 84 44
5 85 82 44
5 86 86 46
5 87 84 44
5 88 88 48
5 89 86 48
5 90 90 48
5 91 88 48
5 92 92 50
5 93 90 50
5 94 94 48
5 95 92 50
5 96 96 52
5 97 94 52
5 98 98 48
5 99 96 52
6 100 90 60
6 101 92 60
6 102 91 61
6 103 94 62
6 104 93 65
6 105 95 61
6 106 96 64
6 107 96 64
6 108 99 67
6 109 98 66
6 110 100 66
6 111 100 62
6 112 101 67
6 113 103 65
6 114 102 68
6 115 105 69
6 116 104 68
6 117 106 70
6 118 107 71
6 119 107 71
6 120 110 72
6 121 109 71
6 122 111 71
6 123 111 73
6 124 112 72
6 125 114 74
6 126 113 73
6 127 116 74
6 128 115 75
6 129 117 75
6 13 10 10
6 130 118 78
6 131 118 78
6 132 121 77
6 133 120 78
6 134 122 78
6 135 122 80
6 136 123 81
6 137 125 81
6 138 124 80
6 139 127 79
6 14 12 10
6 140 126 82
6 141 128 84
6 142 129 83
6 143 129 85
6 144 132 84
6 145 131 83
6 146 133 85
6 147 133 85
6 148 134 88
6 149 136 86
6 15 12 8
6 150 135 89
6 151 138 90
6 152 137 89
6 153 139 91
6 154 140 90
6 155 140 90
6 156 143 91
6 157 142 92
6 158 144 92
6 159 144 94
6 16 13 11
6 160 145 93
6 161 147 93
6 162 146 94
6 163 149 95
6 164 148 96
6 165 150 94
6 166 151 99
6 167 151 97
6 168 154 100
6 169 153 99
6 17 15 11
6 170 155 95
6 171 155 99
6 172 156 102
6 173 158 100
6 174 157 101
6 175 160 102
6 176 159 101
6 177 161 101
6 178 162 104
6 179 162 104
6 18 14 14
6 180 165 105
6 181 164 106
6 182 166 106
6 183 166 102
6 184 167 107
6 185 169 107
6 186 168 108
6 187 171 111
6 188 170 110
6 189 172 106
6 19 17 9
6 190 173 111
6 191 173 111
6 192 176 114
6 193 175 113
6 194 177 115
6 195 177 113
6 196 178 112
6 197 180 112
6 198 179 115
6 199 182 116
6 20 16 14
6 200 181 115
6 21 18 14
6 22 19 15
6 23 19 15
6 24 22 14
6 25 21 17
6 26 23 17
6 27 23 17
6 28 24 18
6 29 26 16
6 30 25 17
6 31 28 22
6 32 27 19
6 33 29 19
6 34 30 20
6 35 30 22
6 36 33 21
6 37 32 22
6 38 34 22
6 39 34 22
6 40 35 25
6 41 37 25
6 42 36 26
6 43 39 25
6 44 38 30
6 45 40 28
6 46 41 29
6 47 41 29
6 48 44 28
6 49 43 31
6 50 45 27
6 51 45 31
6 52 46 32
6 53 48 32
6 54 47 33
6 55 50 32
6 56 49 33
6 57 51 35
6 58 52 36
6 59 52 36
6 60 55 37
6 61 54 38
6 62 56 38
6 63 56 40
6 64 57 41
6 65 59 39
6 66 58 38
6 67 61 43
6 68 60 40
6 69 62 42
6 70 63 43
6 71 63 43
6 72 66 44
6 73 65 45
6 74 67 41
6 75 67 43
6 76 68 42
6 77 70 48
6 78 69 47
6 79 72 48
6 80 71 47
6 81 73 47
6 82 74 52
6 83 74 54
6 84 77 51
6 85 76 50
6 86 78 52
6 87 78 52
6 88 79 53
6 89 81 53
6 90 80 56
6 91 83 53
6 92 82 56
6 93 84 52
6 94 85 55
6 95 85 57
6 96 88 60
6 97 87 59
6 98 89 57
6 99 89 55
7 100 100 56
7 101 97 59
7 102 102 56
7 103 99 57
7 104 104 58
7 105 101 57
7 106 106 64
7 107 103 59
7 108 108 58
7 109 105 59
7 110 110 60
7 111 107 59
7 112 112 56
7 113 109 61
7 114 114 60
7 115 111 61
7 116 116 62
7 117 113 65
7 118 118 68
7 119 115 65
7 120 120 68
7 121 117 71
7 122 122 68
7 123 119 69
7 124 124 64
7 125 121 65
7 126 126 68
7 127 123 67
7 128 128 68
7 129 125 69
7 130 130 68
7 131 127 71
7 132 132 70
7 133 129 71
7 134 134 72
7 135 131 73
7 136 136 76
7 137 133 73
7 138 138 76
7 139 135 75
7 140 140 74
7 141 137 77
7 142 142 74
7 143 139 77
7 144 144 74
7 145 141 75
7 146 146 76
7 147 143 77
7 148 148 82
7 149 145 81
7 15 12 10
7 150 150 80
7 16 16 12
7 17 14 12
7 18 18 10
7 19 15 13
7 20 20 10
7 21 17 15
7 22 22 10
7 23 19 15
7 24 24 14
7 25 21 15
7 26 26 18
7 27 23 17
7 28 28 14
7 29 25 17
7 30 30 16
7 31 27 19
7 32 32 18
7 33 29 19
7 34 34 20
7 35 31 21
7 36 36 20
7 37 33 23
7 38 38 22
7 39 35 27
7 40 40 22
7 41 37 25
7 42 42 28
7 43 39 25
7 44 44 24
7 45 41 25
7 46 46 26
7 47 43 29
7 48 48 28
7 49 45 29
7 50 50 26
7 51 47 27
7 52 52 28
7 53 49 33
7 54 54 32
7 55 51 31
7 56 56 32
7 57 53 33
7 58 58 32
7 59 55 37
7 60 60 32
7 61 57 35
7 62 62 34
7 63 59 37
7 64 64 32
7 65 61 37
7 66 66 36
7 67 63 39
7 68 68 38
7 69 65 43
7 70 70 40
7 71 67 41
7 72 72 40
7 73 69 41
7 74 74 40
7 75 71 41
7 76 76 42
7 77 73 43
7 78 78 44
7 79 75 43
7 80 80 42
7 81 77 45
7 82 82 48
7 83 79 49
7 84 84 46
7 85 81 49
7 86 86 48
7 87 83 49
7 88 88 48
7 89 85 49
7 90 90 54
7 91 87 51
7 92 92 48
7 93 89 51
7 94 94 52
7 95 91 51
7 96 96 52
7 97 93 55
7 98 98 50
7 99 95 53
8 100 92 58
8 101 93 55
8 102 93 57
8 103 96 60
8 104 94 58
8 105 98 60
8 106 96 62
8 107 99 61
8 108 99 59
8 109 100 60
8 110 102 64
8 111 101 63
8 112 105 63
8 113 103 63
8 114 106 64
8 115 105 63
8 116 107 67
8 117 108 66
8 118 108 64
8 119 111 69
8 120 109 67
8 121 113 71
8 122 111 69
8 123 114 72
8 124 114 70
8 125 115 69
8 126 117 69
8 127 116 74
8 128 120 70
8 129 118 72
8 130 121 73
8 131 120 74
8 132 122 76
8 133 123 73
8 134 123 77
8 135 126 76
8 136 124 78
8 137 128 76
8 138 126 76
8 139 129 79
8 140 129 77
8 141 130 78
8 142 132 78
8 143 131 77
8 144 135 83
8 145 133 83
8 146 136 84
8 147 135 83
8 148 137 85
8 149 138 82
8 150 138 82
8 17 13 11
8 18 16 12
8 19 15 13
8 20 17 13
8 21 18 16
8 22 18 12
8 23 21 11
8 24 19 15
8 25 23 13
8 26 21 17
8 27 24 16
8 28 24 20
8 29 25 19
8 30 27 19
8 31 26 20
8 32 30 20
8 33 28 22
8 34 31 21
8 35 30 20
8 36 32 22
8 37 33 21
8 38 33 21
8 39 36 22
8 40 34 24
8 41 38 24
8 42 36 28
8 43 39 25
8 44 39 27
8 45 40 26
8 46 42 26
8 47 41 29
8 48 45 29
8 49 43 31
8 50 46 28
8 51 45 35
8 52 47 35
8 53 48 28
8 54 48 28
8 55 51 31
8 56 49 31
8 57 53 33
8 58 51 35
8 59 54 34
8 60 54 34
8 61 55 37
8 62 57 37
8 63 56 36
8 64 60 36
8 65 58 36
8 66 61 37
8 67 60 42
8 68 62 40
8 69 63 39
8 70 63 39
8 71 66 40
8 72 64 42
8 73 68 44
8 74 66 44
8 75 69 43
8 76 69 45
8 77 70 42
8 78 72 44
8 79 71 41
8 80 75 45
8 81 73 47
8 82 76 48
8 83 75 49
8 84 77 47
8 85 78 50
8 86 78 50
8 87 81 49
8 88 79 49
8 89 83 51
8 90 81 49
8 91 84 52
8 92 84 50
8 93 85 53
8 94 87 53
8 95 86 52
8 96 90 54
8 97 88 58
8 98 91 59
8 99 90 58
9 100 100 56
9 101 96 58
9 102 102 56
9 103 98 60
9 104 104 60
9 105 100 62
9 106 106 60
9 107 102 60
9 108 108 62
9 109 104 64
9 110 110 60
9 111 106 62
9 112 112 60
9 113 108 62
9 114 114 60
9 115 110 66
9 116 116 66
9 117 112 66
9 118 118 60
9 119 114 66
9 120 120 68
9 19 15 13
9 20 20 10
9 21 17 13
9 22 22 16
9 23 20 12
9 24 24 14
9 25 20 18
9 26 26 12
9 27 22 18
9 28 28 14
9 29 24 18
9 30 30 20
9 31 27 19
9 32 32 18
9 33 28 22
9 34 34 20
9 35 30 20
9 36 36 18
9 37 32 24
9 38 38 24
9 39 34 26
9 40 40 22
9 41 36 22
9 42 42 26
9 43 38 28
9 44 44 22
9 45 40 22
9 46 46 26
9 47 42 28
9 48 48 28
9 49 44 32
9 50 50 28
9 51 46 32
9 52 52 28
9 53 48 32
9 54 54 36
9 55 50 32
9 56 56 32
9 57 52 36
9 58 58 34
9 59 54 38
9 60 60 32
9 61 56 38
9 62 62 34
9 63 58 38
9 64 64 32
9 65 60 38
9 66 66 34
9 67 62 38
9 68 68 38
9 69 64 40
9 70 70 40
9 71 66 40
9 72 72 40
9 73 68 44
9 74 74 40
9 75 70 46
9 76 76 42
9 77 72 48
9 78 78 42
9 79 74 44
9 80 80 44
9 81 76 48
9 82 82 42
9 83 78 46
9 84 84 46
9 85 80 52
9 86 86 48
9 87 82 50
9 88 88 50
9 89 84 50
9 90 90 50
9 91 86 54
9 92 92 54
9 93 88 52
9 94 94 52
9 95 90 54
9 96 96 54
9 97 92 56
9 98 98 56
9 99 94 56
