4 141 [(1, 6), (1, 7), (1, 8), (1, 10), (1, 11), (1, 12), (1, 14), (1, 15), (1, 16), (1, 18), (1, 19), (1, 20), (1, 22), (1, 23), (1, 24), (1, 26), (1, 27), (1, 28), (1, 30), (1, 31)]
5 149 [(1, 5), (1, 6), (1, 7), (1, 8), (1, 9), (1, 10), (1, 11), (1, 12), (1, 13), (1, 14), (1, 15), (1, 16), (1, 17), (1, 18), (1, 19), (1, 20), (1, 21), (1, 22), (1, 23), (1, 24)]
6 97 [(1, 7), (1, 8), (1, 11), (1, 12), (1, 15), (1, 16), (1, 19), (1, 20), (1, 23), (1, 24), (1, 27), (1, 28), (1, 31), (1, 32), (1, 35), (1, 36), (1, 39), (1, 40), (1, 43), (1, 44)]
7 142 [(1, 5), (1, 7), (1, 8), (1, 9), (1, 11), (1, 12), (1, 13), (1, 15), (1, 16), (1, 17), (1, 19), (1, 20), (1, 21), (1, 23), (1, 24), (1, 25), (1, 27), (1, 28), (1, 29), (1, 31)]
8 128 [(1, 5), (1, 7), (1, 8), (1, 9), (1, 11), (1, 12), (1, 13), (1, 15), (1, 16), (1, 17), (1, 19), (1, 20), (1, 21), (1, 23), (1, 24), (1, 25), (1, 27), (1, 28), (1, 29), (1, 31)]
9 111 [(1, 5), (1, 8), (1, 9), (1, 12), (1, 13), (1, 16), (1, 17), (1, 20), (1, 21), (1, 24), (1, 25), (1, 28), (1, 29), (1, 32), (1, 33), (1, 36), (1, 37), (1, 40), (1, 41), (1, 44)]
10 93 [(1, 5), (1, 8), (1, 9), (1, 12), (1, 13), (1, 16), (1, 17), (1, 20), (1, 21), (1, 24), (1, 25), (1, 28), (1, 29), (1, 32), (1, 33), (1, 36), (1, 37), (1, 40), (1, 41), (1, 44)]
11 49 [(1, 5), (1, 9), (1, 13), (1, 17), (1, 21), (1, 25), (1, 29), (1, 33), (1, 37), (1, 41), (1, 45), (1, 49), (1, 53), (1, 57), (1, 61), (1, 65), (1, 69), (1, 73), (1, 77), (1, 81)]
12 26 [(1, 5), (1, 9), (1, 13), (1, 17), (1, 21), (1, 25), (1, 29), (1, 33), (1, 37), (1, 41), (1, 45), (1, 49), (1, 53), (1, 57), (1, 61), (1, 65), (1, 69), (1, 73), (1, 77), (1, 81)]
13 53 [(1, 6), (1, 9), (1, 10), (1, 13), (1, 14), (1, 17), (1, 18), (1, 21), (1, 22), (1, 25), (1, 26), (1, 29), (1, 30), (1, 33), (1, 34), (1, 37), (1, 38), (1, 41), (1, 42), (1, 45)]
14 0 []
15 29 [(1, 6), (1, 10), (1, 14), (1, 18), (1, 22), (1, 26), (1, 30), (1, 34), (1, 38), (1, 42), (1, 46), (1, 50), (1, 54), (1, 58), (1, 62), (1, 66), (1, 70), (1, 74), (1, 78), (1, 82)]
16 0 []
17 0 []
18 0 []
19 0 []
20 0 []
21 0 []
22 0 []
23 0 []
24 0 []
25 0 []
26 0 []
27 0 []
28 0 []
29 0 []
