4 101 [(1, 6), (1, 7), (1, 8), (1, 10), (1, 11), (1, 12), (1, 14), (1, 15), (1, 16), (1, 18), (1, 19), (1, 20)]
5 109 [(1, 5), (1, 6), (1, 7), (1, 8), (1, 9), (1, 10), (1, 11), (1, 12), (1, 13), (1, 14), (1, 15), (1, 16)]
6 87 [(1, 6), (1, 7), (1, 8), (1, 10), (1, 11), (1, 12), (1, 14), (1, 15), (1, 16), (1, 18), (1, 19), (1, 20)]
7 139 [(1, 5), (1, 6), (1, 7), (1, 8), (1, 9), (1, 10), (1, 11), (1, 12), (1, 13), (1, 14), (1, 15), (1, 16)]
8 114 [(1, 5), (1, 7), (1, 8), (1, 9), (1, 11), (1, 12), (1, 13), (1, 15), (1, 16), (1, 17), (1, 19), (1, 20)]
9 104 [(1, 5), (1, 7), (1, 8), (1, 9), (1, 11), (1, 12), (1, 13), (1, 15), (1, 16), (1, 17), (1, 19), (1, 20)]
10 73 [(1, 5), (1, 8), (1, 9), (1, 12), (1, 13), (1, 16), (1, 17), (1, 20), (1, 21), (1, 24), (1, 25), (1, 28)]
11 58 [(1, 5), (1, 8), (1, 9), (1, 12), (1, 13), (1, 16), (1, 17), (1, 20), (1, 21), (1, 24), (1, 25), (1, 28)]
12 21 [(1, 5), (1, 9), (1, 13), (1, 17), (1, 21), (1, 25), (1, 29), (1, 33), (1, 37), (1, 41), (1, 45), (1, 49)]
13 44 [(1, 5), (1, 6), (1, 9), (1, 10), (1, 13), (1, 14), (1, 17), (1, 18), (1, 21), (1, 22), (1, 25), (1, 26)]
14 46 [(1, 5), (1, 6), (1, 9), (1, 10), (1, 13), (1, 14), (1, 17), (1, 18), (1, 21), (1, 22), (1, 25), (1, 26)]
15 24 [(1, 6), (1, 10), (1, 14), (1, 18), (1, 22), (1, 26), (1, 30), (1, 34), (1, 38), (1, 42), (1, 46), (1, 50)]
16 25 [(1, 6), (1, 10), (1, 14), (1, 18), (1, 22), (1, 26), (1, 30), (1, 34), (1, 38), (1, 42), (1, 46), (1, 50)]
17 26 [(1, 6), (1, 10), (1, 14), (1, 18), (1, 22), (1, 26), (1, 30), (1, 34), (1, 38), (1, 42), (1, 46), (1, 50)]
18 0 []
19 0 []
20 0 []
21 0 []
22 0 []
23 0 []
24 0 []
25 0 []
26 0 []
27 0 []
28 0 []
29 0 []
30 0 []
31 0 []
32 0 []
33 0 []
34 0 []
35 0 []
36 0 []
37 0 []
38 0 []
39 0 []
40 0 []
41 0 []
42 0 []
43 0 []
44 0 []
45 0 []
46 0 []
47 0 []
48 0 []
49 0 []
50 0 []
51 0 []
52 0 []
53 0 []
54 0 []
55 0 []
56 0 []
57 0 []
58 0 []
59 0 []
