1926 31 25 36 903 59 962 962 -1 True 2 1806
8337 120 85 128 2074 2094 4168 4168 -1 True 2 4148
3175 61 37 52 1575 12 1587 1587 -1 True 1 3149
11977 37 24 25 4669 1319 5988 5988 -1 True 2 9338
11699 104 85 90 4174 1675 5849 5849 -1 True 1 8347
10405 125 75 120 4539 663 5202 5202 -1 True 2 9078
5817 92 56 81 551 2356 2908 2907 -1 True 2 1102
5433 52 26 41 1843 873 2716 2716 -1 True 2 3686
4230 140 109 116 1912 203 2115 2115 -1 True 1 3823
9628 85 53 78 4765 49 4814 4814 -1 True 1 9529
6209 95 74 103 3019 85 3104 3104 -1 True 2 6038
2243 23 21 22 1116 5 1121 1121 -1 True 1 2231
2005 94 85 90 994 8 1002 1002 -1 True 2 1988
4189 49 28 41 1212 882 2094 2094 -1 True 2 2424
1727 22 11 18 536 327 863 863 -1 True 2 1072
11568 96 65 94 5288 496 5784 5784 -1 True 1 10575
6421 29 22 23 3034 176 3210 3210 -1 True 1 6067
7293 129 71 76 284 3362 3646 3646 -1 True 2 568
3801 103 74 105 1316 584 1900 1900 -1 True 2 2632
11668 111 92 129 2815 3018 5833 5833 -1 True 2 5630
9741 32 23 30 4740 130 4870 4870 -1 True 1 9479
5594 73 57 86 2796 0 2796 2796 -1 True 2 5592
5034 40 17 18 2099 418 2517 2517 -1 True 1 4197
10751 74 52 75 5359 16 5375 5375 -1 True 1 10717
7315 130 96 151 3657 0 3657 3657 -1 True 2 7314
8577 127 105 150 1555 2733 4288 4288 -1 True 2 3110
10415 128 87 124 5201 6 5207 5207 -1 True 2 10402
9793 26 14 15 4824 72 4896 4896 -1 True 2 9648
1876 44 31 32 387 551 938 938 -1 True 1 773
8271 93 59 92 1587 2548 4135 4135 -1 True 2 3174
5614 114 95 136 926 1881 2807 2807 -1 True 1 1851
3660 140 113 120 1720 109 1829 1829 -1 True 2 3440
5391 63 51 54 2694 1 2695 2695 -1 True 1 5387
1190 89 78 111 589 5 594 594 -1 True 2 1178
8199 63 50 69 2678 1421 4099 4099 -1 True 1 5355
7694 64 43 64 3779 67 3846 3846 -1 True 2 7558
10349 55 32 51 414 4760 5174 5174 -1 True 2 828
10411 67 35 38 5112 93 5205 5205 -1 True 1 10223
11021 118 85 92 5509 1 5510 5510 -1 True 2 11018
4854 124 109 148 1760 667 2427 2427 -1 True 1 3519
2393 67 53 78 1192 4 1196 1196 -1 True 2 2384
7092 41 30 43 2693 852 3545 3545 -1 True 2 5386
11483 47 31 46 4905 836 5741 5741 -1 True 1 9809
10779 54 37 52 5085 304 5389 5389 -1 True 2 10170
3271 73 62 83 1535 100 1635 1635 -1 True 1 3069
7136 135 105 156 2559 1009 3568 3568 -1 True 1 5117
1728 124 85 92 863 0 863 863 -1 True 2 1726
5096 123 104 145 2325 223 2548 2548 -1 True 1 4649
1936 34 21 34 967 0 967 967 -1 True 2 1934
10830 44 37 48 2989 2425 5414 5414 -1 True 2 5978
4088 139 86 127 1959 84 2043 2043 -1 True 2 3918
11564 114 90 125 5767 14 5781 5781 -1 True 2 11534
8158 56 24 39 3979 100 4079 4079 -1 True 1 7957
1299 57 44 47 649 0 649 649 -1 True 1 1297
6936 71 49 72 3459 8 3467 3467 -1 True 2 6918
7871 37 19 20 3415 520 3935 3935 -1 True 1 6829
1435 102 71 76 706 11 717 717 -1 True 1 1411
3740 50 45 60 1618 252 1870 1870 -1 True 1 3235
10008 124 83 90 5001 3 5004 5004 -1 True 1 10001
2014 117 79 84 442 564 1006 1006 -1 True 2 884
