21 19 190 193 10 0 10 10 -1 True 1 19
50 98 333 360 24 0 24 24 -1 True 2 48
7 109 2825 2852 2 1 3 3 -1 True 1 3
63 102 273 306 17 14 31 31 -1 True 1 33
56 91 299 332 21 6 27 27 -1 True 2 42
74 44 89 102 36 0 36 36 -1 True 2 72
67 97 239 244 33 0 33 33 -1 True 1 65
58 91 263 288 26 2 28 28 -1 True 2 52
118 40 53 62 16 43 59 59 -1 True 1 31
5 128 5250 5271 1 1 2 2 -1 True 2 2
67 75 174 197 32 1 33 33 -1 True 2 64
109 84 125 130 54 0 54 54 -1 True 2 108
45 133 502 509 18 4 22 22 -1 True 2 36
9 55 1253 1266 2 2 4 4 -1 True 1 3
66 24 69 76 32 0 32 32 -1 True 2 64
116 102 137 176 58 0 58 58 -1 True 1 115
73 108 236 273 36 0 36 36 -1 True 1 71
88 129 227 282 43 0 43 43 -1 True 2 86
120 96 139 144 53 6 59 59 -1 True 2 106
78 94 173 202 38 0 38 38 -1 True 2 76
9 57 1143 1144 4 0 4 4 -1 True 1 7
76 7 14 15 35 0 38 35 -1 True 7 75
69 28 67 68 32 2 34 34 -1 True 1 63
58 132 409 416 27 1 28 28 -1 True 2 54
78 134 271 320 38 1 39 39 -1 True 1 75
80 74 146 169 37 2 39 39 -1 True 2 74
86 130 204 241 39 3 42 42 -1 True 2 78
107 54 92 95 53 0 53 53 -1 True 2 106
81 18 36 41 40 0 40 40 -1 True 2 80
34 68 317 340 16 0 16 16 -1 True 2 32
79 43 89 100 9 30 39 39 -1 True 2 18
81 126 261 268 40 0 40 40 -1 True 1 79
48 54 198 213 24 0 24 24 -1 True 1 47
51 46 155 176 25 0 25 25 -1 True 1 49
111 43 58 71 46 9 55 55 -1 True 2 92
88 30 58 65 10 33 43 43 -1 True 2 20
75 17 36 41 15 22 37 37 -1 True 1 29
47 42 164 175 23 0 23 23 -1 True 1 45
59 119 349 380 27 2 29 29 -1 True 1 53
69 20 57 58 34 0 34 34 -1 True 2 68
41 119 516 553 20 0 20 20 -1 True 2 40
36 59 292 317 16 2 18 18 -1 True 1 31
22 97 835 866 10 1 11 11 -1 True 1 19
93 12 21 22 46 0 46 46 -1 True 2 92
103 3 6 7 46 0 51 46 -1 True 1 91
63 21 57 64 28 3 31 31 -1 True 1 55
17 98 1111 1136 7 1 8 8 -1 True 2 14
27 32 270 279 3 10 13 13 -1 True 1 5
16 35 372 383 7 0 7 7 -1 True 2 14
59 128 378 421 29 0 29 29 -1 True 1 57
26 35 235 246 12 0 12 12 -1 True 2 24
54 32 92 93 26 1 27 27 -1 True 1 51
35 76 433 436 14 3 17 17 -1 True 1 27
98 96 130 135 44 5 49 49 -1 True 1 87
60 102 307 336 23 6 29 29 -1 True 2 46
11 92 1561 1590 2 3 5 5 -1 True 1 3
112 16 23 26 23 32 55 55 -1 True 2 46
63 90 230 267 31 0 31 31 -1 True 1 61
104 70 94 117 35 17 52 52 -1 True 1 69
64 51 128 143 31 0 31 31 -1 True 2 62
32 131 781 820 13 2 15 15 -1 True 2 26
24 37 279 292 10 2 12 12 -1 True 1 19
15 107 1254 1259 7 0 7 7 -1 True 1 13
90 21 28 35 44 1 45 45 -1 True 1 87
103 128 191 236 41 10 51 51 -1 True 1 81
93 35 40 53 46 0 46 46 -1 True 1 91
10 58 1048 1049 4 0 4 4 -1 True 2 8
71 46 133 134 10 25 35 35 -1 True 1 19
19 87 899 902 4 5 9 9 -1 True 1 7
5 76 3234 3257 2 0 2 2 -1 True 1 3
85 90 187 192 42 0 42 42 -1 True 2 84
90 11 20 23 43 2 45 45 -1 True 1 85
50 102 361 366 13 12 25 25 -1 True 1 25
52 97 351 386 25 0 25 25 -1 True 2 50
63 116 288 329 25 6 31 31 -1 True 1 49
59 31 103 112 29 0 29 29 -1 True 1 57
70 74 173 196 21 14 35 35 -1 True 1 41
7 87 2488 2503 3 0 3 3 -1 True 2 6
79 72 142 145 16 23 39 39 -1 True 1 31
96 27 45 52 46 2 48 48 -1 True 1 91
21 34 311 322 10 0 10 10 -1 True 1 19
42 36 182 191 3 18 21 21 -1 True 1 5
74 114 283 314 36 0 36 36 -1 True 2 72
53 27 87 94 26 0 26 26 -1 True 1 51
107 55 70 87 52 1 53 53 -1 True 2 104
12 57 904 919 3 3 6 6 -1 True 1 5
31 119 690 723 15 0 15 15 -1 True 1 29
74 23 56 57 37 0 37 37 -1 True 1 73
24 34 248 261 12 0 12 12 -1 True 1 23
15 71 863 878 3 4 7 7 -1 True 1 5
44 79 331 360 15 6 21 21 -1 True 2 30
28 113 765 800 14 0 14 14 -1 True 1 27
29 82 527 556 14 0 14 14 -1 True 2 28
54 118 420 453 21 5 26 26 -1 True 2 42
80 76 158 187 40 0 40 40 -1 True 1 79
48 9 34 37 17 6 23 23 -1 True 2 34
110 71 76 97 45 9 54 54 -1 True 2 90
91 6 14 17 45 0 45 45 -1 True 1 89
118 15 25 26 57 2 59 59 -1 True 1 113
20 98 951 982 10 0 10 10 -1 True 1 19
63 136 361 368 13 18 31 31 -1 True 1 25
79 74 170 191 39 0 39 39 -1 True 1 77
88 48 79 92 36 7 43 43 -1 True 2 72
50 46 163 178 24 0 24 24 -1 True 2 48
116 132 167 220 57 0 57 57 -1 True 2 114
57 68 220 243 28 0 28 28 -1 True 2 56
96 12 15 16 47 0 47 47 -1 True 2 94
17 134 1482 1521 4 4 8 8 -1 True 2 8
63 21 68 73 23 8 31 31 -1 True 2 46
36 111 607 636 14 3 17 17 -1 True 2 28
30 26 168 177 15 0 15 15 -1 True 1 29
44 136 508 545 21 0 21 21 -1 True 2 42
88 77 147 150 19 25 44 44 -1 True 1 37
97 54 86 105 45 3 48 48 -1 True 2 90
52 27 101 110 26 0 26 26 -1 True 1 51
118 13 17 20 47 11 58 58 -1 True 2 94
61 126 341 378 26 4 30 30 -1 True 2 52
8 127 3222 3265 4 0 4 4 -1 True 1 7
120 13 13 18 19 41 60 60 -1 True 1 37
69 80 186 207 17 17 34 34 -1 True 2 34
83 111 213 252 40 1 41 41 -1 True 2 80
101 74 106 109 30 20 50 50 -1 True 2 60
119 50 55 70 48 11 59 59 -1 True 2 96
33 104 562 591 16 0 16 16 -1 True 2 32
26 101 658 689 12 0 12 12 -1 True 2 24
107 80 126 147 52 1 53 53 -1 True 1 103
63 44 137 138 6 25 31 31 -1 True 2 12
120 101 121 160 54 5 59 59 -1 True 2 108
82 38 100 111 41 0 41 41 -1 True 1 81
27 76 463 466 8 5 13 13 -1 True 2 16
75 81 161 192 10 27 37 37 -1 True 1 19
33 41 230 243 16 0 16 16 -1 True 1 31
120 71 88 109 48 12 60 60 -1 True 1 95
30 86 527 550 14 0 14 14 -1 True 2 28
93 61 110 113 46 0 46 46 -1 True 2 92
37 44 220 231 9 9 18 18 -1 True 2 18
102 96 134 165 50 0 50 50 -1 True 2 100
84 72 145 172 39 3 42 42 -1 True 1 77
5 140 5510 5511 1 0 2 1 0 True 4 4
91 49 87 104 44 1 45 45 -1 True 2 88
109 9 9 10 22 32 54 54 -1 True 1 43
42 97 467 472 11 9 20 20 -1 True 2 22
94 66 98 119 18 29 47 47 -1 True 1 35
46 85 350 375 23 0 23 23 -1 True 1 45
117 28 24 33 58 0 58 58 -1 True 2 116
72 130 281 332 35 0 35 35 -1 True 2 70
6 115 3698 3725 3 0 3 3 -1 True 1 5
84 13 19 22 26 15 41 41 -1 True 2 52
107 135 197 236 53 0 53 53 -1 True 1 105
75 57 147 150 37 0 37 37 -1 True 1 73
63 30 78 79 31 0 31 31 -1 True 1 61
31 46 300 303 15 0 15 15 -1 True 2 30
4 86 4730 4739 2 0 2 2 -1 True 1 3
27 122 820 827 13 0 13 13 -1 True 2 26
55 134 428 435 25 2 27 27 -1 True 2 50
63 57 193 196 31 0 31 31 -1 True 1 61
10 35 582 583 5 0 5 5 -1 True 1 9
77 19 35 36 38 0 38 38 -1 True 2 76
30 97 557 562 15 0 15 15 -1 True 1 29
57 100 295 334 28 0 28 28 -1 True 2 56
88 114 223 254 30 13 43 43 -1 True 2 60
38 137 680 733 18 0 18 18 -1 True 2 36
63 8 27 28 12 19 31 31 -1 True 1 23
34 41 192 205 6 10 16 16 -1 True 2 12
50 92 279 308 24 1 25 25 -1 True 1 47
10 7 120 121 5 0 5 5 -1 True 1 9
119 32 56 57 48 11 59 59 -1 True 2 96
78 43 87 100 39 0 39 39 -1 True 1 77
64 87 266 293 32 0 32 32 -1 True 1 63
54 128 409 454 26 0 26 26 -1 True 2 52
66 100 232 261 18 15 33 33 -1 True 1 35
34 104 637 672 13 3 16 16 -1 True 2 26
28 111 732 737 9 4 13 13 -1 True 2 18
55 47 153 166 20 7 27 27 -1 True 1 39
57 122 348 395 28 0 28 28 -1 True 2 56
31 129 786 821 1 14 15 15 -1 True 1 1
27 7 61 62 7 0 13 7 -1 True 13 25
115 111 137 168 41 16 57 57 -1 True 1 81
27 54 385 388 13 0 13 13 -1 True 2 26
72 100 204 247 35 0 35 35 -1 True 2 70
78 57 118 143 39 0 39 39 -1 True 1 77
119 110 136 169 46 13 59 59 -1 True 1 91
92 110 205 212 45 0 45 45 -1 True 2 90
60 46 150 153 30 0 30 30 -1 True 1 59
97 27 51 52 43 5 48 48 -1 True 1 85
83 19 26 31 6 35 41 41 -1 True 1 11
107 31 44 45 50 3 53 53 -1 True 2 100
9 94 1949 1978 1 3 4 4 -1 True 1 1
111 75 101 122 28 27 55 55 -1 True 2 56
105 81 106 137 44 8 52 52 -1 True 2 88
25 113 892 929 12 0 12 12 -1 True 1 23
27 45 300 313 11 2 13 13 -1 True 2 22
80 87 164 193 19 21 40 40 -1 True 1 37
100 123 161 208 49 0 49 49 -1 True 2 98
46 112 400 407 23 0 23 23 -1 True 1 45
96 37 49 58 47 0 47 47 -1 True 2 94
115 76 90 117 14 43 57 57 -1 True 2 28
81 51 109 112 40 0 40 40 -1 True 1 79
87 96 159 194 43 0 43 43 -1 True 1 85
76 94 227 232 37 0 37 37 -1 True 2 74
26 109 835 864 6 7 13 13 -1 True 1 11
15 106 1281 1284 2 5 7 7 -1 True 1 3
12 98 1744 1747 5 0 5 5 -1 True 2 10
99 116 179 216 43 6 49 49 -1 True 1 85
102 28 30 37 45 6 51 51 -1 True 1 89
59 115 339 388 13 16 29 29 -1 True 2 26
33 59 342 345 16 0 16 16 -1 True 2 32
108 76 104 107 22 31 53 53 -1 True 2 44
76 115 224 271 37 1 38 38 -1 True 1 73
107 65 106 109 49 4 53 53 -1 True 2 98
79 14 25 26 39 0 39 39 -1 True 2 78
12 35 564 565 5 0 5 5 -1 True 2 10
10 69 1458 1481 2 3 5 5 -1 True 1 3
58 42 141 142 6 22 28 28 -1 True 2 12
105 140 224 261 52 0 52 52 -1 True 1 103
114 131 138 187 7 50 57 57 -1 True 1 13
66 42 129 146 27 6 33 33 -1 True 1 53
4 24 1175 1176 1 0 1 1 -1 True 2 2
39 79 347 374 19 0 19 19 -1 True 1 37
69 117 285 324 5 29 34 34 -1 True 2 10
64 40 93 106 32 0 32 32 -1 True 1 63
34 24 126 131 17 0 17 17 -1 True 1 33
97 34 56 65 31 17 48 48 -1 True 2 62
7 5 191 194 3 0 3 3 -1 True 2 6
10 94 1955 1978 3 2 5 5 -1 True 1 5
22 106 959 964 11 0 11 11 -1 True 1 21
110 119 178 217 54 0 54 54 -1 True 2 108
68 37 110 111 24 9 33 33 -1 True 2 48
95 22 28 35 45 2 47 47 -1 True 2 90
86 35 67 68 17 25 42 42 -1 True 2 34
89 72 147 150 38 6 44 44 -1 True 2 76
64 85 238 267 25 6 31 31 -1 True 2 50
79 36 70 83 39 0 39 39 -1 True 1 77
59 30 93 94 24 5 29 29 -1 True 2 48
59 121 344 389 19 10 29 29 -1 True 2 38
45 133 554 561 22 0 22 22 -1 True 1 43
63 20 55 60 29 2 31 31 -1 True 2 58
60 102 300 305 26 3 29 29 -1 True 2 52
90 99 203 208 39 5 44 44 -1 True 2 78
106 57 83 104 53 0 53 53 -1 True 1 105
25 66 506 509 11 1 12 12 -1 True 1 21
85 116 163 206 21 21 42 42 -1 True 1 41
68 27 62 67 9 24 33 33 -1 True 2 18
44 117 475 512 17 4 21 21 -1 True 2 34
55 22 58 65 23 4 27 27 -1 True 1 45
106 36 45 54 43 10 53 53 -1 True 1 85
61 126 349 356 30 0 30 30 -1 True 2 60
24 113 867 896 10 1 11 11 -1 True 2 20
37 19 91 96 18 0 18 18 -1 True 2 36
24 134 1013 1046 11 0 11 11 -1 True 2 22
96 81 118 143 31 17 48 48 -1 True 1 61
56 36 126 135 27 1 28 28 -1 True 1 53
36 73 400 421 18 0 18 18 -1 True 1 35
87 78 143 162 40 3 43 43 -1 True 2 80
102 97 119 156 18 32 50 50 -1 True 2 36
5 109 4462 4479 2 0 2 2 -1 True 2 4
10 36 760 769 4 0 4 4 -1 True 2 8
93 60 114 117 45 1 46 46 -1 True 2 90
15 127 1656 1691 6 1 7 7 -1 True 1 11
48 72 278 297 22 2 24 24 -1 True 1 43
103 73 110 113 38 13 51 51 -1 True 1 75
10 107 2115 2118 4 0 4 4 -1 True 2 8
31 56 331 334 15 0 15 15 -1 True 1 29
58 132 421 454 26 3 29 29 -1 True 1 51
35 25 108 115 16 1 17 17 -1 True 2 32
116 55 66 85 56 2 58 58 -1 True 1 111
33 11 57 58 8 8 16 16 -1 True 1 15
41 106 474 515 20 0 20 20 -1 True 2 40
66 87 188 211 29 3 32 32 -1 True 2 58
78 79 178 199 18 21 39 39 -1 True 1 35
91 65 134 137 42 3 45 45 -1 True 1 83
52 108 385 390 7 18 25 25 -1 True 2 14
114 10 13 16 56 0 56 56 -1 True 2 112
37 76 415 420 18 0 18 18 -1 True 1 35
10 90 1784 1785 3 2 5 5 -1 True 1 5
56 4 10 11 27 0 27 27 -1 True 2 54
104 132 183 234 26 25 51 51 -1 True 2 52
69 85 220 245 34 0 34 34 -1 True 1 67
59 100 283 312 26 3 29 29 -1 True 2 52
74 8 21 22 36 0 36 36 -1 True 2 72
39 69 329 348 11 8 19 19 -1 True 1 21
42 61 275 278 21 0 21 21 -1 True 1 41
77 36 71 82 35 3 38 38 -1 True 2 70
99 134 192 199 42 7 49 49 -1 True 1 83
92 49 72 85 42 4 46 46 -1 True 1 83
118 108 136 169 28 30 58 58 -1 True 2 56
112 129 168 213 44 11 55 55 -1 True 2 88
86 76 149 178 42 0 42 42 -1 True 2 84
84 127 253 292 41 0 41 41 -1 True 2 82
118 55 78 81 59 0 59 59 -1 True 1 117
59 9 22 23 29 0 29 29 -1 True 1 57
13 108 1660 1691 5 1 6 6 -1 True 1 9
16 77 915 918 8 0 8 8 -1 True 1 15
8 73 1782 1799 2 2 4 4 -1 True 1 3
85 48 63 78 39 3 42 42 -1 True 2 78
27 90 608 645 13 0 13 13 -1 True 1 25
17 29 322 323 8 0 8 8 -1 True 2 16
42 113 520 561 15 5 20 20 -1 True 2 30
21 81 821 826 10 0 10 10 -1 True 1 19
79 84 182 207 33 6 39 39 -1 True 1 65
