8775 54 21 44 1 1 1 1 1 1 1
3944 117 55 60 1 1 1 1 1 1 1
5384 119 54 91 1 1 1 1 1 1 1
5245 31 16 29 1 1 1 1 1 1 1
10026 58 20 23 1 1 1 1 1 1 1
3075 107 53 86 1 1 1 1 1 1 1
9151 108 48 77 1 1 1 1 1 1 1
12696 72 47 68 1 1 1 1 1 1 1
14381 135 53 58 1 1 1 1 1 1 1
13970 56 33 34 1 1 1 1 1 1 1
1784 140 55 94 1 1 1 1 1 1 1
4874 123 38 43 1 1 1 1 1 1 1
6395 100 49 88 1 1 1 1 1 1 1
5395 129 67 74 1 1 1 1 1 1 1
5273 100 31 58 1 1 1 1 1 1 1
1562 90 39 68 1 1 1 1 1 1 1
12641 133 44 45 1 1 1 1 1 1 1
12287 114 51 92 1 1 1 1 1 1 1
12671 116 45 86 1 1 1 1 1 1 1
9935 81 29 32 1 1 1 1 1 1 1
9051 88 25 50 1 1 1 1 1 1 1
13280 60 18 69 1 1 1 1 1 1 1
14267 61 24 27 1 1 1 1 1 1 1
1623 61 29 46 1 1 1 1 1 1 1
15758 112 45 76 1 1 1 1 1 1 1
15460 66 29 88 1 1 1 1 1 1 1
3822 34 17 28 1 1 1 1 1 1 1
1594 40 20 31 1 1 1 1 1 1 1
2224 88 38 67 1 1 1 1 1 1 1
2401 51 21 40 1 1 1 1 1 1 1
2319 140 67 70 1 1 1 1 1 1 1
4178 81 27 30 1 1 1 1 1 1 1
3840 113 48 51 1 1 1 1 1 1 1
9095 95 34 37 1 1 1 1 1 1 1
5872 73 30 53 1 1 1 1 1 1 1
5051 99 29 66 1 1 1 1 1 1 1
11974 23 7 8 1 1 1 1 1 1 1
7386 67 27 46 1 1 1 1 1 1 1
5510 34 14 23 1 1 1 1 1 1 1
3568 91 40 65 1 1 1 1 1 1 1
13016 130 60 107 1 1 1 1 1 1 1
5537 82 37 58 1 1 1 1 1 1 1
8204 35 7 14 1 1 1 1 1 1 1
10790 33 16 17 1 1 1 1 1 1 1
7776 66 23 40 1 1 1 1 1 1 1
14718 88 37 42 1 1 1 1 1 1 1
3533 28 17 36 1 1 1 1 1 1 1
8822 136 34 79 1 1 1 1 1 1 1
7906 112 50 75 1 1 1 1 1 1 1
14672 72 26 45 1 1 1 1 1 1 1
11466 24 15 26 1 1 1 1 1 1 1
10014 63 33 36 1 1 1 1 1 1 1
13946 114 34 73 1 1 1 1 1 1 1
7459 85 38 67 1 1 1 1 1 1 1
11492 127 55 88 1 1 1 1 1 1 1
14799 132 62 97 1 1 1 1 1 1 1
13401 107 40 45 1 1 1 1 1 1 1
5670 126 66 115 1 1 1 1 1 1 1
3328 66 22 51 1 1 1 1 1 1 1
4416 135 50 99 1 1 1 1 1 1 1
4285 80 34 37 1 1 1 1 1 1 1
8907 41 11 46 1 1 1 1 1 1 1
9804 38 24 25 1 1 1 1 1 1 1
3062 51 11 12 1 1 1 1 1 1 1
12934 121 56 91 1 1 1 1 1 1 1
9337 44 19 28 1 1 1 1 1 1 1
11520 72 19 40 1 1 1 1 1 1 1
2563 105 26 59 1 1 1 1 1 1 1
4280 66 26 63 1 1 1 1 1 1 1
6294 113 49 90 1 1 1 1 1 1 1
10466 111 42 73 1 1 1 1 1 1 1
10922 91 32 57 1 1 1 1 1 1 1
10889 63 20 35 1 1 1 1 1 1 1
9405 27 10 17 1 1 1 1 1 1 1
12801 34 14 23 1 1 1 1 1 1 1
14027 48 10 23 1 1 1 1 1 1 1
11674 78 32 35 1 1 1 1 1 1 1
7698 83 41 78 1 1 1 1 1 1 1
2299 131 41 84 1 1 1 1 1 1 1
13269 51 16 17 1 1 1 1 1 1 1
9930 73 27 50 1 1 1 1 1 1 1
2307 69 27 30 1 1 1 1 1 1 1
6896 78 29 52 1 1 1 1 1 1 1
1984 100 49 78 1 1 1 1 1 1 1
6232 85 29 54 1 1 1 1 1 1 1
10848 43 18 19 1 1 1 1 1 1 1
5988 86 38 65 1 1 1 1 1 1 1
11530 36 14 25 1 1 1 1 1 1 1
12341 60 18 37 1 1 1 1 1 1 1
2741 94 48 85 1 1 1 1 1 1 1
15915 113 43 76 1 1 1 1 1 1 1
13364 73 30 53 1 1 1 1 1 1 1
15155 23 8 15 1 1 1 1 1 1 1
15289 131 58 97 1 1 1 1 1 1 1
3951 96 40 69 1 1 1 1 1 1 1
10302 92 48 53 1 1 1 1 1 1 1
3158 74 18 39 1 1 1 1 1 1 1
13489 131 43 80 1 1 1 1 1 1 1
15919 111 45 84 1 1 1 1 1 1 1
14845 20 9 22 1 1 1 1 1 1 1
13717 27 8 17 1 1 1 1 1 1 1
14762 110 45 50 1 1 1 1 1 1 1
5191 106 26 31 1 1 1 1 1 1 1
4281 93 33 62 1 1 1 1 1 1 1
9270 110 37 74 1 1 1 1 1 1 1
6802 119 48 89 1 1 1 1 1 1 1
4800 140 76 83 1 1 1 1 1 1 1
7141 123 41 72 1 1 1 1 1 1 1
4207 26 12 17 1 1 1 1 1 1 1
4984 48 18 39 1 1 1 1 1 1 1
1015 42 15 28 1 1 1 1 1 1 1
6528 51 16 35 1 1 1 1 1 1 1
12890 88 44 73 1 1 1 1 1 1 1
11199 67 27 50 1 1 1 1 1 1 1
12409 95 40 67 1 1 1 1 1 1 1
8983 99 36 59 1 1 1 1 1 1 1
13130 21 7 8 1 1 1 1 1 1 1
15307 94 58 93 1 1 1 1 1 1 1
14105 36 14 23 1 1 1 1 1 1 1
1922 84 37 42 1 1 1 1 1 1 1
15974 55 22 37 1 1 1 1 1 1 1
15858 66 18 33 1 1 1 1 1 1 1
13027 113 65 112 1 1 1 1 1 1 1
7459 32 5 14 1 1 1 1 1 1 1
7744 42 15 28 1 1 1 1 1 1 1
15654 111 32 73 1 1 1 1 1 1 1
6066 104 45 76 1 1 1 1 1 1 1
8628 37 15 26 1 1 1 1 1 1 1
2115 104 37 66 1 1 1 1 1 1 1
7692 89 34 61 1 1 1 1 1 1 1
13785 74 33 56 1 1 1 1 1 1 1
1076 129 28 33 1 1 1 1 1 1 1
4670 63 15 18 1 1 1 1 1 1 1
15041 69 14 37 1 1 1 1 1 1 1
14882 29 6 7 1 1 1 1 1 1 1
14308 128 53 86 1 1 1 1 1 1 1
7157 130 43 84 1 1 1 1 1 1 1
3025 68 34 37 1 1 1 1 1 1 1
5164 48 24 39 1 1 1 1 1 1 1
15977 77 34 35 1 1 1 1 1 1 1
2271 20 10 17 1 1 1 1 1 1 1
11030 137 49 56 1 1 1 1 1 1 1
2180 100 50 55 1 1 1 1 1 1 1
14220 47 19 26 1 1 1 1 1 1 1
7806 108 48 79 1 1 1 1 1 1 1
2168 131 48 95 1 1 1 1 1 1 1
2097 71 39 66 1 1 1 1 1 1 1
1741 42 21 22 1 1 1 1 1 1 1
4667 58 24 41 1 1 1 1 1 1 1
10639 56 26 35 1 1 1 1 1 1 1
13665 79 20 45 1 1 1 1 1 1 1
4935 41 15 30 1 1 1 1 1 1 1
4763 123 48 85 1 1 1 1 1 1 1
5084 56 21 22 1 1 1 1 1 1 1
11224 116 40 43 1 1 1 1 1 1 1
11561 137 54 113 1 1 1 1 1 1 1
8557 50 21 32 1 1 1 1 1 1 1
13989 52 20 35 1 1 1 1 1 1 1
12081 68 29 60 1 1 1 1 1 1 1
9473 125 42 137 1 1 1 1 1 1 1
11772 54 21 36 1 1 1 1 1 1 1
8020 134 57 76 1 1 1 1 1 1 1
8324 100 43 48 1 1 1 1 1 1 1
14535 70 15 42 1 1 1 1 1 1 1
8270 106 46 73 1 1 1 1 1 1 1
14840 127 49 72 1 1 1 1 1 1 1
15282 75 33 52 1 1 1 1 1 1 1
11188 110 38 83 1 1 1 1 1 1 1
7795 85 36 107 1 1 1 1 1 1 1
4572 73 34 53 1 1 1 1 1 1 1
10184 43 23 40 1 1 1 1 1 1 1
9573 103 47 94 1 1 1 1 1 1 1
14706 133 60 101 1 1 1 1 1 1 1
3106 53 23 24 1 1 1 1 1 1 1
12229 31 17 26 1 1 1 1 1 1 1
7448 126 36 133 1 1 1 1 1 1 1
10203 92 35 42 1 1 1 1 1 1 1
8200 98 33 38 1 1 1 1 1 1 1
12120 69 24 25 1 1 1 1 1 1 1
13344 82 39 62 1 1 1 1 1 1 1
7567 73 35 60 1 1 1 1 1 1 1
11131 70 33 54 1 1 1 1 1 1 1
6857 121 41 78 1 1 1 1 1 1 1
1589 25 3 10 1 1 1 1 1 1 1
7751 69 32 57 1 1 1 1 1 1 1
1364 73 21 24 1 1 1 1 1 1 1
7501 31 21 22 1 1 1 1 1 1 1
4639 51 17 36 1 1 1 1 1 1 1
11217 39 14 15 1 1 1 1 1 1 1
3345 66 30 75 1 1 1 1 1 1 1
4620 129 46 91 1 1 1 1 1 1 1
3649 73 36 65 1 1 1 1 1 1 1
14692 101 32 55 1 1 1 1 1 1 1
12511 88 32 63 1 1 1 1 1 1 1
2420 113 35 88 1 1 1 1 1 1 1
5705 71 19 42 1 1 1 1 1 1 1
11169 84 27 30 1 1 1 1 1 1 1
4162 64 23 70 1 1 1 1 1 1 1
1633 49 17 32 1 1 1 1 1 1 1
2179 81 55 76 1 1 1 1 1 1 1
