61 122 311 318 1 1 1 1 1 1 1
65 8 20 23 1 1 1 1 1 1 1
55 67 202 229 1 1 1 1 1 1 1
37 7 28 29 1 1 1 1 1 1 1
101 59 93 96 1 1 1 1 1 1 1
58 134 444 481 1 1 1 1 1 1 1
115 123 162 197 1 1 1 1 1 1 1
65 11 30 31 1 1 1 1 1 1 1
95 16 23 26 1 1 1 1 1 1 1
22 119 1011 1068 1 1 1 1 1 1 1
51 109 387 418 1 1 1 1 1 1 1
51 107 365 398 1 1 1 1 1 1 1
104 42 49 64 1 1 1 1 1 1 1
56 39 105 116 1 1 1 1 1 1 1
65 59 134 151 1 1 1 1 1 1 1
15 84 1072 1075 1 1 1 1 1 1 1
97 84 130 157 1 1 1 1 1 1 1
70 51 121 130 1 1 1 1 1 1 1
48 20 58 63 1 1 1 1 1 1 1
28 88 565 592 1 1 1 1 1 1 1
51 22 81 90 1 1 1 1 1 1 1
66 60 132 151 1 1 1 1 1 1 1
71 27 58 67 1 1 1 1 1 1 1
41 79 344 375 1 1 1 1 1 1 1
91 30 47 60 1 1 1 1 1 1 1
99 104 144 177 1 1 1 1 1 1 1
81 65 126 131 1 1 1 1 1 1 1
80 72 160 181 1 1 1 1 1 1 1
59 93 272 277 1 1 1 1 1 1 1
90 26 60 61 1 1 1 1 1 1 1
45 76 313 338 1 1 1 1 1 1 1
42 121 499 592 1 1 1 1 1 1 1
67 123 320 347 1 1 1 1 1 1 1
79 71 116 127 1 1 1 1 1 1 1
58 139 460 487 1 1 1 1 1 1 1
35 80 427 448 1 1 1 1 1 1 1
55 40 135 138 1 1 1 1 1 1 1
62 100 273 300 1 1 1 1 1 1 1
12 106 1575 1578 1 1 1 1 1 1 1
101 90 140 145 1 1 1 1 1 1 1
94 130 229 264 1 1 1 1 1 1 1
92 118 188 291 1 1 1 1 1 1 1
118 32 38 49 1 1 1 1 1 1 1
38 29 159 168 1 1 1 1 1 1 1
98 111 167 206 1 1 1 1 1 1 1
119 82 86 109 1 1 1 1 1 1 1
26 130 978 1015 1 1 1 1 1 1 1
73 123 247 288 1 1 1 1 1 1 1
63 101 295 320 1 1 1 1 1 1 1
23 69 563 582 1 1 1 1 1 1 1
33 28 174 181 1 1 1 1 1 1 1
105 61 86 89 1 1 1 1 1 1 1
40 131 570 607 1 1 1 1 1 1 1
46 59 234 251 1 1 1 1 1 1 1
103 103 168 191 1 1 1 1 1 1 1
25 81 579 604 1 1 1 1 1 1 1
97 109 171 202 1 1 1 1 1 1 1
50 91 328 353 1 1 1 1 1 1 1
59 8 25 26 1 0 1 1 1 1 1
78 66 139 142 1 1 1 1 1 1 1
47 11 38 41 1 1 1 1 1 1 1
100 136 193 226 1 1 1 1 1 1 1
72 68 164 189 1 1 1 1 1 1 1
40 14 88 91 1 1 1 1 1 1 1
79 134 249 328 1 1 1 1 1 1 1
42 5 12 13 1 1 1 1 1 1 1
26 122 854 887 1 1 1 1 1 1 1
79 82 191 216 1 1 1 1 1 1 1
117 52 68 81 1 1 1 1 1 1 1
37 102 510 515 1 1 1 1 1 1 1
60 26 59 68 1 1 1 1 1 1 1
34 8 60 61 1 1 1 1 1 1 1
107 76 103 104 1 1 1 1 1 1 1
46 110 416 447 1 1 1 1 1 1 1
7 19 443 448 1 1 1 1 1 1 1
63 116 343 378 1 1 1 1 1 1 1
112 119 153 190 1 1 1 1 1 1 1
30 123 766 839 1 1 1 1 1 1 1
79 60 129 148 1 1 1 1 1 1 1
95 72 108 127 1 1 1 1 1 1 1
109 123 158 191 1 1 1 1 1 1 1
68 89 239 268 1 1 1 1 1 1 1
67 43 131 144 1 1 1 1 1 1 1
21 6 46 47 1 1 1 1 1 1 1
80 54 122 125 1 1 1 1 1 1 1
16 87 930 953 1 1 1 1 1 1 1
104 18 25 30 1 1 1 1 1 1 1
4 25 1240 1241 1 0 1 1 1 1 1
100 33 48 59 1 1 1 1 1 1 1
15 20 251 254 1 1 1 1 1 1 1
33 42 208 217 1 1 1 1 1 1 1
80 69 127 130 1 1 1 1 1 1 1
49 92 349 380 1 1 1 1 1 1 1
90 46 87 108 1 1 1 1 1 1 1
47 122 446 477 1 1 1 1 1 1 1
37 69 322 341 1 1 1 1 1 1 1
17 50 584 585 1 1 1 1 1 1 1
8 122 2965 2982 1 1 1 1 1 1 1
70 16 48 49 1 1 1 1 1 1 1
63 84 274 279 1 1 1 1 1 1 1
17 116 1388 1417 1 1 1 1 1 1 1
59 103 302 307 1 1 1 1 1 1 1
114 82 107 130 1 1 1 1 1 1 1
70 69 192 213 1 1 1 1 1 1 1
37 96 488 493 1 1 1 1 1 1 1
112 60 81 100 1 1 1 1 1 1 1
22 20 210 211 1 1 1 1 1 1 1
65 80 211 236 1 1 1 1 1 1 1
63 7 23 24 1 1 1 1 1 1 1
53 35 120 129 1 1 1 1 1 1 1
103 106 161 200 1 1 1 1 1 1 1
40 65 277 298 1 1 1 1 1 1 1
4 51 2121 2122 1 0 1 1 1 1 1
48 39 169 172 1 1 1 1 1 1 1
89 88 186 191 1 1 1 1 1 1 1
27 73 448 451 1 1 1 1 1 1 1
21 50 492 507 1 1 1 1 1 1 1
21 101 963 1000 1 1 1 1 1 1 1
67 71 166 199 1 1 1 1 1 1 1
115 23 24 31 1 1 1 1 1 1 1
37 100 530 559 1 1 1 1 1 1 1
110 96 84 163 1 1 1 1 1 1 1
11 85 1478 1507 1 1 1 1 1 1 1
53 50 167 182 1 1 1 1 1 1 1
90 20 37 38 1 1 1 1 1 1 1
18 119 1239 1278 1 1 1 1 1 1 1
111 55 68 83 1 1 1 1 1 1 1
58 98 326 355 1 1 1 1 1 1 1
102 137 218 273 1 1 1 1 1 1 1
89 13 30 31 1 1 1 1 1 1 1
28 105 723 754 1 1 1 1 1 1 1
95 132 273 280 1 1 1 1 1 1 1
39 16 84 89 1 1 1 1 1 1 1
59 99 251 286 1 1 1 1 1 1 1
45 131 541 582 1 1 1 1 1 1 1
18 98 1160 1161 1 1 1 1 1 1 1
69 125 318 353 1 1 1 1 1 1 1
12 115 1684 1721 1 1 1 1 1 1 1
35 114 629 666 1 1 1 1 1 1 1
58 71 208 231 1 1 1 1 1 1 1
115 16 25 26 1 1 1 1 1 1 1
12 123 2235 2238 1 1 1 1 1 1 1
93 26 52 53 1 1 1 1 1 1 1
100 123 175 216 1 1 1 1 1 1 1
111 24 20 41 1 1 1 1 1 1 1
117 128 123 156 1 1 1 1 1 1 1
10 50 1067 1078 1 1 1 1 1 1 1
41 97 466 471 1 1 1 1 1 1 1
103 62 96 101 1 1 1 1 1 1 1
43 111 512 519 1 1 1 1 1 1 1
71 126 297 332 1 1 1 1 1 1 1
93 126 211 252 1 1 1 1 1 1 1
53 78 217 242 1 1 1 1 1 1 1
108 64 95 112 1 1 1 1 1 1 1
45 135 531 570 1 1 1 1 1 1 1
34 106 608 639 1 1 1 1 1 1 1
20 131 1347 1382 1 1 1 1 1 1 1
8 19 391 396 1 1 1 1 1 1 1
63 15 51 56 1 1 1 1 1 1 1
41 132 596 629 1 1 1 1 1 1 1
97 111 163 170 1 1 1 1 1 1 1
107 90 131 162 1 1 1 1 1 1 1
11 54 993 994 1 1 1 1 1 1 1
108 25 39 46 1 1 1 1 1 1 1
9 39 930 941 1 1 1 1 1 1 1
118 134 197 198 1 1 1 1 1 1 1
44 91 366 395 1 1 1 1 1 1 1
110 94 151 156 1 1 1 1 1 1 1
120 14 13 16 1 1 1 1 1 1 1
30 120 680 785 1 1 1 1 1 1 1
18 61 670 671 1 1 1 1 1 1 1
97 111 175 206 1 1 1 1 1 1 1
81 62 131 150 1 1 1 1 1 1 1
18 49 539 550 1 1 1 1 1 1 1
102 102 182 217 1 1 1 1 1 1 1
17 90 1117 1138 1 1 1 1 1 1 1
52 71 240 271 1 1 1 1 1 1 1
51 133 409 416 1 1 1 1 1 1 1
59 107 353 358 1 1 1 1 1 1 1
103 71 114 133 1 1 1 1 1 1 1
6 14 471 476 1 1 1 1 1 1 1
84 138 282 287 1 1 1 1 1 1 1
6 28 819 828 1 1 1 1 1 1 1
73 57 158 169 1 1 1 1 1 1 1
42 100 453 458 1 1 1 1 1 1 1
89 31 59 68 1 1 1 1 1 1 1
86 96 186 191 1 1 1 1 1 1 1
113 93 112 149 1 1 1 1 1 1 1
36 95 500 505 1 1 1 1 1 1 1
118 106 159 164 1 1 1 1 1 1 1
81 33 64 65 1 1 1 1 1 1 1
42 129 552 561 1 1 1 1 1 1 1
117 36 51 64 1 1 1 1 1 1 1
13 36 657 658 1 1 1 1 1 1 1
78 134 325 328 1 1 1 1 1 1 1
14 17 202 207 1 1 1 1 1 1 1
108 58 88 109 1 1 1 1 1 1 1
91 55 119 122 1 1 1 1 1 1 1
42 22 91 98 1 1 1 1 1 1 1
26 88 677 680 1 1 1 1 1 1 1
119 140 200 201 1 1 1 1 1 1 1
96 61 92 109 1 1 1 1 1 1 1
65 14 44 49 1 1 1 1 1 1 1
115 135 201 214 1 1 1 1 1 1 1
116 18 20 27 1 1 1 1 1 1 1
10 133 2735 2776 1 1 1 1 1 1 1
13 138 2073 2108 1 1 1 1 1 1 1
11 28 491 510 1 1 1 1 1 1 1
86 66 140 145 1 1 1 1 1 1 1
93 112 192 227 1 1 1 1 1 1 1
23 111 918 949 1 1 1 1 1 1 1
40 41 155 184 1 1 1 1 1 1 1
112 91 87 128 1 1 1 1 1 1 1
22 112 1011 1052 1 1 1 1 1 1 1
119 14 11 16 1 1 1 1 1 1 1
114 97 122 149 1 1 1 1 1 1 1
106 77 108 137 1 1 1 1 1 1 1
77 126 291 332 1 1 1 1 1 1 1
84 109 190 223 1 1 1 1 1 1 1
65 14 37 44 1 1 1 1 1 1 1
92 87 151 186 1 1 1 1 1 1 1
112 115 167 198 1 1 1 1 1 1 1
120 125 166 199 1 1 1 1 1 1 1
35 82 466 487 1 1 1 1 1 1 1
46 98 408 431 1 1 1 1 1 1 1
43 86 352 385 1 1 1 1 1 1 1
7 125 3401 3422 1 1 1 1 1 1 1
28 97 664 693 1 1 1 1 1 1 1
81 10 24 27 1 1 1 1 1 1 1
45 32 112 123 1 1 1 1 1 1 1
15 6 43 44 1 1 1 1 1 1 1
99 58 76 79 1 1 1 1 1 1 1
5 130 5128 5129 1 0 1 1 1 1 1
77 124 316 323 1 1 1 1 1 1 1
16 102 1140 1175 1 1 1 1 1 1 1
58 136 409 456 1 1 1 1 1 1 1
50 52 170 197 1 1 1 1 1 1 1
28 4 30 31 1 1 1 1 1 1 1
116 116 145 180 1 1 1 1 1 1 1
29 11 83 84 1 1 1 1 1 1 1
85 17 37 38 1 1 1 1 1 1 1
110 27 29 40 1 1 1 1 1 1 1
74 80 180 205 1 1 1 1 1 1 1
81 82 160 187 1 1 1 1 1 1 1
22 70 584 603 1 1 1 1 1 1 1
34 54 269 288 1 1 1 1 1 1 1
28 78 473 496 1 1 1 1 1 1 1
50 101 341 370 1 1 1 1 1 1 1
9 8 130 131 1 1 1 1 1 1 1
57 86 285 310 1 1 1 1 1 1 1
110 9 10 13 1 1 1 1 1 1 1
67 69 186 209 1 1 1 1 1 1 1
35 94 402 437 1 1 1 1 1 1 1
15 87 1074 1099 1 1 1 1 1 1 1
31 79 466 499 1 1 1 1 1 1 1
51 16 65 68 1 1 1 1 1 1 1
113 99 123 152 1 1 1 1 1 1 1
84 77 137 156 1 1 1 1 1 1 1
69 90 235 260 1 1 1 1 1 1 1
75 9 19 20 1 1 1 1 1 1 1
12 41 686 703 1 1 1 1 1 1 1
95 42 58 69 1 1 1 1 1 1 1
120 41 49 50 1 1 1 1 1 1 1
24 65 503 520 1 1 1 1 1 1 1
107 28 50 57 1 1 1 1 1 1 1
113 127 161 212 1 1 1 1 1 1 1
68 42 107 120 1 1 1 1 1 1 1
96 102 159 186 1 1 1 1 1 1 1
107 23 30 31 1 1 1 1 1 1 1
21 58 563 566 1 1 1 1 1 1 1
28 106 703 718 1 1 1 1 1 1 1
72 33 68 83 1 1 1 1 1 1 1
24 99 766 797 1 1 1 1 1 1 1
89 52 99 114 1 1 1 1 1 1 1
120 10 10 13 1 1 1 1 1 1 1
46 15 50 53 1 1 1 1 1 1 1
12 82 1350 1373 1 1 1 1 1 1 1
25 37 315 316 1 1 1 1 1 1 1
102 133 143 258 1 1 1 1 1 1 1
95 17 35 36 1 1 1 1 1 1 1
75 105 264 269 1 1 1 1 1 1 1
7 71 1946 1961 1 1 1 1 1 1 1
118 58 67 80 1 1 1 1 1 1 1
52 25 78 85 1 1 1 1 1 1 1
8 20 435 436 1 1 1 1 1 1 1
94 10 17 18 1 1 1 1 1 1 1
87 136 277 284 1 1 1 1 1 1 1
16 68 785 806 1 1 1 1 1 1 1
109 14 19 22 1 1 1 1 1 1 1
25 99 832 863 1 1 1 1 1 1 1
10 17 369 370 1 1 1 1 1 1 1
63 64 154 167 1 1 1 1 1 1 1
53 127 405 442 1 1 1 1 1 1 1
110 54 68 87 1 1 1 1 1 1 1
87 14 24 25 1 1 1 1 1 1 1
67 125 300 371 1 1 1 1 1 1 1
10 14 331 334 1 1 1 1 1 1 1
96 73 120 123 1 1 1 1 1 1 1
60 111 305 326 1 1 1 1 1 1 1
93 26 58 59 1 1 1 1 1 1 1
102 41 67 98 1 1 1 1 1 1 1
119 137 149 190 1 1 1 1 1 1 1
76 9 20 21 1 1 1 1 1 1 1
25 48 315 330 1 1 1 1 1 1 1
102 71 100 119 1 1 1 1 1 1 1
12 54 984 985 1 1 1 1 1 1 1
64 37 97 102 1 1 1 1 1 1 1
25 117 897 938 1 1 1 1 1 1 1
117 109 120 151 1 1 1 1 1 1 1
93 33 50 59 1 1 1 1 1 1 1
18 109 1030 1063 1 1 1 1 1 1 1
44 120 472 507 1 1 1 1 1 1 1
41 4 23 24 1 1 1 1 1 1 1
47 81 374 379 1 1 1 1 1 1 1
120 48 65 68 1 1 1 1 1 1 1
91 43 79 90 1 1 1 1 1 1 1
46 66 272 329 1 1 1 1 1 1 1
96 50 63 78 1 1 1 1 1 1 1
69 114 306 339 1 1 1 1 1 1 1
72 112 222 259 1 1 1 1 1 1 1
106 35 45 56 1 1 1 1 1 1 1
115 101 160 165 1 1 1 1 1 1 1
43 138 593 600 1 1 1 1 1 1 1
16 85 956 959 1 1 1 1 1 1 1
117 140 221 228 1 1 1 1 1 1 1
57 83 237 260 1 1 1 1 1 1 1
85 15 20 23 1 1 1 1 1 1 1
69 109 263 294 1 1 1 1 1 1 1
118 12 16 19 1 1 1 1 1 1 1
36 83 354 383 1 1 1 1 1 1 1
107 68 101 116 1 1 1 1 1 1 1
92 79 140 161 1 1 1 1 1 1 1
45 83 308 339 1 1 1 1 1 1 1
94 7 16 17 1 1 1 1 1 1 1
11 127 2203 2244 1 1 1 1 1 1 1
41 63 258 277 1 1 1 1 1 1 1
50 73 267 290 1 1 1 1 1 1 1
81 22 40 47 1 1 1 1 1 1 1
117 128 217 224 1 1 1 1 1 1 1
116 69 90 113 1 1 1 1 1 1 1
72 6 8 9 1 1 1 1 1 1 1
44 4 19 20 1 1 1 1 1 1 1
99 98 141 184 1 1 1 1 1 1 1
66 9 29 32 1 1 1 1 1 1 1
70 45 106 121 1 1 1 1 1 1 1
46 38 180 193 1 1 1 1 1 1 1
19 129 1248 1291 1 1 1 1 1 1 1
67 139 374 417 1 1 1 1 1 1 1
28 65 487 490 1 1 1 1 1 1 1
30 92 608 633 1 1 1 1 1 1 1
60 28 90 97 1 1 1 1 1 1 1
63 57 191 194 1 1 1 1 1 1 1
70 39 92 103 1 1 1 1 1 1 1
10 62 1191 1192 1 1 1 1 1 1 1
37 35 171 182 1 1 1 1 1 1 1
110 117 120 219 1 1 1 1 1 1 1
92 59 86 107 1 1 1 1 1 1 1
25 92 684 707 1 1 1 1 1 1 1
86 73 125 154 1 1 1 1 1 1 1
24 25 233 240 1 1 1 1 1 1 1
41 44 235 246 1 1 1 1 1 1 1
70 96 229 238 1 1 1 1 1 1 1
117 5 6 9 1 1 1 1 1 1 1
76 34 94 95 1 1 1 1 1 1 1
65 4 2 3 1 1 1 1 1 1 1
8 121 2990 3017 1 1 1 1 1 1 1
54 68 238 259 1 1 1 1 1 1 1
98 21 41 42 1 1 1 1 1 1 1
43 91 391 416 1 1 1 1 1 1 1
113 91 145 150 1 1 1 1 1 1 1
95 3 7 8 1 0 1 1 1 1 1
42 128 543 576 1 1 1 1 1 1 1
88 69 106 129 1 1 1 1 1 1 1
23 20 135 140 1 1 1 1 1 1 1
53 132 423 470 1 1 1 1 1 1 1
85 36 58 73 1 1 1 1 1 1 1
46 98 366 393 1 1 1 1 1 1 1
72 12 24 27 1 1 1 1 1 1 1
90 33 56 57 1 1 1 1 1 1 1
59 95 297 320 1 1 1 1 1 1 1
30 126 720 795 1 1 1 1 1 1 1
94 62 93 106 1 1 1 1 1 1 1
107 140 204 217 1 1 1 1 1 1 1
27 35 230 241 1 1 1 1 1 1 1
100 69 108 129 1 1 1 1 1 1 1
35 89 465 496 1 1 1 1 1 1 1
72 113 298 331 1 1 1 1 1 1 1
16 18 226 237 1 1 1 1 1 1 1
26 95 634 663 1 1 1 1 1 1 1
85 38 76 89 1 1 1 1 1 1 1
53 75 263 266 1 1 1 1 1 1 1
82 34 75 86 1 1 1 1 1 1 1
73 43 103 106 1 1 1 1 1 1 1
29 132 874 881 1 1 1 1 1 1 1
100 137 198 205 1 1 1 1 1 1 1
56 8 36 39 1 1 1 1 1 1 1
89 61 119 120 1 1 1 1 1 1 1
5 95 3655 3672 1 1 1 1 1 1 1
4 118 5949 5968 1 1 1 1 1 1 1
47 136 460 501 1 1 1 1 1 1 1
53 129 436 475 1 1 1 1 1 1 1
5 135 5727 5756 1 1 1 1 1 1 1
117 82 133 138 1 1 1 1 1 1 1
56 12 36 39 1 1 1 1 1 1 1
90 92 195 200 1 1 1 1 1 1 1
48 82 329 332 1 1 1 1 1 1 1
43 6 20 21 1 1 1 1 1 1 1
56 73 229 256 1 1 1 1 1 1 1
18 12 143 144 1 1 1 1 1 1 1
109 73 108 111 1 1 1 1 1 1 1
116 139 188 233 1 1 1 1 1 1 1
116 110 168 181 1 1 1 1 1 1 1
70 92 239 244 1 1 1 1 1 1 1
93 133 272 279 1 1 1 1 1 1 1
71 45 115 126 1 1 1 1 1 1 1
11 136 2312 2349 1 1 1 1 1 1 1
39 53 241 256 1 1 1 1 1 1 1
42 124 555 592 1 1 1 1 1 1 1
17 119 1399 1434 1 1 1 1 1 1 1
37 31 175 184 1 1 1 1 1 1 1
117 22 13 22 1 1 1 1 1 1 1
112 137 208 219 1 1 1 1 1 1 1
99 135 210 267 1 1 1 1 1 1 1
46 117 466 471 1 1 1 1 1 1 1
50 67 275 292 1 1 1 1 1 1 1
96 84 114 123 1 1 1 1 1 1 1
80 40 80 91 1 1 1 1 1 1 1
116 88 113 142 1 1 1 1 1 1 1
105 95 147 166 1 1 1 1 1 1 1
40 135 650 703 1 1 1 1 1 1 1
63 120 300 345 1 1 1 1 1 1 1
23 10 58 59 1 1 1 1 1 1 1
58 61 192 211 1 1 1 1 1 1 1
42 5 27 28 1 1 1 1 1 1 1
86 125 234 249 1 1 1 1 1 1 1
117 46 48 63 1 1 1 1 1 1 1
42 25 121 132 1 1 1 1 1 1 1
12 42 777 778 1 1 1 1 1 1 1
97 65 93 96 1 1 1 1 1 1 1
59 78 247 250 1 1 1 1 1 1 1
83 21 30 35 1 1 1 1 1 1 1
79 56 107 110 1 1 1 1 1 1 1
66 90 255 286 1 1 1 1 1 1 1
99 113 199 234 1 1 1 1 1 1 1
21 84 831 832 1 0 1 1 1 1 1
39 21 95 96 1 1 1 1 1 1 1
5 106 4281 4282 1 0 1 1 1 1 1
27 18 119 128 1 1 1 1 1 1 1
16 140 1672 1765 1 1 1 1 1 1 1
99 132 191 242 1 1 1 1 1 1 1
92 69 128 149 1 1 1 1 1 1 1
81 40 92 105 1 1 1 1 1 1 1
34 67 374 393 1 1 1 1 1 1 1
57 16 49 50 1 1 1 1 1 1 1
118 124 155 198 1 1 1 1 1 1 1
109 54 80 97 1 1 1 1 1 1 1
112 24 33 38 1 1 1 1 1 1 1
90 38 67 78 1 1 1 1 1 1 1
10 111 2223 2252 1 1 1 1 1 1 1
49 64 174 195 1 1 1 1 1 1 1
69 44 119 130 1 1 1 1 1 1 1
23 73 631 654 1 1 1 1 1 1 1
84 18 20 27 1 1 1 1 1 1 1
58 133 337 380 1 1 1 1 1 1 1
61 129 411 418 1 1 1 1 1 1 1
111 11 15 16 1 1 1 1 1 1 1
82 65 129 154 1 1 1 1 1 1 1
90 57 114 127 1 1 1 1 1 1 1
6 109 3451 3498 1 1 1 1 1 1 1
44 123 529 558 1 1 1 1 1 1 1
33 56 322 337 1 1 1 1 1 1 1
100 4 6 7 1 1 1 1 1 1 1
23 24 190 193 1 1 1 1 1 1 1
73 93 207 272 1 1 1 1 1 1 1
86 78 150 177 1 1 1 1 1 1 1
29 121 811 844 1 1 1 1 1 1 1
107 136 174 223 1 1 1 1 1 1 1
41 94 415 442 1 1 1 1 1 1 1
21 85 817 820 1 1 1 1 1 1 1
19 140 1355 1398 1 1 1 1 1 1 1
60 108 300 311 1 1 1 1 1 1 1
100 19 22 27 1 1 1 1 1 1 1
115 32 46 47 1 1 1 1 1 1 1
11 36 657 670 1 1 1 1 1 1 1
90 90 166 203 1 1 1 1 1 1 1
88 64 110 127 1 1 1 1 1 1 1
92 107 178 207 1 1 1 1 1 1 1
70 74 193 196 1 1 1 1 1 1 1
5 50 2194 2195 1 0 1 1 1 1 1
92 112 157 196 1 1 1 1 1 1 1
23 38 363 364 1 1 1 1 1 1 1
10 106 1868 1871 1 1 1 1 1 1 1
72 58 132 147 1 1 1 1 1 1 1
68 47 104 115 1 1 1 1 1 1 1
93 118 219 250 1 1 1 1 1 1 1
41 31 156 165 1 1 1 1 1 1 1
43 40 141 152 1 1 1 1 1 1 1
73 136 330 337 1 1 1 1 1 1 1
25 64 500 509 1 1 1 1 1 1 1
92 110 173 210 1 1 1 1 1 1 1
36 85 435 456 1 1 1 1 1 1 1
113 138 165 208 1 1 1 1 1 1 1
61 109 295 334 1 1 1 1 1 1 1
63 68 188 203 1 1 1 1 1 1 1
41 24 101 102 1 1 1 1 1 1 1
71 106 238 243 1 1 1 1 1 1 1
14 81 1098 1121 1 1 1 1 1 1 1
59 125 376 413 1 1 1 1 1 1 1
87 25 42 45 1 1 1 1 1 1 1
32 134 766 815 1 1 1 1 1 1 1
84 37 85 94 1 1 1 1 1 1 1
18 12 114 115 1 1 1 1 1 1 1
81 77 182 187 1 1 1 1 1 1 1
116 97 147 152 1 1 1 1 1 1 1
68 96 241 270 1 1 1 1 1 1 1
120 124 159 196 1 1 1 1 1 1 1
73 7 18 19 1 1 1 1 1 1 1
52 32 95 118 1 1 1 1 1 1 1
37 9 38 41 1 1 1 1 1 1 1
99 109 162 193 1 1 1 1 1 1 1
10 64 1334 1351 1 1 1 1 1 1 1
25 42 348 365 1 1 1 1 1 1 1
85 46 99 112 1 1 1 1 1 1 1
83 78 146 169 1 1 1 1 1 1 1
73 53 117 132 1 1 1 1 1 1 1
63 66 171 192 1 1 1 1 1 1 1
39 73 362 381 1 1 1 1 1 1 1
107 106 124 157 1 1 1 1 1 1 1
95 42 50 63 1 1 1 1 1 1 1
79 91 206 261 1 1 1 1 1 1 1
76 5 14 15 1 1 1 1 1 1 1
82 120 233 278 1 1 1 1 1 1 1
44 106 457 462 1 1 1 1 1 1 1
58 106 316 321 1 1 1 1 1 1 1
75 49 122 135 1 1 1 1 1 1 1
71 92 251 278 1 1 1 1 1 1 1
119 117 125 198 1 1 1 1 1 1 1
11 124 2311 2338 1 1 1 1 1 1 1
58 76 209 232 1 1 1 1 1 1 1
18 20 209 216 1 1 1 1 1 1 1
107 49 64 79 1 1 1 1 1 1 1
100 75 101 124 1 1 1 1 1 1 1
64 9 27 28 1 1 1 1 1 1 1
7 59 1329 1330 1 1 1 1 1 1 1
113 122 188 193 1 1 1 1 1 1 1
43 79 308 337 1 1 1 1 1 1 1
62 124 390 397 1 1 1 1 1 1 1
119 113 123 168 1 1 1 1 1 1 1
89 41 67 68 1 1 1 1 1 1 1
77 76 211 214 1 1 1 1 1 1 1
114 125 162 207 1 1 1 1 1 1 1
89 129 228 269 1 1 1 1 1 1 1
108 21 38 39 1 1 1 1 1 1 1
7 38 1001 1012 1 1 1 1 1 1 1
115 134 163 202 1 1 1 1 1 1 1
11 38 700 717 1 1 1 1 1 1 1
24 80 590 611 1 1 1 1 1 1 1
69 61 144 145 1 1 1 1 1 1 1
114 17 24 25 1 1 1 1 1 1 1
82 53 99 114 1 1 1 1 1 1 1
54 72 231 234 1 1 1 1 1 1 1
43 37 183 184 1 1 1 1 1 1 1
65 10 28 31 1 1 1 1 1 1 1
117 8 11 14 1 1 1 1 1 1 1
113 65 85 104 1 1 1 1 1 1 1
65 108 282 319 1 1 1 1 1 1 1
41 61 264 293 1 1 1 1 1 1 1
65 13 39 46 1 1 1 1 1 1 1
37 6 23 24 1 1 1 1 1 1 1
18 51 637 638 1 1 1 1 1 1 1
82 79 174 201 1 1 1 1 1 1 1
119 31 37 46 1 1 1 1 1 1 1
28 18 102 107 1 1 1 1 1 1 1
96 11 18 19 1 1 1 1 1 1 1
106 48 71 74 1 1 1 1 1 1 1
48 74 229 250 1 1 1 1 1 1 1
25 28 202 209 1 1 1 1 1 1 1
42 66 330 333 1 1 1 1 1 1 1
24 90 760 789 1 1 1 1 1 1 1
6 47 1572 1573 1 1 1 1 1 1 1
10 20 395 406 1 1 1 1 1 1 1
59 41 107 114 1 1 1 1 1 1 1
44 100 404 407 1 1 1 1 1 1 1
55 95 303 328 1 1 1 1 1 1 1
19 38 404 405 1 1 1 1 1 1 1
43 9 29 32 1 1 1 1 1 1 1
96 51 68 87 1 1 1 1 1 1 1
96 35 75 76 1 1 1 1 1 1 1
118 56 67 82 1 1 1 1 1 1 1
12 86 1311 1314 1 1 1 1 1 1 1
106 28 50 57 1 1 1 1 1 1 1
120 15 18 21 1 1 1 1 1 1 1
44 22 87 88 1 1 1 1 1 1 1
107 69 90 113 1 1 1 1 1 1 1
78 65 162 179 1 1 1 1 1 1 1
73 8 20 21 1 1 1 1 1 1 1
65 91 234 269 1 1 1 1 1 1 1
105 111 104 183 1 1 1 1 1 1 1
9 133 2843 2846 1 1 1 1 1 1 1
58 136 443 534 1 1 1 1 1 1 1
120 65 99 100 1 1 1 1 1 1 1
65 31 73 80 1 1 1 1 1 1 1
7 15 382 383 1 0 1 1 1 1 1
101 9 13 14 1 1 1 1 1 1 1
96 107 171 210 1 1 1 1 1 1 1
66 62 179 188 1 1 1 1 1 1 1
50 90 280 313 1 1 1 1 1 1 1
54 131 460 467 1 1 1 1 1 1 1
78 39 82 97 1 1 1 1 1 1 1
45 51 217 242 1 1 1 1 1 1 1
28 125 803 820 1 1 1 1 1 1 1
77 36 80 91 1 1 1 1 1 1 1
37 128 619 654 1 1 1 1 1 1 1
30 61 395 412 1 1 1 1 1 1 1
89 118 250 255 1 1 1 1 1 1 1
13 68 1142 1143 1 0 1 1 1 1 1
65 116 298 345 1 1 1 1 1 1 1
102 9 19 20 1 1 1 1 1 1 1
25 65 439 456 1 1 1 1 1 1 1
22 79 750 753 1 1 1 1 1 1 1
61 122 330 371 1 1 1 1 1 1 1
99 34 54 63 1 1 1 1 1 1 1
44 118 465 472 1 1 1 1 1 1 1
96 85 154 159 1 1 1 1 1 1 1
40 122 545 588 1 1 1 1 1 1 1
14 127 1830 1835 1 1 1 1 1 1 1
17 128 1419 1456 1 1 1 1 1 1 1
92 69 120 141 1 1 1 1 1 1 1
46 115 396 439 1 1 1 1 1 1 1
24 22 215 216 1 1 1 1 1 1 1
24 48 344 359 1 1 1 1 1 1 1
53 34 96 107 1 1 1 1 1 1 1
96 17 13 16 1 1 1 1 1 1 1
94 7 7 12 1 1 1 1 1 1 1
93 70 148 151 1 1 1 1 1 1 1
109 125 178 185 1 1 1 1 1 1 1
28 60 374 397 1 1 1 1 1 1 1
103 70 118 121 1 1 1 1 1 1 1
72 74 154 177 1 1 1 1 1 1 1
87 121 209 252 1 1 1 1 1 1 1
103 109 147 180 1 1 1 1 1 1 1
93 42 68 79 1 1 1 1 1 1 1
112 8 8 9 1 1 1 1 1 1 1
55 77 250 253 1 1 1 1 1 1 1
102 119 194 197 1 1 1 1 1 1 1
16 139 1627 1668 1 1 1 1 1 1 1
74 11 19 24 1 1 1 1 1 1 1
9 136 2922 2923 1 0 1 1 1 1 1
68 25 56 57 1 1 1 1 1 1 1
32 136 699 778 1 1 1 1 1 1 1
106 95 129 168 1 1 1 1 1 1 1
102 80 122 127 1 1 1 1 1 1 1
14 129 2015 2020 1 1 1 1 1 1 1
71 49 95 114 1 1 1 1 1 1 1
110 130 190 203 1 1 1 1 1 1 1
14 112 1595 1622 1 1 1 1 1 1 1
81 67 165 168 1 1 1 1 1 1 1
71 56 142 157 1 1 1 1 1 1 1
36 20 97 102 1 1 1 1 1 1 1
62 66 201 202 1 1 1 1 1 1 1
55 131 435 476 1 1 1 1 1 1 1
64 55 154 171 1 1 1 1 1 1 1
14 5 74 75 1 1 1 1 1 1 1
22 43 393 394 1 1 1 1 1 1 1
18 83 845 878 1 1 1 1 1 1 1
7 140 4147 4158 1 1 1 1 1 1 1
116 3 2 3 1 0 1 1 1 1 1
102 58 99 102 1 1 1 1 1 1 1
91 85 136 199 1 1 1 1 1 1 1
64 50 139 156 1 1 1 1 1 1 1
24 16 167 172 1 1 1 1 1 1 1
100 11 18 19 1 1 1 1 1 1 1
17 106 1005 1034 1 1 1 1 1 1 1
76 41 84 97 1 1 1 1 1 1 1
113 98 147 152 1 1 1 1 1 1 1
44 24 94 101 1 1 1 1 1 1 1
42 11 67 70 1 1 1 1 1 1 1
50 35 111 120 1 1 1 1 1 1 1
82 19 39 44 1 1 1 1 1 1 1
26 108 830 865 1 1 1 1 1 1 1
81 73 150 173 1 1 1 1 1 1 1
41 115 488 531 1 1 1 1 1 1 1
63 121 320 359 1 1 1 1 1 1 1
55 110 396 403 1 1 1 1 1 1 1
37 15 69 74 1 1 1 1 1 1 1
19 77 808 819 1 1 1 1 1 1 1
42 31 126 133 1 1 1 1 1 1 1
25 115 861 892 1 1 1 1 1 1 1
26 64 455 480 1 1 1 1 1 1 1
28 45 311 328 1 1 1 1 1 1 1
24 33 303 314 1 1 1 1 1 1 1
62 58 180 183 1 1 1 1 1 1 1
76 18 44 51 1 1 1 1 1 1 1
69 12 31 36 1 1 1 1 1 1 1
16 119 1313 1318 1 1 1 1 1 1 1
101 3 2 3 1 1 1 1 1 1 1
73 100 207 248 1 1 1 1 1 1 1
107 126 180 227 1 1 1 1 1 1 1
116 75 93 118 1 1 1 1 1 1 1
90 69 118 129 1 1 1 1 1 1 1
85 89 171 176 1 1 1 1 1 1 1
39 71 330 361 1 1 1 1 1 1 1
35 37 209 218 1 1 1 1 1 1 1
97 42 74 75 1 1 1 1 1 1 1
112 127 147 190 1 1 1 1 1 1 1
14 76 1117 1144 1 1 1 1 1 1 1
78 88 195 218 1 1 1 1 1 1 1
11 110 1967 1970 1 1 1 1 1 1 1
47 42 159 182 1 1 1 1 1 1 1
30 73 430 451 1 1 1 1 1 1 1
4 25 1320 1325 1 1 1 1 1 1 1
8 90 2261 2280 1 1 1 1 1 1 1
43 63 221 238 1 1 1 1 1 1 1
58 94 288 319 1 1 1 1 1 1 1
40 60 231 252 1 1 1 1 1 1 1
118 116 175 182 1 1 1 1 1 1 1
109 14 17 22 1 1 1 1 1 1 1
22 81 673 676 1 1 1 1 1 1 1
100 36 42 57 1 1 1 1 1 1 1
116 38 39 52 1 1 1 1 1 1 1
115 106 92 165 1 1 1 1 1 1 1
15 57 732 741 1 1 1 1 1 1 1
40 62 273 290 1 1 1 1 1 1 1
107 95 135 172 1 1 1 1 1 1 1
31 38 242 243 1 1 1 1 1 1 1
98 70 108 129 1 1 1 1 1 1 1
26 42 352 363 1 1 1 1 1 1 1
63 89 215 228 1 1 1 1 1 1 1
8 108 2748 2771 1 1 1 1 1 1 1
47 139 544 551 1 1 1 1 1 1 1
48 49 222 225 1 1 1 1 1 1 1
92 62 100 121 1 1 1 1 1 1 1
27 8 54 57 1 1 1 1 1 1 1
79 79 159 162 1 1 1 1 1 1 1
105 121 168 207 1 1 1 1 1 1 1
84 128 225 260 1 1 1 1 1 1 1
28 48 335 348 1 1 1 1 1 1 1
42 120 533 568 1 1 1 1 1 1 1
37 118 610 617 1 1 1 1 1 1 1
90 129 253 254 1 1 1 1 1 1 1
19 46 450 465 1 1 1 1 1 1 1
96 73 136 139 1 1 1 1 1 1 1
52 63 208 233 1 1 1 1 1 1 1
119 9 9 12 1 1 1 1 1 1 1
101 49 91 106 1 1 1 1 1 1 1
34 59 333 364 1 1 1 1 1 1 1
75 74 158 199 1 1 1 1 1 1 1
63 89 248 253 1 1 1 1 1 1 1
10 25 541 548 1 1 1 1 1 1 1
91 108 172 205 1 1 1 1 1 1 1
85 75 131 134 1 1 1 1 1 1 1
41 126 559 604 1 1 1 1 1 1 1
50 93 329 352 1 1 1 1 1 1 1
36 120 620 657 1 1 1 1 1 1 1
12 124 2337 2340 1 1 1 1 1 1 1
98 123 207 214 1 1 1 1 1 1 1
28 6 48 49 1 1 1 1 1 1 1
58 118 340 375 1 1 1 1 1 1 1
13 107 1584 1621 1 1 1 1 1 1 1
99 7 10 11 1 1 1 1 1 1 1
99 70 99 120 1 1 1 1 1 1 1
117 37 50 59 1 1 1 1 1 1 1
77 33 69 80 1 1 1 1 1 1 1
64 89 247 274 1 1 1 1 1 1 1
51 73 272 295 1 1 1 1 1 1 1
12 83 1309 1334 1 1 1 1 1 1 1
55 49 123 140 1 1 1 1 1 1 1
16 67 911 934 1 1 1 1 1 1 1
100 109 154 161 1 1 1 1 1 1 1
77 102 185 214 1 1 1 1 1 1 1
61 128 336 343 1 1 1 1 1 1 1
50 116 376 383 1 1 1 1 1 1 1
9 48 1055 1072 1 1 1 1 1 1 1
53 36 106 117 1 1 1 1 1 1 1
87 44 81 92 1 1 1 1 1 1 1
20 56 538 541 1 1 1 1 1 1 1
98 40 68 81 1 1 1 1 1 1 1
28 111 794 799 1 1 1 1 1 1 1
72 87 175 204 1 1 1 1 1 1 1
86 76 143 164 1 1 1 1 1 1 1
61 74 248 249 1 1 1 1 1 1 1
86 75 148 179 1 1 1 1 1 1 1
74 94 230 235 1 1 1 1 1 1 1
118 21 36 37 1 1 1 1 1 1 1
98 66 101 104 1 1 1 1 1 1 1
46 81 333 350 1 1 1 1 1 1 1
43 101 442 467 1 1 1 1 1 1 1
109 80 95 128 1 1 1 1 1 1 1
25 38 295 322 1 1 1 1 1 1 1
26 55 395 416 1 1 1 1 1 1 1
90 124 225 232 1 1 1 1 1 1 1
26 94 719 750 1 1 1 1 1 1 1
5 76 3231 3232 1 0 1 1 1 1 1
97 75 115 138 1 1 1 1 1 1 1
76 65 140 159 1 1 1 1 1 1 1
62 15 51 52 1 1 1 1 1 1 1
24 37 283 296 1 1 1 1 1 1 1
49 14 48 53 1 1 1 1 1 1 1
23 25 206 213 1 1 1 1 1 1 1
48 90 293 322 1 1 1 1 1 1 1
53 117 376 409 1 1 1 1 1 1 1
49 72 265 290 1 1 1 1 1 1 1
9 22 493 502 1 1 1 1 1 1 1
8 27 619 626 1 1 1 1 1 1 1
25 10 75 76 1 0 1 1 1 1 1
36 128 691 760 1 1 1 1 1 1 1
32 95 559 562 1 1 1 1 1 1 1
101 133 190 227 1 1 1 1 1 1 1
114 26 41 42 1 1 1 1 1 1 1
39 10 40 45 1 1 1 1 1 1 1
83 36 72 73 1 1 1 1 1 1 1
4 78 3990 3991 1 0 1 1 1 1 1
17 7 91 92 1 1 1 1 1 1 1
100 46 68 71 1 1 1 1 1 1 1
108 105 120 153 1 1 1 1 1 1 1
24 36 311 312 1 1 1 1 1 1 1
99 43 56 71 1 1 1 1 1 1 1
13 134 1970 2009 1 1 1 1 1 1 1
30 79 472 495 1 1 1 1 1 1 1
110 20 16 25 1 1 1 1 1 1 1
67 130 353 360 1 1 1 1 1 1 1
89 118 197 232 1 1 1 1 1 1 1
102 101 172 209 1 1 1 1 1 1 1
93 82 138 157 1 1 1 1 1 1 1
71 58 138 153 1 1 1 1 1 1 1
54 71 274 277 1 1 1 1 1 1 1
113 23 29 34 1 1 1 1 1 1 1
46 92 392 419 1 1 1 1 1 1 1
88 39 76 77 1 1 1 1 1 1 1
41 120 569 606 1 1 1 1 1 1 1
60 54 149 164 1 1 1 1 1 1 1
113 95 123 150 1 1 1 1 1 1 1
90 18 21 34 1 1 1 1 1 1 1
114 95 132 159 1 1 1 1 1 1 1
6 48 1503 1514 1 1 1 1 1 1 1
61 63 178 197 1 1 1 1 1 1 1
12 85 1614 1617 1 1 1 1 1 1 1
70 59 147 150 1 1 1 1 1 1 1
62 24 77 86 1 1 1 1 1 1 1
18 123 1326 1359 1 1 1 1 1 1 1
17 10 106 109 1 1 1 1 1 1 1
57 79 242 283 1 1 1 1 1 1 1
78 91 178 183 1 1 1 1 1 1 1
21 93 814 819 1 1 1 1 1 1 1
91 42 83 84 1 1 1 1 1 1 1
109 108 162 199 1 1 1 1 1 1 1
82 120 225 232 1 1 1 1 1 1 1
24 58 446 465 1 1 1 1 1 1 1
63 87 222 283 1 1 1 1 1 1 1
86 98 180 209 1 1 1 1 1 1 1
4 79 3991 3992 1 0 1 1 1 1 1
116 17 19 24 1 1 1 1 1 1 1
97 71 118 157 1 1 1 1 1 1 1
82 111 212 243 1 1 1 1 1 1 1
10 50 878 891 1 1 1 1 1 1 1
118 57 52 71 1 1 1 1 1 1 1
86 137 302 315 1 1 1 1 1 1 1
30 19 139 144 1 1 1 1 1 1 1
14 71 982 1001 1 1 1 1 1 1 1
79 110 208 277 1 1 1 1 1 1 1
43 60 273 276 1 1 1 1 1 1 1
22 40 235 246 1 1 1 1 1 1 1
113 31 40 41 1 1 1 1 1 1 1
42 10 45 46 1 1 1 1 1 1 1
75 75 173 202 1 1 1 1 1 1 1
88 94 167 198 1 1 1 1 1 1 1
92 76 127 148 1 1 1 1 1 1 1
85 90 155 186 1 1 1 1 1 1 1
89 108 203 244 1 1 1 1 1 1 1
31 136 857 892 1 1 1 1 1 1 1
52 127 451 458 1 1 1 1 1 1 1
106 64 81 98 1 1 1 1 1 1 1
42 37 163 172 1 1 1 1 1 1 1
48 36 148 159 1 1 1 1 1 1 1
82 50 104 119 1 1 1 1 1 1 1
117 109 132 171 1 1 1 1 1 1 1
90 38 80 89 1 1 1 1 1 1 1
33 60 294 315 1 1 1 1 1 1 1
78 128 253 280 1 1 1 1 1 1 1
28 98 704 733 1 1 1 1 1 1 1
47 45 154 165 1 1 1 1 1 1 1
96 7 10 13 1 1 1 1 1 1 1
81 14 24 35 1 1 1 1 1 1 1
11 135 2427 2446 1 1 1 1 1 1 1
26 33 238 247 1 1 1 1 1 1 1
87 134 243 282 1 1 1 1 1 1 1
111 42 57 70 1 1 1 1 1 1 1
117 125 153 190 1 1 1 1 1 1 1
40 9 55 56 1 1 1 1 1 1 1
37 82 435 458 1 1 1 1 1 1 1
48 65 209 226 1 1 1 1 1 1 1
70 48 117 134 1 1 1 1 1 1 1
28 29 200 207 1 1 1 1 1 1 1
97 8 15 16 1 1 1 1 1 1 1
41 129 560 601 1 1 1 1 1 1 1
49 66 236 263 1 1 1 1 1 1 1
99 14 23 28 1 1 1 1 1 1 1
29 42 301 312 1 1 1 1 1 1 1
102 138 218 265 1 1 1 1 1 1 1
36 68 375 390 1 1 1 1 1 1 1
86 44 78 87 1 1 1 1 1 1 1
102 29 39 48 1 1 1 1 1 1 1
73 58 121 138 1 1 1 1 1 1 1
76 140 306 371 1 1 1 1 1 1 1
118 135 179 224 1 1 1 1 1 1 1
80 82 169 198 1 1 1 1 1 1 1
70 139 332 339 1 1 1 1 1 1 1
103 106 164 195 1 1 1 1 1 1 1
51 123 450 459 1 1 1 1 1 1 1
108 23 21 34 1 1 1 1 1 1 1
69 36 79 86 1 1 1 1 1 1 1
34 117 637 668 1 1 1 1 1 1 1
117 39 55 56 1 1 1 1 1 1 1
90 23 48 55 1 1 1 1 1 1 1
69 10 19 22 1 1 1 1 1 1 1
35 88 511 514 1 1 1 1 1 1 1
60 24 68 83 1 1 1 1 1 1 1
51 101 366 401 1 1 1 1 1 1 1
105 126 194 237 1 1 1 1 1 1 1
57 40 143 160 1 1 1 1 1 1 1
40 7 34 35 1 1 1 1 1 1 1
83 63 107 110 1 1 1 1 1 1 1
7 37 1158 1169 1 1 1 1 1 1 1
78 133 286 329 1 1 1 1 1 1 1
9 116 2379 2408 1 1 1 1 1 1 1
25 54 452 455 1 1 1 1 1 1 1
115 60 80 95 1 1 1 1 1 1 1
72 56 120 135 1 1 1 1 1 1 1
32 39 219 220 1 1 1 1 1 1 1
13 55 863 880 1 1 1 1 1 1 1
66 45 116 131 1 1 1 1 1 1 1
87 55 105 106 1 1 1 1 1 1 1
84 138 285 300 1 1 1 1 1 1 1
104 68 94 115 1 1 1 1 1 1 1
73 49 142 143 1 1 1 1 1 1 1
110 118 173 180 1 1 1 1 1 1 1
84 48 110 123 1 1 1 1 1 1 1
74 71 159 184 1 1 1 1 1 1 1
50 89 329 334 1 1 1 1 1 1 1
106 46 84 95 1 1 1 1 1 1 1
114 100 148 153 1 1 1 1 1 1 1
73 22 54 61 1 1 1 1 1 1 1
78 80 165 190 1 1 1 1 1 1 1
98 14 18 23 1 1 1 1 1 1 1
65 52 122 139 1 1 1 1 1 1 1
118 62 76 97 1 1 1 1 1 1 1
64 109 272 303 1 1 1 1 1 1 1
62 34 87 100 1 1 1 1 1 1 1
5 38 1702 1709 1 1 1 1 1 1 1
79 133 270 311 1 1 1 1 1 1 1
17 109 1098 1127 1 1 1 1 1 1 1
86 115 213 256 1 1 1 1 1 1 1
41 124 541 576 1 1 1 1 1 1 1
45 83 315 370 1 1 1 1 1 1 1
46 105 418 419 1 1 1 1 1 1 1
63 105 269 290 1 1 1 1 1 1 1
112 111 131 168 1 1 1 1 1 1 1
15 65 854 873 1 1 1 1 1 1 1
104 66 87 112 1 1 1 1 1 1 1
24 62 433 448 1 1 1 1 1 1 1
76 31 55 60 1 1 1 1 1 1 1
31 23 161 164 1 1 1 1 1 1 1
79 17 41 48 1 1 1 1 1 1 1
114 43 69 70 1 1 1 1 1 1 1
95 131 239 246 1 1 1 1 1 1 1
64 20 64 69 1 1 1 1 1 1 1
44 84 395 400 1 1 1 1 1 1 1
81 93 197 202 1 1 1 1 1 1 1
62 139 347 428 1 1 1 1 1 1 1
89 96 144 225 1 1 1 1 1 1 1
102 96 164 197 1 1 1 1 1 1 1
94 47 74 89 1 1 1 1 1 1 1
100 116 165 170 1 1 1 1 1 1 1
21 76 625 642 1 1 1 1 1 1 1
72 77 204 205 1 1 1 1 1 1 1
94 18 25 30 1 1 1 1 1 1 1
56 59 172 191 1 1 1 1 1 1 1
11 63 1164 1165 1 1 1 1 1 1 1
57 27 66 75 1 1 1 1 1 1 1
56 118 368 409 1 1 1 1 1 1 1
74 97 232 267 1 1 1 1 1 1 1
53 48 142 163 1 1 1 1 1 1 1
100 112 159 196 1 1 1 1 1 1 1
23 130 1148 1155 1 1 1 1 1 1 1
105 130 183 190 1 1 1 1 1 1 1
75 17 42 45 1 1 1 1 1 1 1
56 51 152 167 1 1 1 1 1 1 1
91 12 22 23 1 1 1 1 1 1 1
59 18 58 63 1 1 1 1 1 1 1
111 10 14 15 1 1 1 1 1 1 1
23 58 408 423 1 1 1 1 1 1 1
75 21 54 59 1 1 1 1 1 1 1
63 87 244 249 1 1 1 1 1 1 1
27 88 561 616 1 1 1 1 1 1 1
12 35 579 602 1 1 1 1 1 1 1
115 25 36 47 1 1 1 1 1 1 1
89 38 72 79 1 1 1 1 1 1 1
87 89 142 175 1 1 1 1 1 1 1
89 56 125 128 1 1 1 1 1 1 1
29 83 533 558 1 1 1 1 1 1 1
23 41 340 353 1 1 1 1 1 1 1
50 132 423 460 1 1 1 1 1 1 1
23 25 217 224 1 1 1 1 1 1 1
100 40 60 61 1 1 1 1 1 1 1
13 12 152 153 1 1 1 1 1 1 1
112 68 107 110 1 1 1 1 1 1 1
78 129 269 316 1 1 1 1 1 1 1
117 118 152 189 1 1 1 1 1 1 1
47 42 165 176 1 1 1 1 1 1 1
13 85 1126 1189 1 1 1 1 1 1 1
4 66 3095 3096 1 0 1 1 1 1 1
40 46 225 226 1 1 1 1 1 1 1
106 3 3 4 1 1 1 1 1 1 1
81 51 113 128 1 1 1 1 1 1 1
62 58 150 173 1 1 1 1 1 1 1
116 90 112 133 1 1 1 1 1 1 1
59 29 101 102 1 1 1 1 1 1 1
77 137 256 295 1 1 1 1 1 1 1
89 91 210 215 1 1 1 1 1 1 1
119 63 71 90 1 1 1 1 1 1 1
111 10 15 18 1 1 1 1 1 1 1
53 8 34 35 1 1 1 1 1 1 1
39 36 175 182 1 1 1 1 1 1 1
105 88 83 154 1 1 1 1 1 1 1
40 45 206 207 1 1 1 1 1 1 1
18 88 1025 1030 1 1 1 1 1 1 1
12 67 1013 1028 1 1 1 1 1 1 1
82 21 39 42 1 1 1 1 1 1 1
118 40 41 52 1 1 1 1 1 1 1
64 127 335 376 1 1 1 1 1 1 1
91 24 56 57 1 1 1 1 1 1 1
50 41 122 133 1 1 1 1 1 1 1
52 83 272 323 1 1 1 1 1 1 1
11 116 2292 2295 1 1 1 1 1 1 1
104 69 91 112 1 1 1 1 1 1 1
107 106 157 188 1 1 1 1 1 1 1
42 96 389 438 1 1 1 1 1 1 1
67 109 231 236 1 1 1 1 1 1 1
62 53 132 147 1 1 1 1 1 1 1
61 125 384 391 1 1 1 1 1 1 1
59 61 179 202 1 1 1 1 1 1 1
17 36 486 487 1 1 1 1 1 1 1
102 85 129 158 1 1 1 1 1 1 1
21 112 1058 1107 1 1 1 1 1 1 1
19 68 617 642 1 1 1 1 1 1 1
34 59 367 384 1 1 1 1 1 1 1
109 133 159 206 1 1 1 1 1 1 1
108 20 24 25 1 1 1 1 1 1 1
24 42 289 302 1 1 1 1 1 1 1
36 109 550 577 1 1 1 1 1 1 1
72 66 188 207 1 1 1 1 1 1 1
8 103 2786 2817 1 1 1 1 1 1 1
117 107 174 175 1 1 1 1 1 1 1
108 53 81 86 1 1 1 1 1 1 1
91 41 95 98 1 1 1 1 1 1 1
84 70 145 166 1 1 1 1 1 1 1
94 83 154 159 1 1 1 1 1 1 1
69 50 128 151 1 1 1 1 1 1 1
52 127 406 451 1 1 1 1 1 1 1
5 129 5439 5440 1 0 1 1 1 1 1
100 109 175 212 1 1 1 1 1 1 1
71 23 54 61 1 1 1 1 1 1 1
55 82 253 282 1 1 1 1 1 1 1
80 29 65 76 1 1 1 1 1 1 1
113 64 103 104 1 1 1 1 1 1 1
14 60 774 779 1 1 1 1 1 1 1
19 109 1146 1175 1 1 1 1 1 1 1
96 130 195 234 1 1 1 1 1 1 1
25 8 50 51 1 1 1 1 1 1 1
65 26 74 79 1 1 1 1 1 1 1
120 40 53 66 1 1 1 1 1 1 1
86 51 114 115 1 1 1 1 1 1 1
69 36 85 88 1 1 1 1 1 1 1
82 44 90 93 1 1 1 1 1 1 1
100 132 198 237 1 1 1 1 1 1 1
86 18 31 36 1 1 1 1 1 1 1
58 113 359 394 1 1 1 1 1 1 1
68 55 116 141 1 1 1 1 1 1 1
62 123 302 337 1 1 1 1 1 1 1
118 5 7 8 1 1 1 1 1 1 1
23 102 759 786 1 1 1 1 1 1 1
15 46 551 562 1 1 1 1 1 1 1
116 56 80 93 1 1 1 1 1 1 1
13 17 208 213 1 1 1 1 1 1 1
32 8 47 48 1 1 1 1 1 1 1
25 8 39 40 1 1 1 1 1 1 1
91 138 208 255 1 1 1 1 1 1 1
56 62 209 212 1 1 1 1 1 1 1
115 61 75 94 1 1 1 1 1 1 1
42 8 40 41 1 1 1 1 1 1 1
101 95 126 153 1 1 1 1 1 1 1
116 139 165 206 1 1 1 1 1 1 1
96 72 118 145 1 1 1 1 1 1 1
43 84 361 394 1 1 1 1 1 1 1
9 136 3172 3209 1 1 1 1 1 1 1
20 83 868 871 1 1 1 1 1 1 1
70 27 56 65 1 1 1 1 1 1 1
36 56 330 333 1 1 1 1 1 1 1
47 42 174 185 1 1 1 1 1 1 1
82 78 160 163 1 1 1 1 1 1 1
87 136 239 282 1 1 1 1 1 1 1
88 18 21 26 1 1 1 1 1 1 1
4 75 3605 3620 1 1 1 1 1 1 1
66 90 254 281 1 1 1 1 1 1 1
110 46 75 78 1 1 1 1 1 1 1
15 28 372 373 1 0 1 1 1 1 1
19 80 815 836 1 1 1 1 1 1 1
33 37 226 227 1 1 1 1 1 1 1
7 41 1213 1226 1 1 1 1 1 1 1
77 108 229 256 1 1 1 1 1 1 1
37 100 518 523 1 1 1 1 1 1 1
36 18 104 117 1 1 1 1 1 1 1
112 128 172 207 1 1 1 1 1 1 1
85 88 174 201 1 1 1 1 1 1 1
23 49 410 415 1 1 1 1 1 1 1
61 21 59 60 1 1 1 1 1 1 1
112 111 138 175 1 1 1 1 1 1 1
7 74 2279 2292 1 1 1 1 1 1 1
13 131 1813 1818 1 1 1 1 1 1 1
100 27 44 45 1 1 1 1 1 1 1
27 110 875 908 1 1 1 1 1 1 1
35 11 36 41 1 1 1 1 1 1 1
111 48 65 82 1 1 1 1 1 1 1
33 74 483 486 1 1 1 1 1 1 1
74 61 158 161 1 1 1 1 1 1 1
38 121 624 665 1 1 1 1 1 1 1
66 115 313 320 1 1 1 1 1 1 1
43 113 488 529 1 1 1 1 1 1 1
68 56 126 147 1 1 1 1 1 1 1
41 34 157 166 1 1 1 1 1 1 1
70 133 288 337 1 1 1 1 1 1 1
17 40 416 429 1 1 1 1 1 1 1
51 45 158 169 1 1 1 1 1 1 1
119 137 136 181 1 1 1 1 1 1 1
65 64 149 168 1 1 1 1 1 1 1
80 12 27 30 1 1 1 1 1 1 1
87 55 125 126 1 1 1 1 1 1 1
80 92 184 189 1 1 1 1 1 1 1
115 86 119 148 1 1 1 1 1 1 1
32 88 467 476 1 1 1 1 1 1 1
54 32 90 101 1 1 1 1 1 1 1
112 129 207 214 1 1 1 1 1 1 1
70 115 292 299 1 1 1 1 1 1 1
99 122 152 183 1 1 1 1 1 1 1
120 88 132 157 1 1 1 1 1 1 1
33 10 75 78 1 1 1 1 1 1 1
87 65 109 128 1 1 1 1 1 1 1
93 112 201 236 1 1 1 1 1 1 1
110 89 135 138 1 1 1 1 1 1 1
68 72 178 181 1 1 1 1 1 1 1
56 118 363 398 1 1 1 1 1 1 1
36 71 385 410 1 1 1 1 1 1 1
89 80 140 141 1 1 1 1 1 1 1
26 77 567 598 1 1 1 1 1 1 1
20 4 23 24 1 1 1 1 1 1 1
43 36 161 162 1 1 1 1 1 1 1
46 38 158 169 1 1 1 1 1 1 1
52 48 149 150 1 1 1 1 1 1 1
13 137 2107 2162 1 1 1 1 1 1 1
74 66 165 188 1 1 1 1 1 1 1
51 41 161 170 1 1 1 1 1 1 1
69 5 8 9 1 1 1 1 1 1 1
41 45 216 233 1 1 1 1 1 1 1
105 43 49 62 1 1 1 1 1 1 1
86 112 229 236 1 1 1 1 1 1 1
20 27 263 272 1 1 1 1 1 1 1
26 40 259 260 1 1 1 1 1 1 1
30 32 202 215 1 1 1 1 1 1 1
57 32 78 79 1 1 1 1 1 1 1
41 68 303 314 1 1 1 1 1 1 1
32 32 208 217 1 1 1 1 1 1 1
9 90 2061 2062 1 1 1 1 1 1 1
17 102 1043 1078 1 1 1 1 1 1 1
60 43 120 131 1 1 1 1 1 1 1
58 104 288 319 1 1 1 1 1 1 1
69 106 237 278 1 1 1 1 1 1 1
31 38 217 218 1 1 1 1 1 1 1
54 64 210 211 1 1 1 1 1 1 1
9 120 2523 2560 1 1 1 1 1 1 1
50 108 347 382 1 1 1 1 1 1 1
79 8 9 10 1 1 1 1 1 1 1
86 119 186 221 1 1 1 1 1 1 1
46 104 407 436 1 1 1 1 1 1 1
61 11 17 18 1 1 1 1 1 1 1
21 129 1177 1212 1 1 1 1 1 1 1
31 71 432 451 1 1 1 1 1 1 1
25 121 960 1039 1 1 1 1 1 1 1
9 122 2798 2801 1 1 1 1 1 1 1
51 44 173 186 1 1 1 1 1 1 1
62 29 65 74 1 1 1 1 1 1 1
62 97 242 247 1 1 1 1 1 1 1
92 48 74 83 1 1 1 1 1 1 1
64 16 41 46 1 1 1 1 1 1 1
29 33 155 178 1 1 1 1 1 1 1
42 98 424 429 1 1 1 1 1 1 1
15 110 1473 1504 1 1 1 1 1 1 1
39 63 311 314 1 1 1 1 1 1 1
43 30 100 109 1 1 1 1 1 1 1
8 22 560 571 1 1 1 1 1 1 1
120 116 124 165 1 1 1 1 1 1 1
94 35 63 74 1 1 1 1 1 1 1
107 24 24 39 1 1 1 1 1 1 1
11 64 1000 1021 1 1 1 1 1 1 1
58 68 198 203 1 1 1 1 1 1 1
11 43 872 885 1 1 1 1 1 1 1
38 140 719 802 1 1 1 1 1 1 1
45 40 190 191 1 1 1 1 1 1 1
43 42 178 187 1 1 1 1 1 1 1
69 39 96 111 1 1 1 1 1 1 1
66 95 243 270 1 1 1 1 1 1 1
31 113 646 681 1 1 1 1 1 1 1
54 115 354 389 1 1 1 1 1 1 1
107 109 154 159 1 1 1 1 1 1 1
56 106 408 409 1 1 1 1 1 1 1
67 3 9 10 1 1 1 1 1 1 1
97 4 5 6 1 1 1 1 1 1 1
73 94 187 214 1 1 1 1 1 1 1
25 50 394 407 1 1 1 1 1 1 1
9 108 2522 2551 1 1 1 1 1 1 1
29 45 323 336 1 1 1 1 1 1 1
79 55 117 120 1 1 1 1 1 1 1
26 136 1018 1025 1 1 1 1 1 1 1
105 114 157 198 1 1 1 1 1 1 1
25 105 730 761 1 1 1 1 1 1 1
120 110 130 161 1 1 1 1 1 1 1
15 101 1311 1334 1 1 1 1 1 1 1
30 91 572 599 1 1 1 1 1 1 1
11 77 1239 1268 1 1 1 1 1 1 1
75 137 346 353 1 1 1 1 1 1 1
93 75 130 135 1 1 1 1 1 1 1
87 119 229 264 1 1 1 1 1 1 1
93 135 245 292 1 1 1 1 1 1 1
58 42 128 129 1 1 1 1 1 1 1
9 6 136 137 1 1 1 1 1 1 1
83 93 199 202 1 1 1 1 1 1 1
120 41 49 60 1 1 1 1 1 1 1
63 104 286 321 1 1 1 1 1 1 1
10 77 1416 1445 1 1 1 1 1 1 1
15 9 129 132 1 1 1 1 1 1 1
43 67 317 320 1 1 1 1 1 1 1
81 32 66 77 1 1 1 1 1 1 1
57 125 403 450 1 1 1 1 1 1 1
6 6 116 117 1 0 1 1 1 1 1
96 7 8 11 1 1 1 1 1 1 1
52 34 120 131 1 1 1 1 1 1 1
23 83 685 690 1 1 1 1 1 1 1
73 96 250 255 1 1 1 1 1 1 1
46 60 263 280 1 1 1 1 1 1 1
62 27 85 86 1 1 1 1 1 1 1
98 97 160 189 1 1 1 1 1 1 1
73 99 238 243 1 1 1 1 1 1 1
73 6 13 16 1 1 1 1 1 1 1
62 113 287 324 1 1 1 1 1 1 1
51 78 285 306 1 1 1 1 1 1 1
60 128 377 414 1 1 1 1 1 1 1
79 52 97 130 1 1 1 1 1 1 1
104 52 85 100 1 1 1 1 1 1 1
55 131 376 413 1 1 1 1 1 1 1
29 44 271 272 1 1 1 1 1 1 1
79 11 9 12 1 1 1 1 1 1 1
117 92 130 135 1 1 1 1 1 1 1
114 98 118 147 1 1 1 1 1 1 1
96 92 132 151 1 1 1 1 1 1 1
96 49 63 72 1 1 1 1 1 1 1
34 17 94 97 1 1 1 1 1 1 1
50 129 500 535 1 1 1 1 1 1 1
112 30 31 44 1 1 1 1 1 1 1
79 39 88 89 1 1 1 1 1 1 1
67 3 6 7 1 1 1 1 1 1 1
78 137 271 310 1 1 1 1 1 1 1
31 12 94 95 1 1 1 1 1 1 1
55 46 145 156 1 1 1 1 1 1 1
74 69 160 179 1 1 1 1 1 1 1
16 71 800 819 1 1 1 1 1 1 1
100 118 173 184 1 1 1 1 1 1 1
37 4 23 24 1 1 1 1 1 1 1
93 116 222 263 1 1 1 1 1 1 1
70 44 110 121 1 1 1 1 1 1 1
39 87 447 472 1 1 1 1 1 1 1
22 49 433 436 1 1 1 1 1 1 1
11 126 2135 2176 1 1 1 1 1 1 1
90 30 31 38 1 1 1 1 1 1 1
40 74 309 366 1 1 1 1 1 1 1
14 65 990 995 1 1 1 1 1 1 1
12 14 244 245 1 1 1 1 1 1 1
12 80 1232 1251 1 1 1 1 1 1 1
31 11 52 53 1 1 1 1 1 1 1
62 17 56 59 1 1 1 1 1 1 1
6 30 1021 1022 1 0 1 1 1 1 1
91 86 146 167 1 1 1 1 1 1 1
92 33 64 75 1 1 1 1 1 1 1
51 114 387 392 1 1 1 1 1 1 1
4 50 2263 2264 1 0 1 1 1 1 1
75 88 227 232 1 1 1 1 1 1 1
89 72 130 135 1 1 1 1 1 1 1
38 23 97 98 1 1 1 1 1 1 1
89 87 134 157 1 1 1 1 1 1 1
74 24 64 71 1 1 1 1 1 1 1
83 102 205 262 1 1 1 1 1 1 1
20 134 1399 1406 1 1 1 1 1 1 1
66 67 180 199 1 1 1 1 1 1 1
41 30 112 123 1 1 1 1 1 1 1
7 77 2106 2121 1 1 1 1 1 1 1
23 44 326 341 1 1 1 1 1 1 1
21 15 132 135 1 1 1 1 1 1 1
104 99 163 194 1 1 1 1 1 1 1
77 86 212 217 1 1 1 1 1 1 1
89 108 206 211 1 1 1 1 1 1 1
50 54 155 158 1 1 1 1 1 1 1
117 86 100 131 1 1 1 1 1 1 1
74 47 98 111 1 1 1 1 1 1 1
7 89 2423 2442 1 1 1 1 1 1 1
58 65 198 223 1 1 1 1 1 1 1
114 18 15 22 1 1 1 1 1 1 1
105 15 24 27 1 1 1 1 1 1 1
69 47 115 120 1 1 1 1 1 1 1
27 47 330 347 1 1 1 1 1 1 1
37 13 56 59 1 1 1 1 1 1 1
118 9 10 15 1 1 1 1 1 1 1
37 123 707 714 1 1 1 1 1 1 1
50 35 146 153 1 1 1 1 1 1 1
18 100 874 931 1 1 1 1 1 1 1
62 14 44 47 1 1 1 1 1 1 1
53 38 140 149 1 1 1 1 1 1 1
105 67 107 110 1 1 1 1 1 1 1
57 32 107 118 1 1 1 1 1 1 1
34 61 300 317 1 1 1 1 1 1 1
5 119 4871 4872 1 0 1 1 1 1 1
91 44 79 92 1 1 1 1 1 1 1
88 28 42 43 1 1 1 1 1 1 1
98 4 9 10 1 1 1 1 1 1 1
45 31 134 145 1 1 1 1 1 1 1
48 60 218 241 1 1 1 1 1 1 1
26 85 581 610 1 1 1 1 1 1 1
39 44 239 250 1 1 1 1 1 1 1
93 33 63 74 1 1 1 1 1 1 1
33 43 223 236 1 1 1 1 1 1 1
18 90 907 938 1 1 1 1 1 1 1
92 21 35 40 1 1 1 1 1 1 1
83 94 170 205 1 1 1 1 1 1 1
57 88 244 275 1 1 1 1 1 1 1
53 102 319 348 1 1 1 1 1 1 1
54 75 222 249 1 1 1 1 1 1 1
9 126 2725 2728 1 1 1 1 1 1 1
95 107 209 216 1 1 1 1 1 1 1
9 47 1063 1080 1 1 1 1 1 1 1
39 137 577 602 1 1 1 1 1 1 1
24 77 568 591 1 1 1 1 1 1 1
30 33 257 258 1 1 1 1 1 1 1
57 102 303 342 1 1 1 1 1 1 1
110 121 200 207 1 1 1 1 1 1 1
110 122 193 232 1 1 1 1 1 1 1
115 121 156 163 1 1 1 1 1 1 1
42 45 146 159 1 1 1 1 1 1 1
70 69 163 184 1 1 1 1 1 1 1
32 120 762 807 1 1 1 1 1 1 1
16 121 1396 1413 1 1 1 1 1 1 1
34 116 660 673 1 1 1 1 1 1 1
48 71 255 280 1 1 1 1 1 1 1
10 131 2517 2552 1 1 1 1 1 1 1
69 87 206 235 1 1 1 1 1 1 1
73 91 174 207 1 1 1 1 1 1 1
118 4 8 9 1 1 1 1 1 1 1
15 131 1686 1717 1 1 1 1 1 1 1
68 49 92 109 1 1 1 1 1 1 1
64 10 26 29 1 1 1 1 1 1 1
9 83 1923 1946 1 1 1 1 1 1 1
91 121 232 237 1 1 1 1 1 1 1
118 97 116 149 1 1 1 1 1 1 1
52 98 324 363 1 1 1 1 1 1 1
44 100 387 406 1 1 1 1 1 1 1
77 88 171 206 1 1 1 1 1 1 1
96 131 202 239 1 1 1 1 1 1 1
92 126 193 242 1 1 1 1 1 1 1
96 38 69 84 1 1 1 1 1 1 1
83 38 79 104 1 1 1 1 1 1 1
8 131 3173 3204 1 1 1 1 1 1 1
105 55 78 89 1 1 1 1 1 1 1
7 27 699 712 1 1 1 1 1 1 1
59 68 219 238 1 1 1 1 1 1 1
21 119 1045 1090 1 1 1 1 1 1 1
18 7 54 55 1 1 1 1 1 1 1
45 120 485 518 1 1 1 1 1 1 1
108 124 169 208 1 1 1 1 1 1 1
118 7 7 8 1 1 1 1 1 1 1
11 118 1978 1981 1 1 1 1 1 1 1
60 112 294 331 1 1 1 1 1 1 1
72 134 294 331 1 1 1 1 1 1 1
78 57 118 137 1 1 1 1 1 1 1
77 6 10 11 1 1 1 1 1 1 1
11 39 636 645 1 1 1 1 1 1 1
78 23 44 51 1 1 1 1 1 1 1
115 6 6 7 1 1 1 1 1 1 1
117 25 28 35 1 1 1 1 1 1 1
98 76 113 130 1 1 1 1 1 1 1
22 104 932 963 1 1 1 1 1 1 1
18 38 342 369 1 1 1 1 1 1 1
14 55 693 708 1 1 1 1 1 1 1
14 62 774 789 1 1 1 1 1 1 1
33 54 317 320 1 1 1 1 1 1 1
106 5 11 12 1 1 1 1 1 1 1
86 41 82 93 1 1 1 1 1 1 1
87 85 149 170 1 1 1 1 1 1 1
19 14 166 167 1 1 1 1 1 1 1
36 98 433 460 1 1 1 1 1 1 1
70 23 51 58 1 1 1 1 1 1 1
25 66 534 555 1 1 1 1 1 1 1
113 77 90 111 1 1 1 1 1 1 1
39 115 598 603 1 1 1 1 1 1 1
31 105 589 624 1 1 1 1 1 1 1
21 136 1306 1313 1 1 1 1 1 1 1
42 47 217 232 1 1 1 1 1 1 1
104 58 81 86 1 1 1 1 1 1 1
6 28 901 920 1 0 1 1 1 1 1
113 56 78 95 1 1 1 1 1 1 1
11 117 2105 2128 1 1 1 1 1 1 1
92 115 163 204 1 1 1 1 1 1 1
18 122 1080 1125 1 1 1 1 1 1 1
34 76 381 404 1 1 1 1 1 1 1
22 99 744 781 1 1 1 1 1 1 1
98 66 104 107 1 1 1 1 1 1 1
117 138 175 230 1 1 1 1 1 1 1
49 51 159 172 1 1 1 1 1 1 1
96 61 90 107 1 1 1 1 1 1 1
5 71 3051 3052 1 0 1 1 1 1 1
72 62 150 171 1 1 1 1 1 1 1
115 57 64 85 1 1 1 1 1 1 1
116 115 107 140 1 1 1 1 1 1 1
60 10 27 30 1 1 1 1 1 1 1
49 43 157 168 1 1 1 1 1 1 1
50 63 220 223 1 1 1 1 1 1 1
16 35 349 356 1 1 1 1 1 1 1
62 52 160 175 1 1 1 1 1 1 1
21 69 634 653 1 1 1 1 1 1 1
107 119 190 197 1 1 1 1 1 1 1
27 38 264 273 1 1 1 1 1 1 1
48 68 271 294 1 1 1 1 1 1 1
10 84 1672 1673 1 1 1 1 1 1 1
48 35 104 111 1 1 1 1 1 1 1
68 82 226 247 1 1 1 1 1 1 1
87 126 250 251 1 1 1 1 1 1 1
76 45 88 101 1 1 1 1 1 1 1
43 16 58 61 1 1 1 1 1 1 1
6 105 3291 3292 1 0 1 1 1 1 1
51 98 341 368 1 1 1 1 1 1 1
73 100 227 296 1 1 1 1 1 1 1
107 56 71 88 1 1 1 1 1 1 1
6 13 392 397 1 1 1 1 1 1 1
114 66 100 103 1 1 1 1 1 1 1
42 38 166 179 1 1 1 1 1 1 1
47 31 128 137 1 1 1 1 1 1 1
66 136 374 417 1 1 1 1 1 1 1
27 51 383 396 1 1 1 1 1 1 1
113 43 73 76 1 1 1 1 1 1 1
34 106 463 468 1 1 1 1 1 1 1
16 85 1012 1015 1 1 1 1 1 1 1
51 97 292 331 1 1 1 1 1 1 1
112 114 156 193 1 1 1 1 1 1 1
116 134 175 210 1 1 1 1 1 1 1
12 106 1767 1804 1 1 1 1 1 1 1
119 88 115 140 1 1 1 1 1 1 1
54 51 123 146 1 1 1 1 1 1 1
41 21 109 114 1 1 1 1 1 1 1
32 118 746 757 1 1 1 1 1 1 1
51 52 212 231 1 1 1 1 1 1 1
60 96 310 345 1 1 1 1 1 1 1
24 20 151 156 1 1 1 1 1 1 1
25 7 65 68 1 1 1 1 1 1 1
52 5 18 19 1 1 1 1 1 1 1
48 7 27 28 1 1 1 1 1 1 1
9 69 1589 1590 1 1 1 1 1 1 1
86 68 115 138 1 1 1 1 1 1 1
64 125 308 347 1 1 1 1 1 1 1
30 21 135 142 1 1 1 1 1 1 1
9 107 2487 2490 1 1 1 1 1 1 1
105 77 108 139 1 1 1 1 1 1 1
4 118 6002 6021 1 1 1 1 1 1 1
26 60 456 459 1 1 1 1 1 1 1
114 31 45 56 1 1 1 1 1 1 1
53 68 215 234 1 1 1 1 1 1 1
50 8 20 27 1 0 1 1 1 1 1
32 21 134 141 1 1 1 1 1 1 1
70 12 21 22 1 1 1 1 1 1 1
68 17 55 60 1 1 1 1 1 1 1
4 99 5040 5061 1 1 1 1 1 1 1
36 62 327 346 1 1 1 1 1 1 1
84 83 138 175 1 1 1 1 1 1 1
21 43 335 350 1 1 1 1 1 1 1
110 116 150 189 1 1 1 1 1 1 1
76 89 191 218 1 1 1 1 1 1 1
84 8 18 19 1 1 1 1 1 1 1
59 135 451 486 1 1 1 1 1 1 1
42 101 441 472 1 1 1 1 1 1 1
114 19 27 28 1 1 1 1 1 1 1
65 103 245 276 1 1 1 1 1 1 1
105 69 122 127 1 1 1 1 1 1 1
23 65 534 537 1 1 1 1 1 1 1
45 106 456 463 1 1 1 1 1 1 1
