7402 68 0 1 1 1 1 1 1 1 1 1 0 2072 0 1.000007
16831 124 0 17 1 1 1 1 1 1 1 1 1 8237 0 1.000000
12649 118 2 15 1 1 1 1 1 1 1 1 1 6228 0 1.000000
9980 94 1 10 1 1 1 1 1 1 1 1 0 4333 0 1.000000
8208 73 0 3 1 1 1 1 1 1 1 1 0 2319 0 1.000000
6016 91 2 5 1 1 1 1 1 1 1 1 1 2960 0 1.000001
3245 82 1 6 1 1 1 1 1 1 1 1 0 1023 0 1.000000
9568 94 0 3 1 1 1 1 1 1 1 1 0 3605 0 1.000000
4487 94 0 7 1 1 1 1 1 1 1 1 1 2220 0 1.000000
8524 89 0 3 1 1 1 1 1 1 1 1 1 4189 0 1.000000
4471 66 0 5 1 1 1 1 1 1 1 1 0 1447 0 1.000000
13446 105 0 3 1 1 1 1 1 1 1 1 0 5083 0 1.000000
19591 116 0 9 1 1 1 1 1 1 1 1 0 7069 0 1.000000
11858 91 0 5 1 1 1 1 1 1 1 1 1 5746 0 1.000000
7569 74 0 1 1 1 1 1 1 1 1 1 0 1431 0 1.000003
6399 107 0 1 1 1 1 1 1 1 1 1 1 2621 0 1.000162
6945 122 0 19 1 1 1 1 1 1 1 1 1 3110 0 1.000000
18327 61 2 3 1 1 1 1 1 1 1 1 1 8368 0 1.001532
3717 97 0 11 1 1 1 1 1 1 1 1 0 277 0 1.000000
13397 79 0 7 1 1 1 1 1 1 1 1 1 6618 0 1.000000
4221 63 1 12 1 1 1 1 1 1 1 1 1 2083 0 1.000000
9144 98 0 15 1 1 1 1 1 1 1 1 0 2187 0 1.000000
17319 130 0 5 1 1 1 1 1 1 1 1 0 5539 0 1.000000
18444 125 0 1 1 1 1 1 1 1 1 1 1 8007 0 1.000394
9927 71 1 4 1 1 1 1 1 1 1 1 0 2694 0 1.000000
13573 78 0 3 1 1 1 1 1 1 1 1 1 5895 0 1.000000
18672 61 0 5 1 1 1 1 1 1 1 1 1 9162 0 1.000000
12526 104 0 13 1 1 1 1 1 1 1 1 1 6164 0 1.000000
11038 66 1 8 1 1 1 1 1 1 1 1 0 3569 0 1.000000
7376 128 2 9 1 1 1 1 1 1 1 1 0 642 0 1.000000
18649 100 0 5 1 1 1 1 1 1 1 1 0 6585 0 1.000000
11678 67 0 11 1 1 1 1 1 1 1 1 1 5807 0 1.000000
17091 72 0 1 1 1 1 1 1 1 1 1 0 6213 0 1.000038
12889 60 0 5 1 1 1 1 1 1 1 1 0 5338 0 1.000000
17460 65 0 1 1 1 1 1 1 1 1 1 1 7032 0 1.000104
18557 124 1 18 1 1 1 1 1 1 1 1 0 2814 0 1.000000
17882 128 0 17 1 1 1 1 1 1 1 1 1 8625 0 1.000000
11937 114 1 10 1 1 1 1 1 1 1 1 0 4006 0 1.000000
6548 72 1 8 1 1 1 1 1 1 1 1 0 2202 0 1.000000
10516 90 0 3 1 1 1 1 1 1 0 1 0 1077 1 1.000000
16439 81 0 11 1 1 1 1 1 1 1 1 0 4127 0 1.000000
3854 81 0 11 1 1 1 1 1 1 1 1 0 1230 0 1.000000
3138 127 0 7 1 1 1 1 1 1 1 1 1 1468 0 1.000000
7851 76 1 2 1 1 1 1 1 1 1 1 1 3699 0 1.003900
18638 128 0 5 1 1 1 1 1 1 1 1 1 9064 0 1.000000
14753 117 2 21 1 1 1 1 1 1 1 1 0 3819 0 1.000000
3261 99 1 4 1 1 1 1 1 1 1 1 1 1540 0 1.000000
8091 130 1 4 1 1 1 1 1 1 1 1 1 4026 0 1.000004
6937 115 0 3 1 1 1 1 1 1 1 1 0 1199 0 1.000000
18563 82 0 11 1 1 1 1 1 1 1 1 1 8908 0 1.000000
12127 105 0 3 1 1 1 1 1 1 1 1 1 5886 0 1.000000
9539 126 0 15 1 1 1 1 1 1 1 1 1 4731 0 1.000000
12637 112 0 7 1 1 1 1 1 1 1 1 1 5999 0 1.000000
13530 78 2 7 1 1 1 1 1 1 1 1 1 6582 0 1.000000
19379 102 0 1 1 1 1 1 1 1 1 1 0 4923 0 1.000007
7204 96 1 10 1 1 1 1 1 1 1 1 1 3573 0 1.000000
17896 76 1 12 1 1 1 1 1 1 1 1 0 4282 0 1.000000
4007 97 0 5 1 1 1 1 1 1 1 1 0 487 0 1.000000
3957 109 0 1 1 1 1 1 1 1 1 1 0 695 0 1.000003
4276 83 0 3 1 1 1 1 1 1 1 1 0 1093 0 1.000000
