4853 71 0 1 1 1 1 1 1 1 1 1 1 2321 0 1.003657
18106 104 0 7 1 1 1 1 1 1 0 1 0 1434 1 1.000000
19654 64 0 11 1 1 1 1 1 1 1 1 1 9523 0 1.000000
6885 106 0 3 1 1 1 1 1 1 1 1 0 2098 0 1.000000
14749 78 0 5 1 1 1 1 1 1 1 1 1 7218 0 1.000000
12919 69 0 1 1 1 1 1 1 1 1 1 0 3305 0 1.000005
5381 107 0 3 1 1 1 1 1 1 1 1 0 829 0 1.000000
17832 65 1 10 1 1 1 1 1 1 1 1 1 8206 0 1.000000
15423 103 0 9 1 1 1 1 1 1 1 1 1 6943 0 1.000000
4104 118 0 5 1 1 1 1 1 1 1 1 1 2021 0 1.000000
4110 99 0 7 1 1 1 1 1 1 1 1 1 1979 0 1.000000
18402 119 0 3 1 1 1 1 1 1 1 1 1 8571 0 1.000000
18735 111 1 10 1 1 1 1 1 1 1 1 0 4841 0 1.000000
18851 128 1 2 1 1 1 1 1 1 1 1 0 3660 0 1.000014
12845 114 0 7 1 1 1 1 1 1 1 1 1 5947 0 1.000000
13807 73 0 9 1 1 1 1 1 1 1 1 0 5045 0 1.000000
7961 108 0 3 1 1 1 1 1 1 1 1 1 3870 0 1.000000
12934 113 0 19 1 1 1 1 1 1 1 1 0 5244 0 1.000000
7907 66 2 7 1 1 1 1 1 1 1 1 1 3438 0 1.000000
19062 125 2 11 1 1 1 1 1 1 1 1 0 6571 0 1.000000
18716 118 0 11 1 1 1 1 1 1 1 1 1 8968 0 1.000000
6415 79 1 14 1 1 1 1 1 1 1 1 1 3178 0 1.000000
9140 86 1 4 1 1 1 1 1 1 1 1 1 4540 0 1.000002
14704 104 0 17 1 1 1 1 1 1 1 1 0 5592 0 1.000000
4043 77 0 1 1 1 1 1 1 1 1 1 0 1310 0 1.000017
13627 94 0 1 1 1 1 1 1 1 1 1 0 4005 0 1.000012
6116 69 0 3 1 1 1 1 1 1 1 1 0 2227 0 1.000000
7205 122 0 9 1 1 1 1 1 1 1 1 1 3382 0 1.000000
8694 110 2 21 1 1 1 1 1 1 1 1 1 4144 0 1.000000
12247 94 0 9 1 1 1 1 1 1 1 1 0 5122 0 1.000000
19112 83 2 9 1 1 1 1 1 1 1 1 1 9292 0 1.000000
10695 83 2 5 1 1 1 1 1 1 1 1 0 4315 0 1.000000
19405 100 0 17 1 1 1 1 1 1 1 1 0 7936 0 1.000000
12262 86 1 2 1 1 1 1 1 1 1 1 1 5804 0 1.004812
5672 123 1 20 1 1 1 1 1 1 1 1 0 1825 0 1.000000
18984 64 1 4 1 1 1 1 1 1 1 1 0 836 0 1.000000
13120 115 0 1 1 1 1 1 1 1 1 1 1 5836 0 1.000600
10605 119 2 17 1 1 1 1 1 1 1 1 1 5049 0 1.000000
12885 114 0 17 1 1 1 1 1 1 1 1 0 2776 0 1.000000
15865 117 2 3 1 1 1 1 1 1 1 1 0 5491 0 1.000104
3254 113 2 9 1 1 1 1 1 1 1 1 1 1591 0 1.000000
6734 107 0 1 1 1 1 1 1 1 1 1 1 2610 0 1.000085
7545 78 1 6 1 1 1 1 1 1 1 1 0 2947 0 1.000000
6606 128 0 7 1 1 1 1 1 1 1 1 1 3049 0 1.000000
14896 91 0 9 1 1 1 1 1 1 1 1 0 4791 0 1.000000
9261 117 0 13 1 1 1 1 1 1 1 1 1 4596 0 1.000000
11032 67 2 11 1 1 1 1 1 1 1 1 1 4981 0 1.000000
12672 115 1 20 1 1 1 1 1 1 1 1 0 4822 0 1.000000
9374 77 0 7 1 1 1 1 1 1 1 1 1 4652 0 1.000000
5276 72 0 5 1 1 1 1 1 1 1 1 1 2611 0 1.000000
14422 104 0 3 1 1 1 1 1 1 1 1 1 7000 0 1.000000
5461 78 0 9 1 1 1 1 1 1 1 1 1 2714 0 1.000000
6367 114 0 15 1 1 1 1 1 1 1 1 0 1218 0 1.000000
4281 96 1 2 1 1 1 1 1 1 1 1 1 2038 0 1.006093
13911 73 0 3 1 1 1 1 1 1 1 1 1 6361 0 1.000000
10271 91 2 7 1 1 1 1 1 1 1 1 1 5086 0 1.000000
7931 98 0 13 1 1 1 1 1 1 1 1 0 2533 0 1.000000
13620 65 0 1 1 1 1 1 1 1 1 1 1 6617 0 1.007221
4045 73 2 5 1 1 1 1 1 1 1 1 1 2001 0 1.000001
4466 82 1 4 1 1 1 1 1 1 1 1 1 2142 0 1.000000
