10797 129 0 3 1 1 1 1 1 1 1 1 1 5297 0 1.000000
3696 107 2 5 1 1 1 1 1 1 1 1 1 1456 0 1.000000
12471 129 0 5 1 1 1 1 1 1 1 1 0 4231 0 1.000000
10354 114 2 5 1 1 1 1 1 1 1 1 1 5145 0 1.000003
12560 64 0 3 1 1 1 1 1 1 1 1 1 6148 0 1.000000
11711 94 0 5 1 1 1 1 1 1 1 1 1 5761 0 1.000000
4658 63 1 4 1 1 1 1 1 1 1 1 1 2275 0 1.000000
9848 93 0 11 1 1 1 1 1 1 1 1 1 4284 0 1.000000
15922 71 0 11 1 1 1 1 1 1 1 1 1 7150 0 1.000000
8002 78 1 8 1 1 1 1 1 1 1 1 1 3978 0 1.000000
12043 122 0 7 1 1 1 1 1 1 1 1 1 5632 0 1.000000
11958 63 0 1 1 1 1 1 1 1 1 1 0 1372 0 1.000001
3279 78 1 4 1 1 1 1 1 1 1 1 0 1032 0 1.000000
8175 75 1 10 1 1 1 1 1 1 1 1 1 3707 0 1.000000
3006 77 2 13 1 1 1 1 1 1 1 1 1 1400 0 1.000000
5898 66 0 5 1 1 1 1 1 1 1 1 0 1815 0 1.000000
16911 82 0 7 1 1 1 1 1 1 1 1 0 7503 0 1.000000
8946 91 0 3 1 1 1 1 1 1 1 1 1 3901 0 1.000000
17013 115 2 5 1 1 1 1 1 1 1 1 0 4764 0 1.000000
5233 121 0 15 1 1 1 1 1 1 1 1 1 2105 0 1.000000
14945 110 0 5 1 1 1 1 1 1 1 1 1 6812 0 1.000000
12104 69 0 9 1 1 1 1 1 1 1 1 1 6014 0 1.000000
14848 106 0 11 1 1 1 1 1 1 1 1 0 4648 0 1.000000
11250 123 1 10 1 1 1 1 1 1 1 1 0 5034 0 1.000000
11746 113 1 6 1 1 1 1 1 1 1 1 1 5797 0 1.000000
13563 112 1 2 1 1 1 1 1 1 1 1 1 5271 0 1.000258
13501 98 0 7 1 1 1 1 1 1 1 1 0 5807 0 1.000000
12775 62 0 7 1 1 1 1 1 1 1 1 1 6253 0 1.000000
11101 62 2 3 1 1 1 1 1 1 1 1 0 3633 0 1.000036
13118 66 0 3 1 1 1 1 1 1 1 1 1 6263 0 1.000000
12251 86 2 5 1 1 1 1 1 1 1 1 1 5679 0 1.000000
15343 94 0 5 1 1 1 1 1 1 1 1 1 7609 0 1.000000
9592 123 1 20 1 1 1 1 1 1 1 1 0 2671 0 1.000000
19136 113 0 11 1 1 1 1 1 1 1 1 1 9280 0 1.000000
18408 94 0 7 1 1 1 1 1 1 1 1 1 9122 0 1.000000
5689 82 0 1 1 1 1 1 1 1 1 1 0 2031 0 1.000036
17736 111 0 11 1 1 1 1 1 1 1 1 1 8772 0 1.000000
12534 123 2 11 1 1 1 1 1 1 1 1 1 5690 0 1.000000
17416 74 0 9 1 1 1 1 1 1 1 1 0 3951 0 1.000000
6919 89 0 11 1 1 1 1 1 1 1 1 1 3309 0 1.000000
5426 118 0 5 1 1 1 1 1 1 1 1 0 2062 0 1.000000
16457 118 1 6 1 1 1 1 1 1 1 1 0 5566 0 1.000000
17242 130 0 5 1 1 1 1 1 1 1 1 0 7237 0 1.000000
6125 96 0 7 1 1 1 1 1 1 1 1 1 3029 0 1.000000
7195 98 2 5 1 1 1 1 1 1 1 1 1 3536 0 1.000001
15800 120 0 11 1 1 1 1 1 1 1 1 0 6601 0 1.000000
6187 62 0 5 1 1 1 1 1 1 1 1 1 2951 0 1.000000
6122 115 0 9 1 1 1 1 1 1 1 1 1 2766 0 1.000000
4055 110 0 3 1 1 1 1 1 1 1 1 1 2012 0 1.000001
6466 103 0 9 1 1 1 1 1 1 1 1 1 2969 0 1.000000
3675 115 2 13 1 1 1 1 1 1 1 1 0 873 0 1.000000
10242 80 0 5 1 1 1 1 1 1 1 1 0 2277 0 1.000000
10008 108 2 3 1 1 1 1 1 1 1 1 0 3048 0 1.000046
12719 114 0 17 1 1 1 1 1 1 1 1 1 5511 0 1.000000
7196 120 0 3 1 1 1 1 1 1 1 1 1 3563 0 1.000001
5724 90 0 1 1 1 1 1 1 1 1 1 1 2243 0 1.000089
10017 128 1 2 1 1 1 1 1 1 1 1 1 3795 0 1.000228
12609 86 2 7 1 1 1 1 1 1 1 1 0 4482 0 1.000000
15271 117 1 20 1 1 1 1 1 1 1 1 0 5837 0 1.000000
15452 94 0 3 1 1 1 1 1 1 1 1 1 7125 0 1.000000
