10734 98 0 1 1 1 1 1 1 1 1 1 0 4172 0 1.000085
9019 105 2 7 1 1 1 1 1 1 1 1 0 1908 0 1.000000
13323 113 0 7 1 1 1 1 1 1 0 1 0 1265 1 1.000000
13265 129 0 19 1 1 1 1 1 1 1 1 0 3499 0 1.000000
18841 88 1 8 1 1 1 1 1 1 1 1 0 3812 0 1.000000
10602 89 0 7 1 1 1 1 1 1 1 1 1 5165 0 1.000000
3598 64 0 1 1 1 1 1 1 1 1 1 1 1791 0 1.060569
6736 103 1 2 1 1 1 1 1 1 1 1 1 3130 0 1.003309
4398 77 0 1 1 1 1 1 1 1 1 1 1 1590 0 1.000038
16895 68 0 1 1 1 1 1 1 1 1 1 1 8099 0 1.003990
8433 100 0 1 1 1 1 1 1 1 1 1 1 3290 0 1.000089
8358 114 0 3 1 1 1 1 1 1 1 1 0 1450 0 1.000000
15291 73 0 1 1 1 1 1 1 1 1 1 0 6189 0 1.000118
19502 122 1 14 1 1 1 1 1 1 1 1 1 9351 0 1.000000
6578 77 0 11 1 1 1 1 1 1 1 1 0 2211 0 1.000000
19538 81 0 7 1 1 1 1 1 1 1 1 1 9627 0 1.000000
7253 129 0 1 1 1 1 1 1 1 1 1 1 2935 0 1.000147
5520 121 0 17 1 1 1 1 1 1 1 1 0 1587 0 1.000000
15514 94 1 16 1 1 1 1 1 1 1 1 0 6646 0 1.000000
14215 90 0 11 1 1 1 1 1 1 1 1 1 6809 0 1.000000
8741 90 0 3 1 1 1 1 1 1 1 1 0 3454 0 1.000000
13425 86 0 1 1 1 1 1 1 1 1 1 0 3500 0 1.000007
7880 75 0 11 1 1 1 1 1 1 1 1 1 3763 0 1.000000
3158 69 0 9 1 1 1 1 1 1 1 1 1 1435 0 1.000000
7681 99 0 1 1 1 1 1 1 1 1 1 0 1849 0 1.000006
19178 121 2 21 1 1 1 1 1 1 1 1 1 9212 0 1.000000
9207 99 0 9 1 1 1 1 1 1 1 1 1 4491 0 1.000000
8644 103 1 4 1 1 1 1 1 1 1 1 0 2187 0 1.000000
6647 119 0 1 1 1 1 1 1 1 1 1 0 1960 0 1.000013
7145 76 0 9 1 1 1 1 1 1 1 1 1 3152 0 1.000000
4267 103 0 15 1 1 1 1 1 1 1 1 1 2002 0 1.000000
19752 73 2 9 1 1 1 1 1 1 1 1 0 5292 0 1.000000
15383 120 0 19 1 1 1 1 1 1 1 1 0 5947 0 1.000000
14272 61 0 5 1 1 1 1 1 1 1 1 0 4155 0 1.000000
11399 69 0 5 1 1 1 1 1 1 1 1 1 5578 0 1.000000
9600 105 1 20 1 1 1 1 1 1 1 1 1 4763 0 1.000000
12718 78 0 5 1 1 1 1 1 1 1 1 0 2086 0 1.000000
12774 127 2 13 1 1 1 1 1 1 1 1 0 5613 0 1.000000
13209 91 2 15 1 1 1 1 1 1 1 1 0 5640 0 1.000000
4628 101 0 15 1 1 1 1 1 1 1 1 1 2196 0 1.000000
16211 74 1 8 1 1 1 1 1 1 1 1 1 7966 0 1.000000
17054 95 0 13 1 1 1 1 1 1 1 1 0 3740 0 1.000000
13652 92 0 1 1 1 1 1 1 1 1 1 1 6572 0 1.005062
15198 120 0 11 1 1 1 1 1 1 1 1 1 7395 0 1.000000
8490 128 0 1 1 1 1 1 1 1 1 1 0 2254 0 1.000009
5042 108 0 17 1 1 1 1 1 1 1 1 1 2275 0 1.000000
16382 108 0 1 1 1 1 1 1 1 1 1 1 7231 0 1.000510
14769 124 0 13 1 1 1 1 1 1 1 1 0 5338 0 1.000000
7846 127 0 11 1 1 1 1 1 1 1 1 1 3879 0 1.000000
7300 104 0 13 1 1 1 1 1 1 1 1 1 3560 0 1.000000
8485 96 0 1 1 1 1 1 1 1 1 1 1 4002 0 1.002430
5689 119 1 2 1 1 1 1 1 1 1 1 0 1623 0 1.000038
19514 107 0 9 1 1 1 1 1 1 0 1 0 4144 1 1.000000
6143 61 0 3 1 1 1 1 1 1 1 1 1 2988 0 1.000000
14895 126 0 21 1 1 1 1 1 1 1 1 1 7237 0 1.000000
17717 125 0 13 1 1 1 1 1 1 1 1 0 4238 0 1.000000
18063 68 1 6 1 1 1 1 1 1 1 1 1 8641 0 1.000000
13460 109 1 6 1 1 1 1 1 1 1 1 1 6629 0 1.000000
11506 99 0 3 1 1 1 1 1 1 1 1 0 4793 0 1.000000
14966 66 0 9 1 1 1 1 1 1 1 1 1 7161 0 1.000000
