[(2, 13, 48), (3, 8, 52)]
[(2, 14, 36), (4, 6, 42)]
[(2, 15, 35), (5, 5, 42)]
[(2, 16, 24), (4, 6, 32)]
[(2, 16, 105), (5, 6, 112)]
[(2, 18, 64), (4, 8, 72)]
[(2, 21, 33), (3, 11, 42)]
[(2, 23, 36), (3, 12, 46)]
[(2, 23, 84), (3, 14, 92)]
[(2, 24, 28), (4, 8, 42)]
[(2, 24, 33), (3, 12, 44)]
[(2, 24, 39), (4, 9, 52)]
[(2, 24, 63), (3, 14, 72)]
[(2, 24, 121), (4, 11, 132)]
[(2, 26, 36), (6, 6, 52)]
[(2, 27, 56), (6, 7, 72)]
[(2, 27, 104), (4, 12, 117)]
[(2, 28, 84), (4, 12, 98)]
[(2, 28, 96), (6, 8, 112)]
[(2, 31, 44), (4, 11, 62)]
[(2, 32, 54), (4, 12, 72)]
[(2, 34, 48), (4, 12, 68)]
[(2, 34, 84), (4, 14, 102)]
[(2, 36, 44), (4, 12, 66)]
[(2, 36, 48), (6, 8, 72)]
[(2, 36, 69), (6, 9, 92)]
[(2, 36, 105), (5, 12, 126)]
[(2, 41, 55), (5, 11, 82)]
[(2, 41, 63), (3, 21, 82)]
[(2, 43, 66), (3, 22, 86)]
[(2, 44, 63), (3, 22, 84)]
[(2, 44, 105), (5, 14, 132)]
[(2, 44, 108), (4, 18, 132)]
[(2, 45, 116), (6, 12, 145)]
[(2, 46, 64), (4, 16, 92)]
[(2, 46, 108), (6, 12, 138)]
[(2, 48, 55), (5, 12, 88)]
[(2, 48, 68), (8, 8, 102)]
[(2, 48, 84), (4, 18, 112)]
[(2, 48, 96), (6, 12, 128)]
[(2, 48, 99), (8, 9, 132)]
[(2, 51, 66), (6, 11, 102)]
[(2, 54, 68), (4, 18, 102)]
[(2, 54, 76), (6, 12, 114)]
[(2, 55, 96), (5, 16, 132)]
[(2, 56, 72), (6, 12, 112)]
[(2, 61, 77), (7, 11, 122)]
[(2, 61, 84), (4, 21, 122)]
[(2, 61, 93), (3, 31, 122)]
[(2, 63, 68), (3, 28, 102)]
[(2, 63, 96), (3, 32, 126)]
[(2, 64, 88), (4, 22, 128)]
[(2, 64, 93), (3, 32, 124)]
[(2, 66, 84), (4, 22, 126), (6, 14, 132)]
[(2, 67, 84), (7, 12, 134)]
[(2, 71, 88), (8, 11, 142)]
[(2, 72, 77), (7, 12, 132)]
[(3, 18, 56), (6, 8, 63)]
[(3, 18, 104), (4, 13, 108)]
[(3, 19, 126), (6, 9, 133)]
[(3, 21, 55), (5, 11, 63)]
[(3, 22, 24), (4, 12, 33)]
[(3, 24, 26), (4, 13, 36)]
[(3, 24, 56), (4, 16, 63)]
[(3, 25, 65), (5, 13, 75)]
[(3, 26, 55), (5, 13, 66)]
[(3, 26, 132), (6, 12, 143)]
[(3, 27, 49), (7, 9, 63)]
[(3, 28, 48), (8, 8, 63)]
[(3, 28, 54), (4, 18, 63)]
[(3, 31, 77), (7, 11, 93)]
[(3, 31, 84), (4, 21, 93)]
[(3, 34, 92), (4, 23, 102)]
[(3, 35, 45), (5, 15, 63)]
[(3, 35, 117), (7, 13, 135)]
[(3, 36, 42), (6, 12, 63)]
[(3, 36, 52), (6, 13, 72)]
[(3, 37, 91), (7, 13, 111)]
[(3, 38, 112), (8, 12, 133)]
[(3, 39, 46), (6, 13, 69)]
[(3, 39, 77), (7, 13, 99)]
[(3, 39, 121), (9, 11, 143)]
[(3, 41, 99), (9, 11, 123)]
[(3, 41, 105), (5, 21, 123)]
[(3, 42, 44), (4, 22, 63)]
[(3, 44, 46), (4, 23, 66)]
[(3, 45, 115), (5, 23, 135)]
[(3, 46, 105), (5, 23, 126)]
[(3, 48, 62), (8, 12, 93)]
[(3, 48, 78), (8, 13, 108)]
[(3, 49, 117), (9, 13, 147)]
[(3, 52, 68), (8, 13, 102)]
[(3, 52, 99), (9, 13, 132)]
[(3, 54, 88), (4, 33, 108)]
[(3, 55, 62), (5, 22, 93)]
[(3, 55, 69), (5, 23, 99)]
[(3, 55, 84), (4, 33, 105)]
[(3, 55, 117), (5, 27, 143)]
[(3, 56, 114), (4, 36, 133)]
[(3, 57, 98), (7, 18, 133)]
[(3, 57, 105), (5, 27, 133)]
[(3, 59, 78), (9, 13, 118)]
[(3, 62, 64), (4, 32, 93)]
[(3, 64, 66), (4, 33, 96)]
[(3, 65, 69), (9, 13, 115)]
[(3, 65, 99), (9, 15, 143)]
[(3, 66, 82), (6, 22, 123)]
[(3, 66, 92), (6, 23, 132)]
[(3, 66, 104), (6, 24, 143)]
[(3, 69, 86), (6, 23, 129)]
[(3, 76, 84), (6, 24, 133)]
[(3, 77, 91), (7, 21, 143), (11, 13, 147)]
[(3, 77, 105), (5, 33, 147)]
[(3, 78, 88), (8, 18, 143)]
[(3, 82, 84), (4, 42, 123)]
[(3, 84, 86), (4, 43, 126)]
[(3, 84, 95), (4, 45, 133)]
[(3, 88, 104), (4, 48, 143)]
[(4, 16, 18), (6, 8, 24)]
[(4, 17, 28), (7, 8, 34)]
[(4, 18, 48), (8, 8, 54)]
[(4, 18, 105), (5, 14, 108)]
[(4, 19, 108), (8, 9, 114)]
[(4, 21, 77), (7, 11, 84)]
[(4, 22, 36), (6, 12, 44)]
[(4, 24, 56), (6, 14, 64)]
[(4, 26, 33), (6, 13, 44)]
[(4, 26, 42), (6, 14, 52)]
[(4, 26, 96), (6, 16, 104)]
[(4, 27, 42), (7, 12, 54)]
[(4, 27, 98), (7, 14, 108)]
[(4, 27, 136), (6, 17, 144)]
[(4, 28, 36), (6, 14, 48)]
[(4, 28, 72), (8, 12, 84)]
[(4, 28, 77), (7, 14, 88)]
[(4, 32, 48), (8, 12, 64)]
[(4, 32, 55), (5, 22, 64)]
[(4, 32, 98), (8, 14, 112)]
[(4, 32, 105), (5, 24, 112)]
[(4, 35, 68), (8, 14, 85)]
[(4, 35, 75), (5, 25, 84)]
[(4, 36, 36), (6, 16, 54)]
[(4, 36, 48), (6, 18, 64)]
[(4, 36, 55), (5, 24, 66)]
[(4, 36, 91), (6, 21, 104)]
[(4, 36, 119), (9, 14, 136)]
[(4, 36, 128), (8, 16, 144)]
[(4, 36, 132), (6, 22, 144)]
[(4, 37, 56), (7, 16, 74)]
[(4, 38, 56), (8, 14, 76)]
[(4, 38, 96), (8, 16, 114)]
[(4, 38, 105), (5, 28, 114)]
[(4, 39, 63), (9, 13, 84)]
[(4, 39, 84), (9, 14, 104)]
[(4, 42, 48), (8, 14, 72)]
[(4, 42, 66), (6, 22, 84)]
[(4, 42, 69), (9, 14, 92)]
[(4, 42, 96), (6, 24, 112)]
[(4, 45, 76), (6, 24, 95)]
[(4, 46, 63), (6, 23, 84)]
[(4, 46, 72), (6, 24, 92)]
[(4, 47, 68), (8, 17, 94)]
[(4, 48, 56), (8, 16, 84)]
[(4, 48, 66), (6, 24, 88)]
[(4, 48, 78), (8, 18, 104)]
[(4, 48, 126), (6, 28, 144)]
[(4, 49, 54), (9, 14, 84)]
[(4, 49, 57), (7, 19, 84)]
[(4, 52, 72), (12, 12, 104)]
[(4, 52, 77), (7, 22, 104)]
[(4, 52, 93), (12, 13, 124)]
[(4, 54, 56), (6, 24, 84)]
[(4, 54, 112), (12, 14, 144)]
[(4, 55, 63), (5, 33, 84)]
[(4, 55, 68), (5, 34, 88)]
[(4, 56, 78), (6, 28, 104)]
[(4, 56, 87), (7, 24, 116)]
[(4, 56, 102), (12, 14, 136)]
[(4, 56, 117), (7, 26, 144)]
[(4, 57, 84), (7, 24, 114)]
[(4, 62, 84), (12, 14, 124)]
[(4, 62, 88), (8, 22, 124)]
[(4, 62, 96), (6, 32, 124)]
[(4, 62, 105), (5, 42, 124)]
[(4, 63, 82), (12, 14, 123)]
[(4, 63, 104), (13, 14, 144)]
[(4, 64, 108), (8, 24, 144)]
[(4, 66, 93), (6, 33, 124)]
[(4, 66, 102), (6, 34, 132)]
[(4, 66, 105), (5, 44, 126)]
[(4, 67, 98), (7, 28, 134)]
[(4, 68, 96), (6, 34, 128), (8, 24, 136)]
[(4, 72, 76), (6, 32, 114)]
[(4, 72, 88), (8, 24, 132)]
[(4, 72, 96), (12, 16, 144)]
[(4, 72, 99), (9, 22, 144)]
[(4, 74, 98), (14, 14, 148)]
[(4, 76, 108), (6, 38, 144)]
[(4, 78, 96), (8, 26, 144)]
[(4, 81, 88), (11, 18, 144)]
[(4, 84, 84), (14, 14, 144)]
[(4, 96, 105), (5, 56, 144)]
[(5, 21, 99), (9, 11, 105)]
[(5, 22, 48), (8, 12, 55)]
[(5, 24, 98), (8, 14, 105)]
[(5, 27, 35), (7, 15, 45)]
[(5, 27, 98), (7, 18, 105)]
[(5, 28, 44), (8, 14, 55)]
[(5, 28, 96), (8, 16, 105)]
[(5, 29, 135), (9, 15, 145)]
[(5, 33, 39), (9, 13, 55)]
[(5, 33, 46), (6, 23, 55)]
[(5, 33, 91), (11, 13, 105)]
[(5, 36, 44), (6, 24, 55)]
[(5, 36, 98), (6, 28, 105)]
[(5, 39, 45), (9, 15, 65)]
[(5, 42, 84), (12, 14, 105)]
[(5, 42, 88), (8, 22, 105)]
[(5, 42, 96), (6, 32, 105)]
[(5, 45, 92), (12, 15, 115)]
[(5, 45, 126), (6, 35, 135)]
[(5, 46, 105), (6, 35, 115)]
[(5, 48, 84), (8, 24, 105)]
[(5, 49, 81), (9, 21, 105)]
[(5, 49, 87), (7, 29, 105)]
[(5, 51, 55), (11, 15, 85)]
[(5, 51, 77), (11, 17, 105)]
[(5, 54, 105), (14, 15, 135)]
[(5, 56, 72), (12, 16, 105)]
[(5, 56, 78), (8, 26, 105)]
[(5, 63, 65), (13, 15, 105)]
[(5, 63, 69), (9, 23, 105)]
[(5, 63, 77), (7, 33, 105)]
[(5, 63, 86), (6, 43, 105)]
[(5, 63, 95), (15, 15, 133)]
[(5, 66, 84), (6, 44, 105)]
[(5, 69, 75), (9, 25, 115)]
[(5, 75, 75), (15, 15, 125)]
[(5, 77, 126), (6, 55, 147)]
[(5, 85, 87), (15, 17, 145)]
[(5, 86, 99), (6, 55, 129)]
[(5, 87, 105), (7, 45, 145)]
[(5, 88, 96), (6, 55, 128)]
[(6, 18, 32), (8, 12, 36)]
[(6, 19, 72), (9, 12, 76)]
[(6, 21, 121), (11, 11, 126)]
[(6, 22, 128), (8, 16, 132)]
[(6, 23, 39), (9, 13, 46)]
[(6, 24, 28), (8, 14, 36)]
[(6, 24, 48), (8, 16, 54)]
[(6, 24, 49), (9, 14, 56)]
[(6, 27, 28), (7, 18, 36)]
[(6, 27, 119), (9, 17, 126)]
[(6, 28, 32), (8, 16, 42)]
[(6, 28, 48), (8, 18, 56)]
[(6, 29, 48), (9, 16, 58)]
[(6, 29, 108), (9, 18, 116)]
[(6, 32, 39), (9, 16, 52)]
[(6, 32, 42), (12, 12, 56)]
[(6, 32, 84), (12, 14, 96)]
[(6, 32, 88), (8, 22, 96)]
[(6, 32, 121), (11, 16, 132)]
[(6, 33, 52), (12, 13, 66)]
[(6, 36, 112), (12, 16, 126)]
[(6, 38, 64), (8, 24, 76)]
[(6, 38, 104), (8, 26, 114)]
[(6, 39, 88), (8, 26, 99)]
[(6, 42, 44), (12, 14, 66)]
[(6, 42, 64), (12, 16, 84)]
[(6, 42, 108), (12, 18, 126)]
[(6, 43, 65), (13, 15, 86)]
[(6, 43, 69), (9, 23, 86)]
[(6, 43, 77), (7, 33, 86)]
[(6, 44, 48), (8, 24, 66)]
[(6, 44, 112), (14, 16, 132)]
[(6, 45, 105), (15, 15, 126)]
[(6, 47, 84), (7, 36, 94)]
[(6, 48, 52), (8, 26, 72), (12, 16, 78)]
[(6, 48, 57), (8, 27, 76)]
[(6, 48, 72), (12, 18, 96)]
[(6, 48, 77), (7, 36, 88)]
[(6, 48, 84), (14, 16, 108)]
[(6, 48, 112), (8, 32, 126)]
[(6, 48, 115), (15, 16, 138)]
[(6, 48, 119), (9, 28, 136)]
[(6, 49, 78), (9, 26, 98)]
[(6, 49, 108), (9, 28, 126)]
[(6, 49, 117), (7, 39, 126)]
[(6, 51, 112), (12, 21, 136)]
[(6, 52, 69), (9, 26, 92)]
[(6, 53, 78), (13, 18, 106)]
[(6, 53, 88), (8, 33, 106)]
[(6, 54, 98), (14, 18, 126)]
[(6, 54, 128), (8, 36, 144)]
[(6, 56, 57), (7, 36, 76)]
[(6, 56, 64), (14, 16, 96)]
[(6, 56, 96), (16, 16, 126)]
[(6, 56, 108), (8, 36, 126)]
[(6, 58, 84), (14, 18, 116)]
[(6, 58, 96), (8, 36, 116)]
[(6, 63, 91), (13, 21, 126)]
[(6, 63, 92), (12, 23, 126)]
[(6, 63, 99), (9, 33, 126)]
[(6, 64, 65), (15, 16, 104)]
[(6, 64, 68), (8, 34, 96)]
[(6, 64, 76), (16, 16, 114)]
[(6, 64, 77), (7, 44, 96)]
[(6, 64, 78), (8, 36, 104)]
[(6, 64, 102), (12, 24, 136)]
[(6, 64, 108), (16, 18, 144)]
[(6, 66, 91), (11, 26, 126)]
[(6, 68, 72), (8, 36, 102)]
[(6, 68, 96), (16, 18, 136)]
[(6, 68, 112), (8, 42, 136)]
[(6, 69, 77), (7, 46, 99)]
[(6, 69, 108), (9, 36, 138)]
[(6, 72, 84), (12, 24, 126)]
[(6, 72, 88), (16, 18, 132)]
[(6, 72, 98), (8, 42, 126)]
[(6, 72, 99), (9, 36, 132)]
[(6, 72, 104), (12, 26, 144)]
[(6, 73, 104), (13, 24, 146)]
[(6, 77, 81), (11, 27, 126)]
[(6, 77, 105), (7, 55, 126)]
[(6, 77, 112), (7, 56, 132)]
[(6, 78, 92), (12, 26, 138)]
[(6, 84, 87), (7, 54, 116)]
[(6, 84, 88), (8, 44, 126)]
[(6, 87, 98), (7, 58, 126)]
[(6, 88, 92), (8, 46, 132)]
[(7, 18, 24), (8, 14, 27)]
[(7, 19, 54), (9, 14, 57)]
[(7, 22, 72), (12, 12, 77)]
[(7, 28, 144), (8, 24, 147)]
[(7, 29, 81), (9, 21, 87)]
[(7, 32, 66), (12, 16, 77)]
[(7, 32, 102), (12, 17, 112)]
[(7, 32, 108), (8, 27, 112)]
[(7, 33, 51), (11, 17, 63)]
[(7, 33, 65), (13, 15, 77)]
[(7, 33, 69), (9, 23, 77)]
[(7, 34, 72), (12, 17, 84)]
[(7, 35, 135), (15, 15, 147)]
[(7, 36, 48), (8, 27, 56)]
[(7, 36, 104), (14, 16, 117)]
[(7, 38, 48), (8, 28, 57)]
[(7, 39, 66), (9, 26, 77)]
[(7, 39, 81), (9, 27, 91)]
[(7, 39, 108), (9, 28, 117)]
[(7, 39, 133), (13, 19, 147)]
[(7, 42, 132), (12, 22, 147)]
[(7, 44, 56), (14, 16, 77)]
[(7, 44, 68), (8, 34, 77), (14, 17, 88)]
[(7, 45, 55), (15, 15, 77)]
[(7, 45, 85), (15, 17, 105)]
[(7, 48, 66), (8, 36, 77)]
[(7, 48, 74), (8, 37, 84)]
[(7, 48, 126), (16, 18, 147)]
[(7, 49, 135), (9, 35, 147)]
[(7, 51, 54), (14, 17, 81)]
[(7, 51, 65), (15, 17, 91)]
[(7, 51, 99), (11, 27, 119)]
[(7, 52, 108), (8, 42, 117)]
[(7, 52, 126), (12, 26, 147)]
[(7, 54, 58), (14, 18, 87)]
[(7, 54, 91), (14, 21, 117)]
[(7, 55, 81), (11, 27, 105)]
[(7, 56, 68), (16, 17, 98)]
[(7, 56, 138), (8, 46, 147)]
[(7, 57, 119), (17, 19, 147)]
[(7, 58, 72), (8, 42, 87)]
[(7, 63, 115), (15, 23, 147)]
[(7, 63, 117), (13, 27, 147)]
[(7, 63, 121), (11, 33, 147)]
[(7, 63, 129), (9, 43, 147)]
[(7, 65, 81), (15, 21, 117)]
[(7, 66, 112), (16, 22, 147)]
[(7, 68, 72), (17, 18, 112)]
[(7, 68, 111), (17, 21, 148)]
[(7, 69, 126), (9, 46, 147)]
[(7, 71, 102), (17, 21, 142)]
[(7, 72, 72), (12, 27, 112)]
[(7, 72, 78), (12, 28, 117)]
[(7, 72, 112), (12, 32, 147)]
[(7, 74, 108), (14, 27, 148)]
[(7, 75, 105), (15, 25, 147)]
[(7, 76, 108), (8, 57, 126)]
[(7, 77, 102), (17, 22, 147)]
[(7, 77, 111), (11, 37, 147)]
[(7, 78, 96), (8, 56, 117)]
[(7, 81, 85), (17, 21, 135)]
[(7, 81, 94), (14, 27, 141)]
[(7, 81, 98), (18, 21, 147)]
[(7, 81, 119), (9, 51, 147)]
[(7, 84, 96), (16, 24, 147)]
[(7, 84, 98), (14, 28, 147)]
[(7, 84, 102), (12, 34, 147)]
[(7, 84, 128), (8, 64, 147)]
[(7, 88, 126), (8, 66, 147)]
[(7, 91, 93), (13, 31, 147)]
[(7, 91, 99), (11, 39, 147)]
[(7, 99, 105), (9, 55, 147)]
[(7, 108, 112), (8, 72, 147)]
[(8, 19, 36), (9, 16, 38)]
[(8, 21, 22), (11, 12, 28)]
[(8, 21, 44), (11, 14, 48)]
[(8, 22, 84), (12, 14, 88)]
[(8, 24, 42), (12, 14, 48)]
[(8, 27, 102), (12, 17, 108)]
[(8, 29, 54), (9, 24, 58)]
[(8, 32, 36), (12, 16, 48)]
[(8, 32, 54), (12, 18, 64)]
[(8, 32, 121), (11, 22, 128)]
[(8, 33, 78), (13, 18, 88)]
[(8, 34, 56), (14, 16, 68)]
[(8, 34, 126), (14, 18, 136)]
[(8, 36, 39), (9, 26, 48)]
[(8, 36, 42), (12, 18, 56)]
[(8, 36, 49), (9, 28, 56)]
[(8, 36, 65), (15, 16, 78)]
[(8, 36, 84), (14, 18, 96)]
[(8, 36, 96), (16, 16, 108)]
[(8, 37, 136), (16, 17, 148)]
[(8, 39, 42), (9, 28, 52)]
[(8, 39, 72), (9, 32, 78)]
[(8, 42, 51), (12, 21, 68)]
[(8, 42, 54), (14, 18, 72)]
[(8, 42, 84), (12, 24, 98)]
[(8, 42, 96), (16, 18, 112)]
[(8, 42, 121), (11, 28, 132)]
[(8, 44, 51), (11, 24, 68)]
[(8, 44, 72), (12, 24, 88)]
[(8, 44, 91), (11, 28, 104)]
[(8, 44, 112), (14, 22, 128)]
[(8, 45, 76), (16, 18, 95)]
[(8, 46, 72), (16, 18, 92)]
[(8, 48, 66), (16, 18, 88)]
[(8, 48, 108), (18, 18, 128)]
[(8, 48, 112), (12, 28, 128)]
[(8, 49, 76), (16, 19, 98)]
[(8, 49, 102), (12, 28, 119)]
[(8, 52, 54), (12, 24, 78)]
[(8, 52, 66), (12, 26, 88)]
[(8, 52, 84), (12, 28, 104)]
[(8, 54, 56), (16, 18, 84)]
[(8, 54, 78), (18, 18, 104)]
[(8, 54, 84), (14, 24, 108)]
[(8, 54, 99), (9, 44, 108)]
[(8, 54, 115), (15, 24, 138)]
[(8, 56, 72), (12, 28, 96)]
[(8, 56, 81), (16, 21, 108)]
[(8, 56, 104), (14, 26, 128)]
[(8, 59, 108), (9, 48, 118)]
[(8, 62, 63), (12, 28, 93)]
[(8, 62, 81), (12, 31, 108)]
[(8, 63, 78), (13, 28, 108)]
[(8, 64, 96), (16, 24, 128)]
[(8, 64, 98), (14, 28, 128)]
[(8, 64, 102), (12, 34, 128)]
[(8, 65, 96), (15, 26, 128)]
[(8, 66, 69), (9, 46, 88)]
[(8, 66, 72), (16, 22, 108)]
[(8, 66, 81), (11, 36, 108)]
[(8, 66, 102), (18, 22, 136)]
[(8, 69, 72), (9, 48, 92)]
[(8, 69, 126), (9, 56, 138)]
[(8, 72, 72), (12, 32, 108)]
[(8, 72, 88), (18, 22, 128)]
[(8, 72, 96), (12, 36, 128)]
[(8, 72, 114), (12, 38, 144)]
[(8, 74, 108), (18, 24, 148)]
[(8, 74, 112), (14, 32, 148)]
[(8, 74, 121), (11, 44, 148)]
[(8, 76, 102), (12, 38, 136)]
[(8, 81, 94), (18, 24, 141)]
[(8, 82, 111), (12, 41, 148)]
[(8, 84, 92), (14, 32, 138)]
[(8, 84, 96), (16, 28, 144)]
[(8, 88, 111), (11, 48, 148)]
[(8, 96, 99), (9, 66, 128)]
[(8, 99, 102), (9, 68, 132)]
[(9, 22, 96), (12, 16, 99)]
[(9, 23, 65), (13, 15, 69)]
[(9, 26, 32), (12, 16, 39)]
[(9, 28, 42), (12, 18, 49)]
[(9, 32, 38), (12, 19, 48)]
[(9, 33, 91), (13, 21, 99)]
[(9, 33, 92), (12, 23, 99)]
[(9, 34, 112), (12, 24, 119)]
[(9, 35, 35), (15, 15, 49)]
[(9, 35, 95), (15, 19, 105)]
[(9, 36, 88), (16, 18, 99)]
[(9, 38, 65), (15, 19, 78)]
[(9, 38, 96), (16, 19, 108)]
[(9, 42, 88), (12, 28, 99)]
[(9, 42, 116), (12, 29, 126)]
[(9, 43, 115), (15, 23, 129)]
[(9, 43, 117), (13, 27, 129)]
[(9, 43, 121), (11, 33, 129)]
[(9, 44, 84), (14, 24, 99)]
[(9, 46, 48), (16, 18, 69)]
[(9, 46, 52), (12, 26, 69)]
[(9, 48, 76), (18, 19, 96)]
[(9, 51, 57), (17, 19, 81)]
[(9, 51, 77), (17, 21, 99)]
[(9, 51, 98), (18, 21, 119)]
[(9, 52, 58), (12, 29, 78)]
[(9, 52, 121), (11, 39, 132)]
[(9, 54, 77), (14, 27, 99)]
[(9, 55, 75), (15, 25, 99)]
[(9, 55, 91), (11, 39, 105)]
[(9, 56, 102), (12, 36, 119)]
[(9, 57, 58), (18, 19, 87)]
[(9, 57, 91), (19, 21, 117)]
[(9, 58, 84), (14, 29, 108)]
[(9, 58, 115), (15, 29, 138)]
[(9, 62, 104), (12, 39, 124)]
[(9, 64, 66), (16, 24, 99)]
[(9, 64, 114), (19, 24, 144)]
[(9, 64, 116), (16, 29, 144)]
[(9, 65, 66), (15, 26, 99)]
[(9, 65, 87), (15, 29, 117)]
[(9, 65, 92), (12, 39, 115)]
[(9, 66, 72), (12, 36, 99)]
[(9, 68, 84), (18, 24, 119)]
[(9, 72, 78), (12, 39, 108)]
[(9, 75, 95), (19, 25, 135)]
[(9, 76, 84), (19, 24, 126)]
[(9, 76, 104), (19, 26, 144)]
[(9, 77, 91), (11, 49, 117)]
[(9, 78, 86), (18, 26, 129)]
[(9, 84, 86), (14, 36, 129)]
[(9, 84, 104), (14, 39, 144)]
[(9, 84, 112), (12, 49, 144)]
[(9, 85, 87), (17, 29, 135)]
[(9, 86, 92), (12, 46, 129)]
[(9, 87, 95), (19, 27, 145)]
[(9, 87, 98), (18, 29, 147)]
[(9, 91, 94), (14, 39, 141)]
[(9, 92, 98), (12, 49, 138)]
[(11, 24, 42), (12, 21, 44)]
[(11, 26, 63), (13, 21, 66)]
[(11, 28, 84), (14, 21, 88)]
[(11, 32, 126), (16, 21, 132)]
[(11, 33, 115), (15, 23, 121)]
[(11, 33, 117), (13, 27, 121)]
[(11, 34, 42), (14, 22, 51)]
[(11, 35, 45), (15, 21, 55)]
[(11, 36, 56), (16, 21, 66)]
[(11, 36, 62), (12, 31, 66)]
[(11, 36, 72), (16, 22, 81)]
[(11, 37, 102), (17, 22, 111)]
[(11, 39, 93), (13, 31, 99)]
[(11, 39, 133), (19, 21, 143)]
[(11, 42, 78), (18, 22, 91)]
[(11, 42, 124), (14, 31, 132)]
[(11, 44, 108), (18, 24, 121)]
[(11, 44, 112), (14, 32, 121)]
[(11, 48, 82), (12, 41, 88)]
[(11, 48, 112), (21, 22, 128)]
[(11, 49, 57), (19, 21, 77)]
[(11, 49, 81), (21, 21, 99)]
[(11, 49, 102), (21, 22, 119)]
[(11, 52, 84), (12, 44, 91), (21, 22, 104)]
[(11, 52, 123), (13, 41, 132)]
[(11, 54, 63), (14, 33, 81)]
[(11, 54, 72), (12, 44, 81)]
[(11, 54, 112), (21, 24, 132)]
[(11, 55, 105), (15, 35, 121)]
[(11, 56, 72), (21, 22, 96)]
[(11, 57, 99), (19, 27, 121)]
[(11, 58, 99), (18, 29, 121)]
[(11, 62, 63), (21, 22, 93)]
[(11, 62, 108), (18, 31, 132)]
[(11, 63, 65), (15, 33, 91)]
[(11, 63, 69), (21, 23, 99)]
[(11, 63, 117), (21, 27, 143)]
[(11, 65, 99), (15, 39, 121)]
[(11, 65, 123), (15, 41, 143)]
[(11, 66, 91), (21, 26, 121)]
[(11, 66, 96), (16, 36, 121)]
[(11, 66, 112), (12, 56, 121)]
[(11, 68, 72), (12, 51, 88)]
[(11, 72, 74), (22, 24, 111)]
[(11, 72, 88), (18, 32, 121)]
[(11, 72, 98), (21, 28, 132)]
[(11, 72, 122), (12, 61, 132)]
[(11, 74, 84), (14, 44, 111)]
[(11, 76, 88), (16, 38, 121)]
[(11, 77, 81), (21, 27, 121)]
[(11, 77, 85), (17, 35, 121)]
[(11, 77, 94), (14, 47, 121)]
[(11, 82, 96), (16, 41, 132)]
[(11, 84, 88), (14, 48, 121)]
[(11, 84, 102), (14, 51, 132)]
[(11, 88, 102), (12, 68, 121)]
[(11, 91, 93), (21, 31, 143)]
[(11, 92, 99), (12, 69, 121)]
[(11, 94, 96), (16, 44, 141)]
[(11, 94, 105), (14, 55, 141)]
[(12, 23, 91), (13, 21, 92)]
[(12, 24, 28), (14, 18, 32)]
[(12, 24, 143), (13, 22, 144)]
[(12, 26, 33), (13, 22, 36)]
[(12, 26, 48), (16, 18, 52)]
[(12, 27, 68), (17, 18, 72)]
[(12, 28, 36), (16, 18, 42)]
[(12, 28, 44), (14, 22, 48)]
[(12, 28, 108), (18, 18, 112)]
[(12, 31, 56), (16, 21, 62)]
[(12, 32, 66), (16, 22, 72)]
[(12, 33, 56), (16, 22, 63)]
[(12, 34, 77), (17, 22, 84)]
[(12, 34, 96), (16, 24, 102)]
[(12, 34, 98), (14, 28, 102)]
[(12, 36, 44), (16, 22, 54)]
[(12, 36, 64), (16, 24, 72)]
[(12, 36, 65), (15, 26, 72)]
[(12, 36, 88), (18, 22, 96)]
[(12, 38, 39), (18, 19, 52)]
[(12, 38, 66), (18, 22, 76)]
[(12, 38, 99), (19, 22, 108)]
[(12, 42, 64), (14, 32, 72)]
[(12, 42, 121), (21, 22, 132)]
[(12, 44, 48), (18, 22, 64)]
[(12, 44, 56), (14, 32, 66)]
[(12, 44, 63), (14, 33, 72)]
[(12, 44, 126), (14, 36, 132)]
[(12, 44, 132), (22, 22, 144)]
[(12, 46, 78), (18, 26, 92)]
[(12, 46, 84), (14, 36, 92)]
[(12, 46, 128), (16, 32, 138)]
[(12, 48, 54), (18, 24, 72)]
[(12, 48, 56), (16, 28, 72)]
[(12, 48, 65), (15, 32, 78)]
[(12, 48, 96), (16, 32, 108)]
[(12, 48, 98), (18, 28, 112)]
[(12, 49, 104), (14, 39, 112)]
[(12, 51, 84), (21, 24, 102)]
[(12, 52, 63), (13, 42, 72)]
[(12, 54, 56), (14, 36, 72)]
[(12, 54, 88), (22, 24, 108)]
[(12, 54, 98), (14, 42, 108)]
[(12, 54, 128), (18, 32, 144)]
[(12, 55, 84), (22, 24, 105)]
[(12, 56, 64), (16, 32, 84)]
[(12, 56, 84), (14, 42, 96)]
[(12, 56, 85), (16, 35, 102)]
[(12, 56, 91), (21, 26, 112)]
[(12, 56, 96), (16, 36, 112)]
[(12, 56, 108), (18, 32, 126)]
[(12, 57, 69), (19, 27, 92)]
[(12, 58, 69), (18, 29, 92)]
[(12, 58, 96), (18, 32, 116)]
[(12, 61, 98), (21, 28, 122)]
[(12, 63, 88), (18, 33, 112)]
[(12, 63, 104), (13, 54, 112)]
[(12, 64, 66), (22, 24, 96)]
[(12, 64, 78), (18, 32, 104)]
[(12, 64, 84), (24, 24, 112)]
[(12, 64, 98), (14, 48, 112)]
[(12, 64, 126), (16, 42, 144)]
[(12, 65, 69), (15, 39, 92)]
[(12, 65, 84), (15, 42, 104)]
[(12, 66, 78), (22, 26, 108)]
[(12, 66, 87), (22, 27, 116)]
[(12, 66, 98), (22, 28, 126)]
[(12, 66, 104), (24, 26, 132)]
[(12, 66, 108), (18, 36, 132)]
[(12, 66, 112), (16, 42, 132)]
[(12, 66, 115), (15, 46, 132)]
[(12, 68, 72), (18, 32, 102)]
[(12, 68, 76), (16, 38, 102)]
[(12, 68, 84), (14, 48, 102), (18, 34, 112)]
[(12, 71, 112), (21, 32, 142)]
[(12, 72, 77), (22, 27, 112)]
[(12, 74, 91), (14, 52, 111)]
[(12, 76, 84), (16, 42, 114)]
[(12, 76, 99), (19, 36, 132)]
[(12, 77, 78), (22, 28, 117)]
[(12, 77, 102), (17, 42, 132)]
[(12, 77, 112), (22, 32, 147)]
[(12, 77, 114), (14, 57, 132)]
[(12, 78, 84), (14, 52, 108)]
[(12, 78, 93), (13, 62, 108)]
[(12, 78, 99), (18, 39, 132)]
[(12, 78, 115), (15, 52, 138)]
[(12, 84, 84), (14, 54, 112)]
[(12, 84, 88), (24, 28, 132)]
[(12, 84, 108), (18, 42, 144)]
[(12, 84, 124), (14, 62, 144)]
[(12, 88, 92), (22, 32, 138)]
[(12, 88, 96), (16, 48, 132)]
[(12, 93, 104), (13, 72, 124)]
[(12, 96, 104), (16, 52, 144)]
[(12, 104, 123), (13, 82, 144)]
[(13, 27, 115), (15, 23, 117)]
[(13, 32, 46), (16, 23, 52)]
[(13, 33, 138), (18, 23, 143)]
[(13, 36, 56), (16, 26, 63)]
[(13, 38, 69), (19, 23, 78)]
[(13, 38, 126), (18, 26, 133)]
[(13, 42, 44), (14, 33, 52)]
[(13, 44, 92), (22, 23, 104)]
[(13, 44, 96), (16, 33, 104)]
[(13, 44, 132), (22, 24, 143)]
[(13, 44, 136), (16, 34, 143)]
[(13, 45, 55), (15, 33, 65)]
[(13, 48, 66), (16, 33, 78)]
[(13, 48, 132), (18, 32, 143)]
[(13, 49, 54), (14, 39, 63)]
[(13, 51, 77), (17, 33, 91)]
[(13, 54, 88), (18, 33, 104)]
[(13, 55, 125), (25, 25, 143)]
[(13, 55, 135), (15, 45, 143)]
[(13, 56, 92), (23, 26, 112)]
[(13, 56, 114), (24, 26, 133)]
[(13, 56, 132), (16, 42, 143)]
[(13, 57, 99), (19, 33, 117)]
[(13, 57, 119), (17, 39, 133)]
[(13, 62, 66), (22, 26, 93)]
[(13, 62, 84), (14, 52, 93)]
[(13, 62, 121), (22, 31, 143)]
[(13, 63, 121), (21, 33, 143)]
[(13, 64, 86), (16, 43, 104)]
[(13, 65, 132), (15, 52, 143)]
[(13, 66, 69), (23, 26, 99)]
[(13, 66, 117), (26, 27, 143)]
[(13, 66, 128), (16, 48, 143)]
[(13, 69, 87), (23, 29, 117)]
[(13, 76, 98), (26, 28, 133)]
[(13, 76, 112), (16, 52, 133)]
[(13, 77, 81), (21, 33, 117)]
[(13, 77, 108), (27, 28, 143)]
[(13, 77, 111), (21, 37, 143)]
[(13, 77, 119), (17, 49, 143)]
[(13, 77, 134), (14, 67, 143)]
[(13, 82, 96), (16, 52, 123)]
[(13, 84, 84), (14, 63, 104)]
[(13, 84, 132), (14, 72, 143)]
[(13, 87, 99), (27, 29, 143)]
[(13, 88, 98), (28, 28, 143)]
[(13, 88, 108), (18, 48, 143)]
[(13, 88, 116), (16, 58, 143)]
[(13, 91, 99), (21, 39, 143)]
[(13, 95, 99), (19, 45, 143)]
[(13, 95, 105), (15, 65, 133)]
[(13, 98, 99), (18, 49, 143)]
[(13, 98, 114), (14, 78, 133)]
[(13, 99, 115), (15, 69, 143)]
[(14, 27, 51), (17, 21, 54)]
[(14, 28, 81), (18, 21, 84)]
[(14, 28, 96), (16, 24, 98)]
[(14, 32, 36), (16, 24, 42)]
[(14, 32, 108), (18, 24, 112)]
[(14, 36, 48), (16, 28, 54), (18, 24, 56)]
[(14, 36, 78), (18, 26, 84)]
[(14, 37, 68), (17, 28, 74)]
[(14, 38, 108), (18, 28, 114)]
[(14, 39, 76), (19, 26, 84)]
[(14, 41, 72), (21, 24, 82)]
[(14, 42, 88), (22, 24, 98)]
[(14, 44, 72), (22, 24, 84)]
[(14, 45, 45), (15, 35, 54)]
[(14, 47, 81), (21, 27, 94)]
[(14, 47, 85), (17, 35, 94)]
[(14, 48, 48), (18, 28, 64)]
[(14, 48, 51), (21, 24, 68)]
[(14, 48, 72), (18, 32, 84)]
[(14, 48, 76), (16, 38, 84)]
[(14, 48, 84), (24, 24, 98)]
[(14, 48, 91), (21, 28, 104)]
[(14, 48, 132), (22, 28, 144)]
[(14, 48, 135), (18, 35, 144)]
[(14, 51, 78), (18, 34, 91)]
[(14, 52, 66), (22, 26, 84)]
[(14, 52, 88), (22, 28, 104)]
[(14, 52, 96), (16, 42, 104), (24, 26, 112)]
[(14, 54, 64), (24, 24, 84)]
[(14, 54, 68), (18, 34, 84)]
[(14, 54, 128), (24, 28, 144)]
[(14, 55, 96), (16, 44, 105)]
[(14, 56, 72), (16, 42, 84)]
[(14, 56, 78), (24, 26, 98)]
[(14, 56, 88), (16, 44, 98)]
[(14, 56, 108), (24, 28, 126)]
[(14, 57, 68), (17, 38, 84)]
[(14, 57, 102), (17, 42, 114)]
[(14, 58, 96), (24, 28, 116)]
[(14, 61, 102), (21, 34, 122)]
[(14, 62, 108), (18, 42, 124)]
[(14, 64, 66), (16, 44, 84)]
[(14, 64, 78), (24, 28, 104)]
[(14, 65, 72), (15, 52, 84)]
[(14, 65, 81), (15, 54, 91)]
[(14, 65, 96), (15, 56, 104)]
[(14, 66, 102), (22, 34, 126)]
[(14, 66, 108), (18, 44, 126)]
[(14, 67, 108), (27, 28, 134)]
[(14, 67, 111), (21, 37, 134)]
[(14, 67, 119), (17, 49, 134)]
[(14, 68, 72), (24, 28, 102)]
[(14, 68, 77), (17, 44, 98)]
[(14, 68, 81), (21, 34, 108)]
[(14, 68, 99), (18, 44, 119)]
[(14, 72, 78), (18, 42, 104)]
[(14, 72, 88), (18, 44, 112)]
[(14, 72, 96), (16, 54, 112), (24, 32, 126)]
[(14, 76, 78), (26, 28, 114)]
[(14, 76, 81), (21, 36, 114)]
[(14, 76, 96), (16, 56, 114)]
[(14, 76, 99), (19, 44, 126)]
[(14, 81, 112), (21, 42, 144)]
[(14, 85, 96), (24, 35, 136)]
[(14, 88, 111), (21, 44, 148)]
[(14, 93, 96), (16, 63, 124)]
[(14, 96, 96), (16, 64, 126)]
[(14, 96, 108), (18, 56, 144)]
[(14, 108, 115), (15, 84, 138)]
[(15, 26, 64), (16, 24, 65)]
[(15, 39, 57), (19, 27, 65)]
[(15, 39, 58), (18, 29, 65)]
[(15, 44, 52), (22, 24, 65)]
[(15, 45, 98), (18, 35, 105)]
[(15, 45, 125), (25, 25, 135)]
[(15, 46, 104), (24, 26, 115)]
[(15, 46, 108), (18, 36, 115)]
[(15, 46, 112), (16, 42, 115)]
[(15, 48, 52), (18, 32, 65)]
[(15, 49, 95), (19, 35, 105)]
[(15, 52, 56), (16, 42, 65)]
[(15, 57, 75), (25, 27, 95)]
[(15, 57, 85), (17, 45, 95)]
[(15, 58, 135), (18, 45, 145)]
[(15, 63, 115), (23, 35, 135)]
[(15, 64, 92), (24, 32, 115)]
[(15, 66, 92), (22, 36, 115)]
[(15, 69, 87), (27, 29, 115)]
[(15, 69, 91), (21, 39, 115)]
[(15, 69, 95), (19, 45, 115)]
[(15, 69, 98), (18, 49, 115)]
[(15, 75, 105), (25, 35, 135)]
[(15, 75, 116), (25, 36, 145)]
[(15, 76, 104), (16, 65, 114)]
[(15, 77, 85), (17, 55, 105)]
[(15, 78, 92), (18, 52, 115)]
[(15, 78, 96), (16, 65, 108)]
[(15, 81, 105), (21, 45, 135)]
[(15, 85, 117), (17, 65, 135)]
[(15, 87, 105), (27, 35, 145)]
[(15, 92, 96), (16, 72, 115)]
[(15, 95, 99), (19, 55, 135)]
[(15, 98, 117), (18, 65, 147)]
[(15, 104, 108), (18, 65, 144)]
[(16, 27, 34), (17, 24, 36)]
[(16, 29, 114), (19, 24, 116)]
[(16, 33, 92), (22, 23, 96)]
[(16, 34, 132), (22, 24, 136)]
[(16, 36, 91), (21, 26, 96)]
[(16, 38, 39), (19, 26, 48)]
[(16, 38, 49), (19, 28, 56)]
[(16, 38, 72), (18, 32, 76)]
[(16, 42, 44), (22, 24, 56)]
[(16, 42, 48), (18, 32, 56)]
[(16, 42, 88), (22, 28, 96)]
[(16, 42, 108), (18, 36, 112)]
[(16, 44, 52), (22, 26, 64)]
[(16, 44, 54), (24, 24, 66)]
[(16, 44, 78), (24, 26, 88)]
[(16, 48, 54), (18, 36, 64)]
[(16, 48, 84), (24, 28, 96)]
[(16, 48, 117), (26, 27, 128)]
[(16, 51, 84), (21, 34, 96)]
[(16, 51, 124), (24, 31, 136)]
[(16, 51, 126), (21, 36, 136)]
[(16, 52, 54), (24, 26, 72)]
[(16, 52, 98), (26, 28, 112)]
[(16, 53, 92), (23, 32, 106)]
[(16, 54, 57), (24, 27, 76)]
[(16, 54, 88), (18, 44, 96)]
[(16, 54, 91), (21, 36, 104)]
[(16, 54, 132), (22, 36, 144)]
[(16, 54, 138), (18, 46, 144)]
[(16, 56, 78), (26, 28, 96)]
[(16, 56, 81), (21, 36, 96)]
[(16, 57, 68), (17, 48, 76)]
[(16, 58, 98), (28, 28, 116)]
[(16, 58, 108), (18, 48, 116)]
[(16, 58, 119), (28, 29, 136)]
[(16, 62, 91), (26, 31, 112)]
[(16, 62, 104), (26, 32, 124)]
[(16, 63, 92), (23, 36, 112)]
[(16, 63, 114), (24, 36, 133)]
[(16, 64, 72), (24, 32, 96)]
[(16, 64, 108), (24, 36, 128)]
[(16, 65, 92), (26, 32, 115)]
[(16, 66, 72), (22, 36, 96)]
[(16, 68, 77), (17, 56, 88)]
[(16, 68, 81), (18, 51, 96)]
[(16, 68, 87), (17, 58, 96)]
[(16, 68, 104), (26, 34, 128)]
[(16, 68, 112), (28, 32, 136)]
[(16, 68, 114), (24, 38, 136)]
[(16, 68, 126), (18, 56, 136)]
[(16, 69, 76), (19, 46, 96)]
[(16, 72, 78), (18, 52, 96), (26, 32, 108)]
[(16, 72, 84), (24, 36, 112)]
[(16, 72, 87), (27, 32, 116)]
[(16, 72, 98), (18, 56, 112), (28, 32, 126)]
[(16, 74, 81), (24, 36, 111)]
[(16, 74, 87), (24, 37, 116)]
[(16, 74, 117), (26, 37, 144)]
[(16, 76, 119), (19, 56, 136)]
[(16, 77, 102), (17, 66, 112)]
[(16, 78, 84), (18, 56, 104)]
[(16, 78, 96), (26, 36, 128)]
[(16, 78, 114), (26, 38, 144)]
[(16, 81, 98), (21, 48, 126)]
[(16, 84, 102), (24, 42, 136)]
[(16, 84, 108), (18, 64, 126), (28, 36, 144)]
[(16, 85, 98), (28, 35, 136)]
[(16, 87, 102), (17, 72, 116)]
[(16, 88, 92), (22, 46, 128)]
[(16, 88, 102), (22, 48, 136)]
[(16, 88, 108), (18, 66, 128)]
[(16, 91, 102), (21, 52, 136)]
[(16, 98, 111), (21, 56, 148)]
[(16, 99, 114), (19, 66, 144)]
[(16, 102, 108), (18, 72, 136)]
[(16, 108, 114), (18, 76, 144)]
[(17, 35, 81), (21, 27, 85)]
[(17, 36, 132), (22, 27, 136)]
[(17, 38, 54), (18, 34, 57)]
[(17, 39, 114), (19, 34, 117)]
[(17, 45, 75), (25, 27, 85)]
[(17, 48, 54), (24, 27, 68)]
[(17, 48, 126), (27, 28, 136)]
[(17, 49, 108), (27, 28, 119)]
[(17, 49, 111), (21, 37, 119)]
[(17, 54, 104), (24, 34, 117)]
[(17, 58, 81), (18, 51, 87)]
[(17, 62, 81), (27, 31, 102)]
[(17, 63, 99), (27, 33, 119)]
[(17, 63, 114), (27, 34, 133)]
[(17, 64, 108), (27, 34, 128)]
[(17, 72, 72), (27, 32, 102)]
[(17, 72, 74), (24, 37, 102)]
[(17, 72, 84), (27, 34, 112)]
[(17, 74, 81), (27, 34, 111)]
[(17, 76, 108), (27, 38, 136)]
[(17, 78, 84), (28, 34, 117)]
[(17, 78, 108), (18, 68, 117)]
[(17, 81, 91), (21, 51, 117)]
[(17, 84, 112), (32, 34, 147)]
[(17, 88, 126), (18, 77, 136)]
[(17, 94, 96), (24, 47, 136)]
[(17, 98, 99), (18, 77, 119)]
[(17, 98, 135), (18, 85, 147)]
[(17, 108, 116), (18, 87, 136)]
[(18, 29, 57), (19, 27, 58)]
[(18, 32, 44), (22, 24, 48)]
[(18, 34, 64), (24, 24, 68)]
[(18, 35, 132), (22, 28, 135)]
[(18, 36, 104), (24, 26, 108)]
[(18, 37, 144), (24, 27, 148)]
[(18, 39, 76), (19, 36, 78)]
[(18, 42, 44), (22, 28, 54)]
[(18, 42, 64), (24, 28, 72)]
[(18, 44, 56), (24, 28, 66)]
[(18, 44, 102), (22, 34, 108)]
[(18, 46, 132), (22, 36, 138)]
[(18, 47, 84), (27, 28, 94)]
[(18, 48, 77), (27, 28, 88)]
[(18, 48, 98), (28, 28, 108)]
[(18, 49, 87), (27, 29, 98)]
[(18, 49, 88), (28, 28, 99)]
[(18, 49, 91), (21, 39, 98)]
[(18, 49, 95), (19, 45, 98)]
[(18, 49, 116), (28, 29, 126)]
[(18, 51, 56), (21, 36, 68)]
[(18, 52, 56), (26, 28, 72)]
[(18, 52, 64), (24, 32, 78)]
[(18, 52, 66), (22, 36, 78)]
[(18, 52, 99), (22, 39, 108)]
[(18, 54, 96), (24, 36, 108)]
[(18, 56, 57), (27, 28, 76)]
[(18, 56, 84), (24, 36, 98)]
[(18, 56, 114), (24, 38, 126)]
[(18, 57, 104), (24, 38, 117)]
[(18, 59, 104), (24, 39, 118)]
[(18, 59, 114), (19, 54, 118)]
[(18, 61, 112), (21, 48, 122)]
[(18, 63, 77), (27, 33, 98)]
[(18, 63, 88), (28, 33, 108)]
[(18, 63, 92), (23, 42, 108)]
[(18, 64, 66), (24, 36, 88)]
[(18, 64, 76), (24, 38, 96)]
[(18, 64, 91), (21, 48, 104)]
[(18, 64, 112), (24, 42, 128)]
[(18, 64, 132), (22, 48, 144)]
[(18, 66, 92), (22, 46, 108)]
[(18, 66, 112), (22, 48, 126), (28, 36, 132)]
[(18, 67, 114), (27, 38, 134)]
[(18, 68, 84), (28, 34, 108)]
[(18, 69, 116), (29, 36, 138)]
[(18, 69, 117), (27, 39, 138)]
[(18, 69, 133), (19, 63, 138)]
[(18, 72, 84), (24, 42, 108)]
[(18, 72, 88), (22, 48, 108)]
[(18, 72, 91), (21, 52, 108)]
[(18, 74, 128), (24, 48, 148)]
[(18, 74, 132), (22, 54, 148)]
[(18, 75, 115), (25, 45, 138)]
[(18, 76, 78), (26, 38, 108)]
[(18, 76, 84), (28, 36, 114)]
[(18, 76, 87), (27, 38, 116)]
[(18, 76, 98), (28, 38, 126)]
[(18, 76, 99), (19, 66, 108)]
[(18, 76, 119), (19, 68, 126)]
[(18, 81, 84), (21, 54, 108)]
[(18, 84, 96), (24, 48, 126)]
[(18, 84, 112), (28, 42, 144)]
[(18, 87, 91), (21, 58, 117)]
[(18, 91, 115), (21, 65, 138)]
[(18, 92, 96), (32, 36, 138)]
[(18, 92, 98), (28, 42, 138)]
[(18, 92, 104), (24, 52, 138)]
[(18, 96, 104), (26, 48, 144)]
[(18, 111, 112), (21, 72, 148)]
[(19, 45, 87), (27, 29, 95)]
[(19, 45, 91), (21, 39, 95)]
[(19, 52, 66), (22, 39, 76)]
[(19, 54, 88), (24, 38, 99)]
[(19, 54, 104), (24, 39, 114)]
[(19, 56, 58), (28, 29, 76)]
[(19, 63, 116), (29, 36, 133)]
[(19, 63, 117), (27, 39, 133)]
[(19, 65, 75), (25, 39, 95)]
[(19, 66, 78), (26, 38, 99)]
[(19, 68, 98), (28, 38, 119)]
[(19, 68, 116), (29, 38, 136)]
[(19, 74, 87), (29, 37, 114)]
[(19, 77, 81), (21, 57, 99)]
[(19, 77, 102), (22, 57, 119)]
[(19, 78, 84), (28, 39, 114)]
[(19, 78, 87), (29, 38, 117)]
[(19, 84, 84), (24, 49, 114)]
[(19, 91, 93), (31, 39, 133)]
[(21, 33, 62), (22, 31, 63)]
[(21, 34, 48), (24, 28, 51)]
[(21, 36, 78), (26, 28, 81)]
[(21, 36, 124), (24, 31, 126)]
[(21, 37, 108), (27, 28, 111)]
[(21, 39, 87), (27, 29, 91)]
[(21, 44, 82), (22, 41, 84)]
[(21, 45, 75), (25, 35, 81)]
[(21, 46, 123), (23, 41, 126)]
[(21, 47, 135), (27, 35, 141)]
[(21, 48, 62), (28, 31, 72)]
[(21, 48, 72), (28, 32, 81)]
[(21, 52, 84), (24, 42, 91)]
[(21, 52, 88), (22, 48, 91)]
[(21, 54, 68), (28, 34, 81)]
[(21, 54, 72), (24, 42, 81)]
[(21, 55, 93), (31, 33, 105)]
[(21, 55, 102), (22, 51, 105)]
[(21, 56, 78), (28, 36, 91)]
[(21, 57, 78), (27, 38, 91)]
[(21, 57, 123), (27, 41, 133)]
[(21, 62, 64), (31, 32, 84)]
[(21, 62, 85), (31, 35, 102)]
[(21, 62, 96), (31, 36, 112)]
[(21, 63, 69), (23, 49, 81)]
[(21, 64, 78), (24, 48, 91)]
[(21, 64, 102), (24, 51, 112)]
[(21, 65, 75), (25, 45, 91)]
[(21, 66, 72), (22, 56, 81)]
[(21, 66, 122), (22, 61, 126)]
[(21, 68, 82), (28, 41, 102)]
[(21, 68, 84), (24, 51, 98)]
[(21, 72, 124), (31, 42, 144)]
[(21, 74, 85), (34, 35, 111)]
[(21, 74, 88), (28, 44, 111)]
[(21, 74, 96), (24, 56, 111)]
[(21, 75, 85), (25, 51, 105)]
[(21, 77, 99), (27, 49, 121)]
[(21, 77, 123), (33, 41, 147)]
[(21, 77, 124), (31, 44, 147)]
[(21, 77, 142), (22, 71, 147)]
[(21, 82, 93), (31, 42, 123)]
[(21, 82, 96), (32, 41, 126)]
[(21, 85, 108), (28, 51, 135)]
[(21, 86, 93), (31, 43, 126)]
[(21, 87, 119), (29, 51, 147)]
[(21, 88, 88), (28, 48, 121)]
[(21, 88, 102), (28, 51, 132)]
[(21, 93, 95), (31, 45, 133)]
[(21, 94, 102), (34, 42, 141)]
[(21, 94, 108), (28, 54, 141)]
[(21, 94, 132), (22, 84, 141)]
[(21, 99, 102), (22, 81, 119)]
[(21, 104, 132), (22, 91, 144)]
[(22, 36, 64), (24, 32, 66)]
[(22, 39, 96), (26, 32, 99)]
[(22, 42, 128), (28, 32, 132)]
[(22, 46, 63), (23, 42, 66)]
[(22, 48, 56), (28, 32, 66)]
[(22, 48, 63), (28, 33, 72)]
[(22, 48, 84), (24, 42, 88)]
[(22, 51, 93), (31, 33, 102)]
[(22, 51, 124), (31, 34, 132)]
[(22, 52, 126), (26, 42, 132)]
[(22, 53, 96), (32, 33, 106)]
[(22, 54, 56), (24, 42, 66)]
[(22, 54, 64), (24, 44, 72)]
[(22, 54, 128), (24, 48, 132)]
[(22, 56, 78), (26, 42, 88)]
[(22, 56, 104), (26, 44, 112)]
[(22, 63, 64), (32, 33, 84)]
[(22, 63, 85), (33, 35, 102)]
[(22, 63, 96), (33, 36, 112)]
[(22, 64, 68), (32, 34, 88)]
[(22, 64, 78), (24, 52, 88)]
[(22, 64, 98), (28, 44, 112)]
[(22, 64, 105), (24, 55, 112)]
[(22, 64, 126), (24, 56, 132)]
[(22, 68, 84), (28, 44, 102)]
[(22, 68, 114), (34, 38, 132)]
[(22, 69, 93), (23, 62, 99)]
[(22, 69, 116), (29, 46, 132)]
[(22, 71, 123), (33, 41, 142)]
[(22, 71, 124), (31, 44, 142)]
[(22, 72, 112), (32, 42, 132)]
[(22, 72, 117), (27, 52, 132)]
[(22, 72, 124), (24, 62, 132)]
[(22, 73, 126), (33, 42, 146)]
[(22, 74, 128), (32, 44, 148)]
[(22, 75, 85), (25, 55, 102)]
[(22, 76, 108), (36, 38, 132)]
[(22, 76, 117), (26, 57, 132)]
[(22, 78, 112), (28, 52, 132)]
[(22, 78, 116), (26, 58, 132)]
[(22, 84, 93), (33, 42, 124)]
[(22, 84, 96), (24, 66, 112), (32, 44, 126)]
[(22, 84, 102), (34, 42, 132)]
[(22, 84, 108), (28, 54, 132)]
[(22, 87, 108), (27, 58, 132)]
[(22, 88, 91), (28, 52, 121)]
[(22, 88, 105), (28, 55, 132)]
[(22, 92, 96), (32, 46, 132)]
[(22, 92, 123), (23, 82, 132)]
[(22, 93, 117), (27, 62, 143)]
[(22, 96, 98), (28, 56, 132)]
[(22, 96, 104), (26, 64, 132)]
[(22, 96, 114), (24, 76, 132)]
[(22, 104, 108), (24, 78, 132)]
[(22, 104, 123), (24, 82, 143)]
[(23, 36, 44), (24, 33, 46)]
[(23, 39, 66), (26, 33, 69)]
[(23, 42, 88), (28, 33, 92)]
[(23, 48, 132), (32, 33, 138)]
[(23, 52, 86), (26, 43, 92)]
[(23, 54, 56), (24, 46, 63)]
[(23, 55, 105), (33, 35, 115)]
[(23, 57, 126), (27, 46, 133)]
[(23, 58, 129), (29, 43, 138)]
[(23, 65, 99), (33, 39, 115)]
[(23, 65, 106), (26, 53, 115)]
[(23, 66, 72), (33, 36, 92)]
[(23, 72, 84), (24, 63, 92)]
[(23, 75, 105), (25, 63, 115)]
[(23, 76, 112), (32, 46, 133)]
[(23, 77, 126), (33, 46, 147)]
[(23, 78, 126), (26, 63, 138)]
[(23, 82, 96), (32, 46, 123)]
[(23, 86, 99), (33, 46, 129)]
[(23, 86, 108), (36, 43, 138)]
[(23, 88, 96), (33, 46, 128)]
[(23, 88, 108), (33, 48, 138)]
[(23, 98, 99), (33, 49, 138)]
[(23, 98, 108), (28, 63, 138)]
[(23, 99, 117), (27, 69, 143)]
[(23, 104, 132), (24, 92, 143)]
[(23, 108, 124), (24, 93, 138)]
[(23, 112, 114), (24, 92, 133)]
[(24, 36, 52), (26, 32, 54)]
[(24, 36, 143), (26, 33, 144)]
[(24, 37, 72), (27, 32, 74)]
[(24, 38, 112), (28, 32, 114)]
[(24, 42, 48), (28, 32, 54)]
[(24, 42, 68), (28, 34, 72)]
[(24, 48, 56), (28, 36, 64)]
[(24, 48, 57), (27, 38, 64)]
[(24, 48, 102), (32, 34, 108)]
[(24, 49, 78), (28, 39, 84)]
[(24, 51, 62), (31, 34, 72)]
[(24, 51, 72), (32, 34, 81)]
[(24, 52, 56), (26, 42, 64)]
[(24, 52, 66), (26, 44, 72)]
[(24, 52, 68), (32, 34, 78)]
[(24, 52, 96), (32, 36, 104)]
[(24, 52, 98), (28, 42, 104)]
[(24, 54, 77), (27, 44, 84)]
[(24, 54, 136), (34, 36, 144)]
[(24, 55, 98), (28, 44, 105)]
[(24, 56, 72), (32, 36, 84)]
[(24, 56, 78), (26, 48, 84)]
[(24, 56, 85), (34, 35, 96)]
[(24, 56, 88), (28, 44, 96)]
[(24, 56, 102), (34, 36, 112)]
[(24, 56, 135), (35, 36, 144)]
[(24, 56, 138), (28, 46, 144)]
[(24, 57, 66), (27, 44, 76)]
[(24, 57, 108), (27, 48, 114)]
[(24, 58, 77), (28, 44, 87)]
[(24, 58, 99), (29, 44, 108)]
[(24, 62, 91), (31, 42, 104)]
[(24, 62, 112), (32, 42, 124)]
[(24, 62, 117), (27, 52, 124)]
[(24, 62, 121), (31, 44, 132)]
[(24, 63, 66), (33, 36, 84)]
[(24, 63, 132), (33, 42, 144)]
[(24, 64, 132), (32, 44, 144)]
[(24, 66, 68), (34, 36, 88)]
[(24, 66, 78), (26, 54, 88)]
[(24, 67, 126), (27, 56, 134)]
[(24, 68, 76), (34, 38, 96)]
[(24, 68, 91), (28, 51, 104)]
[(24, 68, 112), (34, 42, 128)]
[(24, 68, 126), (28, 54, 136)]
[(24, 72, 88), (32, 44, 108)]
[(24, 72, 95), (32, 45, 114)]
[(24, 72, 98), (28, 54, 112)]
[(24, 72, 126), (36, 42, 144)]
[(24, 72, 128), (32, 48, 144)]
[(24, 76, 78), (36, 38, 104)]
[(24, 76, 92), (32, 46, 114)]
[(24, 76, 98), (28, 56, 114)]
[(24, 76, 104), (26, 64, 114)]
[(24, 77, 126), (36, 44, 147)]
[(24, 78, 84), (28, 54, 104)]
[(24, 78, 87), (27, 58, 104)]
[(24, 78, 96), (26, 64, 108)]
[(24, 78, 136), (26, 68, 144)]
[(24, 81, 124), (31, 54, 144)]
[(24, 84, 119), (34, 49, 144)]
[(24, 84, 128), (28, 64, 144)]
[(24, 85, 108), (34, 48, 135)]
[(24, 86, 93), (36, 43, 124)]
[(24, 86, 99), (36, 44, 129)]
[(24, 87, 96), (27, 64, 116)]
[(24, 88, 93), (33, 48, 124)]
[(24, 88, 96), (36, 44, 128)]
[(24, 88, 102), (34, 48, 132)]
[(24, 88, 112), (28, 64, 132)]
[(24, 88, 114), (38, 44, 144)]
[(24, 88, 126), (28, 66, 144)]
[(24, 92, 108), (32, 54, 138)]
[(24, 93, 98), (28, 63, 124)]
[(24, 95, 108), (38, 45, 144)]
[(24, 96, 98), (28, 64, 126)]
[(24, 96, 102), (32, 54, 136)]
[(24, 96, 108), (36, 48, 144)]
[(24, 96, 112), (32, 56, 144)]
[(24, 99, 104), (39, 44, 144)]
[(24, 99, 116), (29, 66, 144)]
[(24, 102, 104), (34, 52, 144)]
[(24, 104, 126), (26, 84, 144)]
[(24, 108, 112), (28, 72, 144)]
[(24, 108, 117), (27, 78, 144)]
[(24, 116, 117), (26, 87, 144)]
[(25, 55, 63), (33, 35, 75)]
[(25, 65, 66), (26, 55, 75)]
[(25, 75, 105), (35, 45, 125)]
[(25, 75, 117), (27, 65, 125)]
[(25, 87, 135), (27, 75, 145)]
[(25, 105, 108), (28, 75, 135)]
[(26, 42, 48), (28, 36, 52)]
[(26, 48, 49), (28, 39, 56)]
[(26, 48, 72), (32, 36, 78)]
[(26, 51, 84), (34, 36, 91)]
[(26, 53, 99), (33, 39, 106)]
[(26, 54, 68), (34, 36, 78)]
[(26, 54, 96), (36, 36, 104)]
[(26, 54, 119), (34, 39, 126)]
[(26, 56, 81), (36, 36, 91)]
[(26, 57, 72), (27, 52, 76)]
[(26, 57, 108), (36, 38, 117)]
[(26, 58, 69), (29, 46, 78)]
[(26, 58, 112), (28, 52, 116)]
[(26, 59, 108), (36, 39, 118)]
[(26, 63, 132), (36, 42, 143)]
[(26, 64, 92), (32, 46, 104)]
[(26, 64, 98), (28, 56, 104)]
[(26, 69, 72), (36, 39, 92)]
[(26, 72, 84), (36, 42, 104)]
[(26, 72, 112), (32, 52, 126)]
[(26, 72, 119), (39, 42, 136)]
[(26, 73, 129), (39, 43, 146)]
[(26, 73, 132), (33, 52, 146)]
[(26, 77, 81), (27, 66, 91)]
[(26, 77, 108), (28, 66, 117)]
[(26, 84, 88), (28, 66, 104)]
[(26, 84, 99), (39, 44, 126)]
[(26, 84, 102), (34, 52, 126)]
[(26, 85, 112), (35, 52, 136)]
[(26, 87, 99), (29, 66, 117)]
[(26, 87, 108), (27, 78, 116)]
[(26, 88, 133), (28, 76, 143)]
[(26, 92, 99), (39, 46, 132)]
[(26, 92, 108), (36, 52, 138)]
[(26, 93, 121), (31, 66, 143)]
[(26, 96, 102), (36, 52, 136)]
[(26, 98, 108), (28, 78, 126)]
[(27, 38, 56), (28, 36, 57)]
[(27, 39, 116), (29, 36, 117)]
[(27, 49, 143), (33, 39, 147)]
[(27, 49, 145), (29, 45, 147)]
[(27, 51, 74), (34, 37, 81)]
[(27, 52, 112), (32, 42, 117)]
[(27, 56, 66), (36, 36, 77)]
[(27, 56, 74), (36, 37, 84)]
[(27, 58, 76), (36, 38, 87)]
[(27, 58, 84), (28, 54, 87)]
[(27, 65, 105), (35, 45, 117)]
[(27, 66, 104), (36, 44, 117)]
[(27, 68, 94), (34, 47, 108)]
[(27, 68, 104), (34, 48, 117)]
[(27, 72, 104), (32, 54, 117)]
[(27, 74, 88), (37, 44, 108)]
[(27, 74, 95), (37, 45, 114)]
[(27, 74, 128), (37, 48, 144)]
[(27, 76, 94), (36, 47, 114)]
[(27, 76, 112), (32, 57, 126)]
[(27, 77, 133), (33, 57, 147)]
[(27, 78, 95), (38, 45, 117)]
[(27, 78, 96), (36, 48, 117)]
[(27, 78, 112), (28, 72, 117)]
[(27, 82, 91), (41, 42, 117)]
[(27, 84, 126), (36, 54, 147)]
[(27, 85, 91), (35, 51, 117)]
[(27, 85, 111), (37, 51, 135)]
[(27, 85, 114), (34, 57, 135)]
[(27, 88, 98), (28, 77, 108)]
[(27, 91, 93), (31, 63, 117)]
[(27, 91, 108), (28, 81, 117)]
[(27, 91, 119), (39, 51, 147)]
[(27, 94, 111), (37, 54, 141)]
[(27, 94, 112), (42, 47, 144)]
[(27, 95, 105), (35, 57, 135)]
[(27, 95, 116), (36, 57, 145)]
[(27, 96, 114), (36, 57, 144)]
[(27, 98, 104), (28, 84, 117)]
[(27, 98, 112), (42, 48, 147)]
[(27, 98, 114), (38, 54, 147)]
[(27, 98, 116), (28, 87, 126), (36, 58, 147)]
[(27, 105, 105), (45, 45, 147)]
[(27, 112, 112), (32, 72, 147)]
[(28, 42, 96), (32, 36, 98)]
[(28, 44, 85), (34, 35, 88)]
[(28, 45, 105), (35, 35, 108)]
[(28, 46, 135), (35, 36, 138)]
[(28, 51, 62), (31, 42, 68)]
[(28, 52, 72), (32, 42, 78)]
[(28, 54, 76), (36, 38, 84)]
[(28, 54, 102), (34, 42, 108)]
[(28, 56, 92), (32, 46, 98)]
[(28, 57, 66), (36, 38, 77)]
[(28, 57, 74), (37, 38, 84)]
[(28, 59, 112), (32, 49, 118)]
[(28, 59, 116), (29, 56, 118)]
[(28, 62, 91), (31, 52, 98)]
[(28, 62, 114), (38, 42, 124)]
[(28, 63, 86), (36, 43, 98)]
[(28, 63, 88), (33, 48, 98)]
[(28, 63, 99), (33, 49, 108)]
[(28, 64, 72), (32, 48, 84)]
[(28, 64, 102), (34, 48, 112)]
[(28, 64, 119), (34, 49, 128)]
[(28, 64, 135), (35, 48, 144)]
[(28, 66, 72), (36, 42, 88)]
[(28, 66, 84), (36, 44, 98)]
[(28, 66, 114), (38, 44, 126)]
[(28, 68, 84), (34, 48, 98)]
[(28, 69, 126), (36, 49, 138)]
[(28, 72, 76), (38, 42, 96)]
[(28, 72, 84), (32, 54, 98)]
[(28, 72, 85), (35, 48, 102)]
[(28, 72, 95), (38, 45, 112)]
[(28, 72, 96), (32, 56, 108), (36, 48, 112)]
[(28, 72, 112), (42, 42, 128)]
[(28, 72, 116), (32, 58, 126)]
[(28, 74, 77), (37, 44, 98)]
[(28, 74, 132), (42, 44, 148)]
[(28, 74, 135), (35, 54, 148)]
[(28, 74, 136), (34, 56, 148)]
[(28, 76, 92), (38, 46, 112)]
[(28, 76, 108), (38, 48, 126)]
[(28, 76, 119), (38, 49, 136)]
[(28, 81, 82), (41, 42, 108)]
[(28, 81, 85), (35, 51, 108)]
[(28, 81, 93), (31, 63, 108)]
[(28, 85, 116), (35, 58, 136)]
[(28, 87, 99), (29, 77, 108)]
[(28, 92, 96), (42, 46, 128)]
[(28, 92, 108), (42, 48, 138)]
[(28, 95, 116), (38, 56, 145)]
[(28, 96, 96), (36, 56, 128)]
[(28, 96, 102), (32, 68, 126), (42, 48, 136)]
[(28, 96, 114), (38, 56, 144)]
[(28, 99, 116), (29, 88, 126)]
[(28, 102, 111), (42, 51, 148)]
[(28, 111, 124), (31, 84, 148)]
[(28, 112, 117), (32, 78, 147)]
[(28, 116, 119), (29, 98, 136)]
[(29, 45, 143), (33, 39, 145)]
[(29, 48, 52), (32, 39, 58)]
[(29, 56, 112), (32, 49, 116)]
[(29, 57, 78), (38, 39, 87)]
[(29, 63, 77), (33, 49, 87)]
[(29, 65, 135), (39, 45, 145)]
[(29, 66, 104), (39, 44, 116)]
[(29, 68, 112), (32, 58, 119)]
[(29, 72, 88), (32, 58, 99)]
[(29, 76, 98), (38, 49, 116)]
[(29, 78, 96), (39, 48, 116)]
[(29, 85, 98), (35, 58, 119)]
[(29, 86, 108), (36, 58, 129)]
[(29, 92, 96), (32, 69, 116)]
[(29, 95, 117), (39, 57, 145)]
[(29, 95, 118), (38, 59, 145)]
[(29, 98, 117), (39, 58, 147)]
[(29, 104, 108), (39, 58, 144)]
[(29, 105, 105), (45, 49, 145)]
[(29, 105, 115), (35, 69, 145)]
[(31, 44, 123), (33, 41, 124)]
[(31, 63, 82), (41, 42, 93)]
[(31, 63, 85), (35, 51, 93)]
[(31, 64, 122), (32, 61, 124)]
[(31, 68, 114), (38, 51, 124)]
[(31, 72, 72), (32, 62, 81)]
[(31, 74, 102), (34, 62, 111)]
[(31, 82, 104), (41, 52, 124)]
[(31, 84, 102), (42, 51, 124)]
[(31, 104, 112), (32, 91, 124)]
[(32, 44, 63), (33, 42, 64)]
[(32, 48, 126), (36, 42, 128)]
[(32, 54, 56), (36, 42, 64)]
[(32, 54, 66), (36, 44, 72)]
[(32, 54, 68), (34, 48, 72)]
[(32, 54, 143), (33, 52, 144)]
[(32, 63, 66), (33, 56, 72)]
[(32, 63, 86), (42, 43, 96)]
[(32, 63, 106), (36, 53, 112)]
[(32, 66, 78), (36, 52, 88)]
[(32, 66, 84), (42, 44, 96)]
[(32, 66, 93), (33, 62, 96)]
[(32, 66, 105), (36, 55, 112)]
[(32, 66, 126), (36, 56, 132)]
[(32, 68, 124), (34, 62, 128)]
[(32, 69, 78), (39, 48, 92)]
[(32, 72, 98), (42, 48, 112)]
[(32, 76, 78), (38, 52, 96)]
[(32, 76, 98), (38, 56, 112)]
[(32, 77, 94), (44, 47, 112)]
[(32, 78, 84), (42, 48, 104)]
[(32, 78, 112), (42, 52, 128)]
[(32, 82, 91), (41, 52, 112)]
[(32, 84, 85), (35, 64, 102)]
[(32, 84, 88), (44, 48, 112)]
[(32, 84, 96), (36, 64, 112)]
[(32, 84, 102), (34, 72, 112)]
[(32, 84, 108), (42, 54, 128)]
[(32, 84, 126), (42, 56, 144)]
[(32, 84, 135), (35, 72, 144)]
[(32, 85, 98), (35, 68, 112)]
[(32, 85, 126), (35, 72, 136)]
[(32, 88, 104), (44, 52, 128)]
[(32, 88, 105), (42, 55, 128)]
[(32, 88, 108), (48, 48, 132)]
[(32, 88, 114), (38, 64, 132)]
[(32, 88, 123), (33, 82, 128)]
[(32, 94, 117), (47, 52, 144)]
[(32, 96, 98), (42, 56, 128)]
[(32, 96, 108), (36, 72, 128)]
[(32, 98, 99), (48, 49, 132)]
[(32, 98, 117), (48, 52, 147)]
[(32, 99, 104), (39, 64, 132)]
[(32, 104, 108), (48, 52, 144)]
[(32, 108, 114), (38, 72, 144)]
[(33, 48, 86), (36, 43, 88)]
[(33, 52, 129), (39, 43, 132)]
[(33, 54, 56), (36, 44, 63)]
[(33, 62, 84), (42, 44, 93)]
[(33, 64, 86), (43, 44, 96)]
[(33, 65, 135), (45, 45, 143)]
[(33, 68, 84), (34, 63, 88)]
[(33, 69, 86), (43, 46, 99)]
[(33, 72, 126), (36, 63, 132)]
[(33, 76, 126), (36, 66, 133)]
[(33, 77, 111), (37, 63, 121)]
[(33, 78, 128), (48, 48, 143)]
[(33, 78, 133), (38, 63, 143)]
[(33, 78, 136), (36, 68, 143)]
[(33, 82, 104), (44, 52, 123)]
[(33, 82, 105), (42, 55, 123)]
[(33, 84, 106), (44, 53, 126)]
[(33, 84, 114), (44, 54, 133)]
[(33, 86, 105), (43, 55, 126)]
[(33, 86, 112), (43, 56, 132)]
[(33, 91, 99), (39, 63, 121)]
[(33, 91, 119), (49, 51, 143)]
[(33, 91, 122), (42, 61, 143)]
[(33, 91, 123), (41, 63, 143)]
[(33, 91, 135), (35, 81, 143)]
[(33, 92, 106), (46, 53, 132)]
[(33, 94, 117), (47, 54, 143)]
[(33, 95, 105), (45, 55, 133)]
[(33, 95, 117), (45, 57, 143)]
[(33, 102, 124), (34, 93, 132)]
[(33, 104, 108), (48, 54, 143)]
[(33, 104, 112), (42, 64, 143)]
[(33, 104, 126), (36, 84, 143)]
[(33, 104, 136), (34, 96, 143)]
[(33, 111, 117), (37, 81, 143)]
[(33, 114, 119), (34, 99, 133)]
[(33, 116, 117), (36, 87, 143)]
[(34, 48, 66), (36, 44, 68)]
[(34, 52, 99), (39, 44, 102)]
[(34, 56, 81), (36, 51, 84)]
[(34, 56, 132), (42, 44, 136)]
[(34, 56, 135), (35, 54, 136)]
[(34, 57, 111), (37, 51, 114)]
[(34, 66, 92), (44, 46, 102)]
[(34, 66, 128), (44, 48, 136)]
[(34, 71, 132), (44, 51, 142)]
[(34, 72, 88), (44, 48, 102)]
[(34, 72, 91), (42, 51, 104)]
[(34, 72, 96), (36, 64, 102)]
[(34, 72, 121), (44, 51, 132)]
[(34, 72, 126), (42, 54, 136)]
[(34, 76, 108), (36, 68, 114)]
[(34, 76, 128), (38, 64, 136)]
[(34, 78, 96), (36, 68, 104)]
[(34, 81, 82), (41, 54, 102)]
[(34, 81, 88), (44, 51, 108)]
[(34, 81, 95), (45, 51, 114)]
[(34, 81, 128), (48, 51, 144)]
[(34, 84, 99), (44, 54, 119)]
[(34, 88, 116), (44, 58, 136)]
[(34, 95, 105), (35, 85, 114)]
[(34, 96, 108), (48, 54, 136)]
[(34, 96, 112), (42, 64, 136)]
[(34, 96, 126), (36, 84, 136)]
[(34, 96, 135), (36, 85, 144)]
[(34, 108, 111), (51, 54, 148)]
[(34, 108, 112), (42, 68, 144)]
[(34, 112, 135), (35, 102, 144)]
[(35, 51, 82), (41, 42, 85)]
[(35, 54, 132), (42, 44, 135)]
[(35, 63, 129), (43, 49, 135)]
[(35, 65, 81), (45, 45, 91)]
[(35, 65, 99), (39, 55, 105)]
[(35, 68, 72), (42, 48, 85)]
[(35, 68, 76), (38, 56, 85)]
[(35, 69, 105), (45, 49, 115)]
[(35, 69, 126), (46, 49, 135)]
[(35, 72, 126), (42, 56, 135)]
[(35, 77, 135), (45, 55, 147)]
[(35, 78, 95), (38, 65, 105)]
[(35, 81, 85), (45, 51, 105)]
[(35, 81, 119), (49, 51, 135)]
[(35, 81, 122), (42, 61, 135)]
[(35, 81, 123), (41, 63, 135)]
[(35, 85, 99), (45, 55, 119)]
[(35, 96, 102), (36, 85, 112)]
[(35, 96, 108), (48, 56, 135)]
[(35, 99, 105), (49, 55, 135)]
[(35, 99, 117), (39, 77, 135)]
[(35, 102, 108), (42, 68, 135)]
[(35, 105, 117), (45, 65, 147)]
[(35, 108, 114), (38, 84, 135)]
[(35, 108, 126), (36, 98, 135)]
[(35, 111, 117), (37, 91, 135)]
[(35, 116, 135), (36, 105, 145)]
[(35, 117, 119), (39, 85, 147)]
[(36, 48, 95), (38, 45, 96)]
[(36, 49, 52), (39, 42, 56)]
[(36, 52, 69), (39, 46, 72)]
[(36, 56, 92), (42, 46, 96)]
[(36, 57, 74), (37, 54, 76)]
[(36, 58, 112), (42, 48, 116)]
[(36, 58, 114), (38, 54, 116)]
[(36, 64, 88), (44, 48, 96)]
[(36, 64, 138), (46, 48, 144)]
[(36, 68, 92), (46, 48, 102)]
[(36, 68, 128), (48, 48, 136)]
[(36, 68, 133), (38, 63, 136)]
[(36, 69, 88), (46, 48, 99)]
[(36, 69, 98), (46, 49, 108)]
[(36, 72, 84), (42, 54, 96)]
[(36, 72, 98), (42, 56, 108)]
[(36, 74, 77), (37, 66, 84)]
[(36, 74, 138), (46, 54, 148)]
[(36, 76, 88), (38, 66, 96)]
[(36, 77, 104), (44, 56, 117)]
[(36, 77, 114), (44, 57, 126)]
[(36, 78, 92), (46, 52, 108)]
[(36, 78, 99), (39, 66, 108)]
[(36, 78, 112), (48, 52, 126)]
[(36, 78, 119), (39, 68, 126)]
[(36, 82, 121), (41, 66, 132)]
[(36, 84, 88), (44, 56, 108)]
[(36, 84, 92), (46, 54, 112)]
[(36, 84, 95), (45, 56, 114)]
[(36, 84, 108), (48, 54, 126)]
[(36, 84, 112), (42, 64, 126)]
[(36, 84, 119), (49, 54, 136)]
[(36, 84, 128), (48, 56, 144)]
[(36, 84, 132), (42, 66, 144)]
[(36, 87, 94), (47, 54, 116)]
[(36, 87, 95), (45, 57, 116)]
[(36, 87, 111), (37, 81, 116)]
[(36, 88, 105), (48, 55, 126)]
[(36, 88, 112), (42, 66, 128), (48, 56, 132)]
[(36, 91, 102), (51, 52, 126)]
[(36, 92, 119), (42, 69, 136)]
[(36, 92, 124), (46, 62, 144)]
[(36, 94, 121), (44, 66, 141)]
[(36, 96, 98), (48, 56, 126)]
[(36, 98, 102), (42, 68, 126)]
[(36, 98, 114), (38, 84, 126)]
[(36, 102, 104), (52, 54, 136)]
[(36, 102, 112), (42, 72, 136)]
[(36, 104, 112), (52, 56, 144)]
[(36, 104, 115), (46, 65, 144)]
[(36, 104, 119), (39, 84, 136)]
[(36, 104, 129), (39, 86, 144)]
[(36, 112, 114), (42, 76, 144)]
[(36, 114, 128), (38, 96, 144)]
[(37, 68, 141), (47, 51, 148)]
[(37, 76, 138), (46, 57, 148)]
[(37, 78, 114), (38, 74, 117)]
[(37, 81, 94), (47, 54, 111)]
[(37, 81, 95), (45, 57, 111)]
[(37, 88, 134), (44, 67, 148)]
[(37, 91, 99), (39, 77, 111)]
[(37, 94, 128), (47, 64, 148)]
[(37, 98, 132), (42, 77, 148)]
[(37, 108, 114), (54, 57, 148)]
[(38, 54, 112), (42, 48, 114)]
[(38, 56, 72), (42, 48, 76)]
[(38, 59, 117), (39, 57, 118)]
[(38, 63, 128), (48, 48, 133)]
[(38, 64, 66), (44, 48, 76)]
[(38, 64, 108), (48, 48, 114)]
[(38, 72, 77), (42, 57, 88)]
[(38, 72, 104), (48, 52, 114)]
[(38, 77, 84), (44, 57, 98)]
[(38, 84, 96), (48, 56, 114)]
[(38, 84, 102), (42, 68, 114)]
[(38, 87, 94), (47, 58, 114)]
[(38, 87, 96), (48, 57, 116)]
[(38, 91, 123), (41, 78, 133)]
[(38, 92, 117), (52, 57, 138)]
[(38, 92, 126), (42, 76, 138)]
[(38, 93, 112), (48, 62, 133)]
[(38, 96, 112), (42, 76, 128)]
[(38, 99, 104), (39, 88, 114)]
[(39, 64, 98), (48, 49, 104)]
[(39, 66, 92), (46, 52, 99)]
[(39, 68, 112), (48, 52, 119)]
[(39, 72, 88), (48, 52, 99)]
[(39, 72, 98), (49, 52, 108)]
[(39, 77, 105), (49, 55, 117)]
[(39, 77, 133), (49, 57, 143)]
[(39, 84, 84), (49, 54, 104)]
[(39, 84, 92), (42, 69, 104)]
[(39, 84, 102), (52, 54, 119)]
[(39, 85, 105), (45, 65, 119)]
[(39, 86, 112), (52, 56, 129)]
[(39, 86, 115), (46, 65, 129)]
[(39, 87, 98), (49, 58, 117)]
[(39, 92, 118), (52, 59, 138)]
[(39, 98, 102), (42, 78, 119)]
[(39, 98, 115), (49, 65, 138)]
[(39, 105, 105), (49, 65, 135)]
[(39, 121, 123), (41, 99, 143)]
[(41, 63, 119), (49, 51, 123)]
[(41, 63, 122), (42, 61, 123)]
[(41, 68, 72), (48, 51, 82)]
[(41, 93, 102), (51, 62, 123)]
[(41, 94, 132), (44, 82, 141)]
[(42, 55, 104), (44, 52, 105)]
[(42, 56, 69), (46, 49, 72)]
[(42, 61, 119), (49, 51, 122)]
[(42, 64, 66), (44, 56, 72)]
[(42, 64, 78), (48, 52, 84)]
[(42, 64, 108), (48, 54, 112)]
[(42, 66, 124), (44, 62, 126)]
[(42, 68, 91), (51, 52, 98)]
[(42, 68, 96), (48, 56, 102)]
[(42, 69, 84), (49, 54, 92)]
[(42, 71, 136), (51, 56, 142)]
[(42, 72, 104), (52, 54, 112)]
[(42, 76, 104), (52, 56, 114)]
[(42, 76, 117), (52, 57, 126)]
[(42, 77, 144), (44, 72, 147)]
[(42, 78, 84), (52, 54, 98)]
[(42, 78, 96), (52, 56, 108)]
[(42, 78, 116), (52, 58, 126)]
[(42, 84, 88), (44, 72, 98)]
[(42, 84, 96), (54, 56, 112)]
[(42, 86, 123), (43, 82, 126)]
[(42, 88, 96), (48, 66, 112)]
[(42, 88, 104), (44, 78, 112)]
[(42, 88, 116), (56, 58, 132)]
[(42, 88, 119), (49, 68, 132)]
[(42, 92, 96), (46, 72, 112)]
[(42, 93, 104), (52, 63, 124)]
[(42, 93, 106), (53, 62, 126)]
[(42, 93, 114), (54, 62, 133)]
[(42, 95, 96), (45, 76, 112)]
[(42, 95, 123), (45, 82, 133)]
[(42, 96, 104), (52, 64, 126)]
[(42, 96, 108), (48, 72, 126)]
[(42, 96, 119), (49, 72, 136)]
[(42, 96, 124), (56, 62, 144)]
[(42, 99, 112), (49, 72, 132)]
[(42, 104, 121), (44, 91, 132)]
[(42, 112, 117), (52, 72, 147)]
[(43, 66, 84), (44, 63, 86)]
[(43, 69, 126), (46, 63, 129)]
[(43, 81, 119), (51, 63, 129)]
[(43, 95, 126), (45, 86, 133)]
[(43, 99, 105), (55, 63, 129)]
[(43, 99, 106), (53, 66, 129)]
[(43, 99, 124), (44, 93, 129)]
[(44, 68, 81), (51, 54, 88)]
[(44, 69, 96), (46, 64, 99)]
[(44, 72, 78), (52, 54, 88)]
[(44, 72, 105), (54, 55, 112)]
[(44, 72, 126), (54, 56, 132)]
[(44, 72, 128), (48, 64, 132)]
[(44, 76, 105), (55, 56, 114)]
[(44, 76, 108), (48, 66, 114)]
[(44, 78, 96), (48, 66, 104)]
[(44, 81, 122), (54, 61, 132)]
[(44, 81, 136), (51, 66, 144)]
[(44, 88, 111), (48, 74, 121)]
[(44, 92, 126), (46, 84, 132)]
[(44, 93, 105), (55, 63, 124)]
[(44, 93, 106), (53, 66, 124)]
[(44, 95, 108), (45, 88, 114)]
[(44, 96, 105), (55, 64, 126)]
[(44, 96, 108), (54, 66, 128)]
[(44, 96, 112), (56, 64, 132)]
[(44, 96, 126), (56, 66, 144)]
[(44, 96, 138), (46, 88, 144)]
[(44, 102, 108), (54, 68, 132)]
[(44, 102, 111), (51, 74, 132)]
[(44, 108, 112), (48, 84, 132)]
[(44, 108, 116), (58, 66, 144)]
[(44, 108, 128), (48, 88, 144)]
[(44, 112, 117), (52, 77, 144)]
[(45, 57, 94), (47, 54, 95)]
[(45, 58, 144), (48, 54, 145)]
[(45, 65, 132), (52, 55, 135)]
[(45, 76, 84), (54, 56, 95)]
[(45, 76, 88), (48, 66, 95)]
[(45, 76, 92), (46, 72, 95)]
[(45, 77, 95), (55, 57, 105)]
[(45, 85, 91), (51, 65, 105)]
[(45, 87, 133), (57, 63, 145)]
[(45, 87, 134), (54, 67, 145)]
[(45, 87, 141), (47, 81, 145)]
[(45, 95, 117), (57, 65, 135)]
[(45, 99, 115), (55, 69, 135)]
[(45, 105, 119), (49, 85, 135)]
[(45, 112, 116), (56, 72, 145)]
[(45, 114, 116), (54, 76, 145)]
[(45, 114, 128), (48, 95, 144)]
[(45, 115, 126), (46, 105, 135)]
[(45, 116, 128), (48, 96, 145)]
[(45, 116, 138), (46, 108, 145)]
[(46, 65, 112), (52, 56, 115)]
[(46, 72, 84), (54, 56, 92)]
[(46, 72, 88), (48, 66, 92)]
[(46, 78, 132), (52, 66, 138)]
[(46, 81, 119), (51, 69, 126)]
[(46, 84, 128), (56, 64, 138)]
[(46, 88, 126), (56, 66, 138)]
[(46, 96, 119), (56, 69, 136)]
[(46, 98, 129), (49, 86, 138)]
[(46, 99, 105), (55, 69, 126)]
[(46, 99, 112), (56, 69, 132)]
[(46, 99, 118), (59, 66, 138)]
[(46, 102, 128), (48, 92, 136)]
[(46, 108, 112), (48, 92, 126), (56, 72, 138)]
[(46, 108, 114), (54, 76, 138)]
[(46, 108, 128), (48, 96, 138)]
[(46, 112, 119), (49, 92, 136)]
[(47, 76, 84), (56, 57, 94)]
[(47, 81, 133), (57, 63, 141)]
[(47, 81, 134), (54, 67, 141)]
[(47, 84, 88), (48, 77, 94)]
[(47, 91, 132), (52, 77, 141)]
[(47, 98, 144), (48, 94, 147)]
[(47, 104, 108), (48, 94, 117)]
[(47, 105, 121), (55, 77, 141)]
[(47, 111, 114), (57, 74, 141)]
[(48, 63, 106), (53, 56, 108)]
[(48, 64, 126), (54, 56, 128)]
[(48, 66, 84), (54, 56, 88)]
[(48, 66, 105), (55, 56, 108)]
[(48, 72, 104), (52, 64, 108)]
[(48, 72, 124), (54, 62, 128)]
[(48, 74, 144), (54, 64, 148)]
[(48, 76, 77), (56, 57, 88)]
[(48, 76, 87), (57, 58, 96)]
[(48, 78, 102), (52, 68, 108)]
[(48, 81, 102), (51, 72, 108)]
[(48, 84, 84), (54, 64, 98)]
[(48, 84, 96), (56, 64, 108)]
[(48, 84, 102), (54, 68, 112)]
[(48, 84, 116), (58, 64, 126)]
[(48, 84, 136), (56, 68, 144)]
[(48, 85, 126), (56, 68, 135)]
[(48, 86, 119), (56, 68, 129)]
[(48, 87, 104), (58, 64, 117)]
[(48, 87, 134), (58, 67, 144)]
[(48, 88, 116), (58, 66, 128)]
[(48, 91, 102), (51, 78, 112)]
[(48, 92, 124), (62, 64, 138)]
[(48, 93, 112), (62, 63, 128)]
[(48, 96, 112), (56, 72, 128)]
[(48, 96, 114), (54, 76, 128)]
[(48, 98, 99), (49, 88, 108)]
[(48, 102, 116), (58, 72, 136)]
[(48, 102, 121), (51, 88, 132)]
[(48, 102, 124), (62, 68, 144)]
[(48, 104, 108), (54, 78, 128)]
[(48, 104, 112), (52, 84, 128)]
[(48, 104, 115), (64, 65, 138)]
[(48, 104, 126), (56, 78, 144)]
[(48, 104, 132), (52, 88, 144)]
[(48, 111, 122), (61, 72, 148)]
[(48, 111, 126), (56, 81, 148)]
[(48, 111, 136), (51, 96, 148)]
[(48, 112, 119), (49, 102, 128)]
[(48, 114, 116), (58, 76, 144)]
[(48, 114, 117), (57, 78, 144)]
[(48, 119, 126), (49, 108, 136)]
[(49, 66, 96), (56, 56, 99)]
[(49, 68, 116), (56, 58, 119)]
[(49, 78, 92), (52, 69, 98)]
[(49, 87, 138), (58, 69, 147)]
[(49, 92, 96), (56, 69, 112)]
[(49, 93, 102), (62, 63, 119)]
[(49, 96, 102), (56, 72, 119)]
[(49, 102, 104), (52, 84, 119)]
[(49, 115, 117), (65, 69, 147)]
[(49, 117, 118), (59, 78, 147)]
[(49, 117, 132), (52, 99, 147)]
[(51, 72, 78), (52, 68, 81)]
[(51, 74, 108), (54, 68, 111)]
[(51, 78, 84), (54, 68, 91)]
[(51, 88, 122), (61, 68, 132)]
[(51, 94, 128), (64, 68, 141)]
[(51, 94, 135), (54, 85, 141)]
[(51, 96, 122), (61, 72, 136)]
[(51, 96, 126), (56, 81, 136)]
[(51, 99, 105), (55, 81, 119)]
[(51, 104, 126), (54, 91, 136)]
[(51, 108, 116), (58, 81, 136)]
[(52, 81, 84), (54, 72, 91)]
[(52, 84, 93), (62, 63, 104)]
[(52, 84, 96), (56, 72, 104)]
[(52, 84, 108), (54, 78, 112)]
[(52, 87, 108), (58, 72, 117)]
[(52, 88, 105), (55, 78, 112)]
[(52, 88, 126), (56, 78, 132)]
[(52, 93, 132), (62, 72, 143)]
[(52, 96, 98), (56, 78, 112)]
[(52, 99, 115), (65, 69, 132)]
[(52, 99, 118), (59, 78, 132)]
[(52, 105, 121), (55, 91, 132)]
[(52, 108, 115), (65, 72, 138)]
[(52, 108, 124), (62, 78, 144)]
[(53, 66, 105), (55, 63, 106)]
[(53, 84, 96), (63, 64, 106)]
[(53, 114, 126), (54, 106, 133)]
[(54, 67, 133), (57, 63, 134)]
[(54, 76, 77), (57, 66, 84)]
[(54, 76, 112), (56, 72, 114)]
[(54, 85, 128), (64, 68, 135)]
[(54, 88, 96), (64, 66, 108)]
[(54, 88, 105), (55, 84, 108)]
[(54, 88, 136), (66, 68, 144)]
[(54, 91, 96), (56, 81, 104)]
[(54, 92, 128), (64, 72, 138)]
[(54, 93, 112), (63, 72, 124)]
[(54, 96, 98), (56, 84, 108)]
[(54, 96, 112), (64, 72, 126)]
[(54, 96, 132), (66, 72, 144)]
[(54, 96, 133), (63, 76, 144)]
[(54, 98, 116), (58, 84, 126)]
[(54, 102, 128), (68, 72, 144)]
[(54, 104, 128), (64, 78, 144)]
[(54, 111, 128), (64, 81, 148)]
[(54, 112, 123), (63, 82, 144)]
[(54, 112, 124), (62, 84, 144)]
[(54, 112, 136), (56, 102, 144)]
[(54, 116, 128), (58, 96, 144)]
[(54, 126, 128), (56, 108, 144)]
[(55, 84, 96), (64, 66, 105)]
[(55, 87, 98), (58, 77, 105)]
[(55, 96, 98), (56, 88, 105)]
[(55, 105, 117), (65, 77, 135)]
[(55, 112, 126), (56, 105, 132)]
[(55, 117, 133), (57, 105, 143)]
[(56, 72, 93), (62, 63, 96)]
[(56, 72, 124), (62, 64, 126)]
[(56, 73, 144), (63, 64, 146)]
[(56, 77, 144), (64, 66, 147)]
[(56, 81, 122), (61, 72, 126)]
[(56, 84, 88), (64, 66, 98)]
[(56, 87, 88), (58, 77, 96)]
[(56, 87, 114), (57, 84, 116)]
[(56, 88, 102), (66, 68, 112)]
[(56, 92, 99), (66, 69, 112)]
[(56, 93, 114), (63, 76, 124)]
[(56, 96, 114), (64, 76, 126)]
[(56, 99, 102), (66, 72, 119)]
[(56, 99, 118), (59, 88, 126)]
[(56, 102, 108), (68, 72, 126)]
[(56, 102, 123), (63, 82, 136)]
[(56, 102, 124), (62, 84, 136)]
[(56, 104, 108), (64, 78, 126)]
[(56, 108, 116), (58, 96, 126)]
[(56, 114, 117), (57, 104, 126)]
[(56, 118, 119), (59, 98, 136)]
[(57, 78, 116), (58, 76, 117)]
[(57, 96, 104), (64, 76, 117)]
[(57, 96, 134), (67, 76, 144)]
[(57, 98, 136), (68, 76, 147)]
[(57, 98, 145), (58, 95, 147)]
[(57, 112, 126), (72, 76, 147)]
[(58, 95, 136), (68, 76, 145)]
[(58, 96, 102), (68, 72, 116)]
[(58, 96, 104), (64, 78, 116)]
[(58, 115, 117), (65, 87, 138)]
[(59, 78, 115), (65, 69, 118)]
[(59, 92, 108), (69, 72, 118)]
[(61, 102, 108), (68, 81, 122)]
[(61, 104, 112), (64, 91, 122)]
[(62, 84, 123), (63, 82, 124)]
[(62, 96, 114), (72, 76, 124)]
[(62, 104, 108), (72, 78, 124)]
[(62, 104, 115), (65, 92, 124)]
[(63, 76, 132), (66, 72, 133)]
[(63, 77, 146), (66, 73, 147)]
[(63, 95, 125), (75, 75, 133)]
[(63, 96, 124), (64, 93, 126)]
[(63, 104, 132), (72, 84, 143)]
[(63, 111, 114), (74, 81, 133)]
[(63, 112, 114), (72, 84, 133)]
[(63, 114, 128), (64, 108, 133)]
[(63, 117, 121), (77, 81, 143)]
[(64, 78, 102), (68, 72, 104)]
[(64, 81, 142), (71, 72, 144)]
[(64, 88, 126), (66, 84, 128)]
[(64, 98, 102), (68, 84, 112)]
[(64, 99, 138), (69, 88, 144)]
[(64, 102, 126), (72, 84, 136)]
[(64, 102, 135), (72, 85, 144)]
[(64, 102, 138), (68, 92, 144)]
[(64, 108, 111), (74, 81, 128)]
[(64, 108, 112), (72, 84, 128)]
[(64, 108, 132), (72, 88, 144)]
[(64, 108, 136), (68, 96, 144)]
[(64, 114, 126), (76, 84, 144)]
[(64, 117, 134), (67, 104, 144)]
[(64, 126, 132), (66, 112, 144)]
[(65, 92, 108), (72, 78, 115)]
[(66, 87, 112), (72, 77, 116)]
[(66, 92, 129), (69, 86, 132)]
[(66, 98, 117), (77, 78, 126)]
[(66, 102, 128), (68, 96, 132), (72, 88, 136)]
[(66, 104, 133), (76, 84, 143)]
[(66, 108, 112), (72, 88, 126)]
[(66, 108, 119), (68, 99, 126)]
[(66, 112, 114), (76, 84, 132)]
[(66, 114, 128), (76, 88, 144)]
[(67, 84, 132), (72, 77, 134)]
[(67, 114, 116), (76, 87, 134)]
[(68, 92, 99), (69, 88, 102)]
[(68, 92, 135), (72, 85, 138)]
[(68, 99, 112), (72, 88, 119)]
[(68, 104, 126), (78, 84, 136)]
[(68, 104, 135), (78, 85, 144)]
[(68, 111, 135), (81, 85, 148)]
[(68, 111, 142), (71, 102, 148)]
[(68, 112, 126), (72, 98, 136)]
[(68, 116, 117), (78, 87, 136)]
[(69, 102, 112), (72, 92, 119)]
[(69, 108, 132), (72, 99, 138)]
[(71, 102, 135), (81, 85, 142)]
[(71, 108, 132), (81, 88, 142)]
[(71, 132, 132), (72, 121, 142)]
[(72, 84, 111), (74, 81, 112)]
[(72, 91, 108), (78, 81, 112)]
[(72, 98, 104), (78, 84, 112)]
[(72, 104, 138), (78, 92, 144)]
[(72, 108, 121), (81, 88, 132)]
[(72, 111, 138), (81, 92, 148)]
[(72, 114, 136), (76, 102, 144)]
[(72, 123, 124), (82, 93, 144)]
[(73, 124, 126), (84, 93, 146)]
[(74, 88, 147), (77, 84, 148)]
[(74, 91, 108), (78, 84, 111)]
[(74, 98, 144), (84, 84, 148)]
[(74, 108, 141), (81, 94, 148)]
[(74, 112, 138), (84, 92, 148)]
[(74, 126, 128), (84, 96, 148)]
[(76, 104, 108), (78, 96, 114)]
[(76, 112, 123), (82, 96, 133)]
[(77, 98, 144), (84, 88, 147)]
[(77, 104, 108), (84, 88, 117)]
[(77, 108, 116), (87, 88, 126)]
[(77, 112, 138), (88, 92, 147)]
[(77, 119, 135), (85, 99, 147)]
[(77, 126, 128), (88, 96, 147)]
[(77, 126, 129), (86, 99, 147)]
[(78, 111, 144), (81, 104, 148)]
[(78, 112, 121), (88, 91, 132)]
[(78, 123, 132), (82, 108, 143)]
[(81, 98, 104), (84, 91, 108)]
[(84, 104, 141), (91, 94, 144)]
[(84, 112, 138), (92, 98, 144)]
[(84, 116, 117), (87, 104, 126)]
[(84, 126, 128), (96, 98, 144)]
[(84, 128, 132), (88, 112, 144)]
[(84, 129, 136), (86, 119, 144)]
[(84, 135, 136), (85, 126, 144)]
[(85, 108, 132), (88, 102, 135)]
[(85, 126, 129), (86, 119, 135)]
[(86, 99, 128), (88, 96, 129)]
[(88, 112, 126), (96, 98, 132)]
[(88, 119, 126), (98, 99, 136)]
[(92, 108, 136), (96, 102, 138)]
[(92, 126, 128), (96, 112, 138)]
[(95, 116, 144), (96, 114, 145)]
[(96, 119, 132), (99, 112, 136)]
[(98, 115, 135), (105, 105, 138)]
[(98, 117, 144), (104, 108, 147)]
[(102, 126, 128), (108, 112, 136)]
[(104, 132, 133), (112, 114, 143)]
