[(2, 11, 63), (3, 7, 66)]
[(2, 12, 12), (4, 4, 18)]
[(2, 13, 20), (4, 5, 26)]
[(2, 13, 125), (5, 5, 130)]
[(2, 14, 36), (4, 6, 42)]
[(2, 15, 84), (4, 7, 90)]
[(2, 17, 27), (3, 9, 34)]
[(2, 18, 35), (3, 10, 42)]
[(2, 19, 30), (3, 10, 38)]
[(2, 19, 108), (3, 12, 114)]
[(2, 20, 27), (3, 10, 36)]
[(2, 20, 81), (4, 9, 90)]
[(2, 21, 30), (5, 6, 42)]
[(2, 21, 55), (5, 7, 66)]
[(2, 21, 91), (3, 13, 98)]
[(2, 22, 54), (6, 6, 66)]
[(2, 22, 100), (4, 10, 110)]
[(2, 23, 126), (6, 7, 138)]
[(2, 25, 36), (4, 9, 50)]
[(2, 25, 52), (4, 10, 65)]
[(2, 25, 117), (5, 9, 130)]
[(2, 27, 28), (3, 12, 42)]
[(2, 27, 55), (3, 15, 66)]
[(2, 28, 84), (4, 12, 98)]
[(2, 28, 125), (5, 10, 140)]
[(2, 29, 100), (5, 10, 116)]
[(2, 30, 30), (6, 6, 50)]
[(2, 30, 35), (3, 14, 50)]
[(2, 30, 36), (4, 10, 54)]
[(2, 30, 85), (5, 10, 102)]
[(2, 30, 99), (3, 18, 110)]
[(2, 33, 45), (5, 9, 66)]
[(2, 33, 51), (3, 17, 66)]
[(2, 35, 54), (3, 18, 70)]
[(2, 35, 77), (5, 11, 98)]
[(2, 35, 84), (3, 20, 98)]
[(2, 35, 117), (3, 21, 130)]
[(2, 35, 126), (6, 10, 147)]
[(2, 36, 44), (4, 12, 66)]
[(2, 36, 51), (3, 18, 68)]
[(2, 36, 70), (4, 14, 90)]
[(2, 36, 75), (3, 20, 90)]
[(2, 36, 95), (4, 15, 114)]
[(2, 36, 110), (6, 10, 132)]
[(2, 37, 50), (5, 10, 74)]
[(2, 37, 52), (4, 13, 74)]
[(2, 38, 90), (6, 10, 114)]
[(2, 38, 99), (3, 22, 114)]
[(2, 39, 105), (7, 9, 130)]
[(2, 39, 115), (3, 23, 130)]
[(2, 41, 54), (6, 9, 82)]
[(2, 42, 70), (6, 10, 98)]
[(2, 44, 108), (4, 18, 132)]
[(2, 45, 60), (5, 12, 90)]
[(2, 45, 62), (6, 10, 93)]
[(2, 45, 100), (4, 18, 125)]
[(2, 46, 60), (6, 10, 92)]
[(2, 46, 108), (6, 12, 138)]
[(2, 49, 63), (7, 9, 98)]
[(2, 49, 68), (4, 17, 98)]
[(2, 49, 75), (3, 25, 98)]
[(2, 50, 54), (6, 10, 90)]
[(2, 51, 78), (3, 26, 102)]
[(2, 52, 75), (3, 26, 100)]
[(2, 52, 100), (4, 20, 130)]
[(2, 53, 70), (5, 14, 106)]
[(2, 54, 68), (4, 18, 102)]
[(2, 54, 76), (6, 12, 114)]
[(2, 54, 115), (3, 30, 138)]
[(2, 55, 70), (7, 10, 110)]
[(2, 55, 91), (7, 11, 130)]
[(2, 60, 60), (4, 18, 100)]
[(2, 60, 63), (7, 10, 108)]
[(2, 60, 76), (4, 20, 114)]
[(2, 61, 78), (6, 13, 122)]
[(2, 61, 84), (4, 21, 122)]
[(2, 63, 92), (7, 12, 138)]
[(2, 65, 81), (9, 9, 130)]
[(2, 65, 85), (5, 17, 130)]
[(2, 65, 99), (3, 33, 130)]
[(2, 67, 102), (3, 34, 134)]
[(2, 68, 99), (3, 34, 132)]
[(2, 69, 90), (5, 18, 138)]
[(2, 70, 78), (6, 14, 130)]
[(2, 73, 90), (9, 10, 146)]
[(2, 73, 100), (4, 25, 146)]
[(2, 75, 85), (3, 34, 125)]
[(2, 75, 91), (3, 35, 130)]
[(2, 78, 100), (4, 26, 150)]
[(2, 84, 91), (4, 26, 147)]
[(3, 14, 30), (6, 6, 35)]
[(3, 15, 21), (5, 7, 27)]
[(3, 15, 70), (6, 7, 75)]
[(3, 15, 132), (4, 11, 135)]
[(3, 17, 45), (5, 9, 51)]
[(3, 18, 20), (4, 10, 27)]
[(3, 20, 22), (4, 11, 30)]
[(3, 20, 28), (4, 12, 35)]
[(3, 20, 70), (4, 14, 75)]
[(3, 20, 77), (5, 11, 84)]
[(3, 21, 25), (5, 9, 35)]
[(3, 21, 55), (5, 11, 63)]
[(3, 21, 140), (5, 12, 147)]
[(3, 22, 45), (5, 11, 54)]
[(3, 22, 90), (6, 10, 99)]
[(3, 23, 105), (7, 9, 115)]
[(3, 25, 63), (7, 9, 75)]
[(3, 25, 68), (4, 17, 75)]
[(3, 26, 84), (4, 18, 91)]
[(3, 28, 76), (4, 19, 84)]
[(3, 28, 78), (6, 12, 91)]
[(3, 28, 140), (4, 20, 147)]
[(3, 30, 34), (6, 10, 51)]
[(3, 30, 44), (6, 11, 60)]
[(3, 30, 60), (6, 12, 75)]
[(3, 31, 77), (7, 11, 93)]
[(3, 33, 38), (6, 11, 57)]
[(3, 33, 63), (7, 11, 81)]
[(3, 33, 81), (9, 9, 99)]
[(3, 33, 85), (5, 17, 99)]
[(3, 34, 36), (4, 18, 51)]
[(3, 35, 55), (7, 11, 75)]
[(3, 35, 133), (5, 19, 147)]
[(3, 36, 38), (4, 19, 54)]
[(3, 37, 95), (5, 19, 111)]
[(3, 38, 85), (5, 19, 102)]
[(3, 39, 70), (6, 15, 91)]
[(3, 39, 77), (7, 13, 99)]
[(3, 39, 121), (9, 11, 143)]
[(3, 39, 132), (4, 27, 143)]
[(3, 41, 99), (9, 11, 123)]
[(3, 41, 102), (6, 17, 123)]
[(3, 42, 65), (9, 10, 91)]
[(3, 42, 84), (4, 27, 98)]
[(3, 42, 126), (6, 18, 147)]
[(3, 44, 81), (9, 11, 108)]
[(3, 44, 84), (4, 28, 99)]
[(3, 45, 50), (5, 18, 75)]
[(3, 45, 57), (5, 19, 81)]
[(3, 45, 68), (4, 27, 85)]
[(3, 45, 77), (5, 21, 99)]
[(3, 46, 90), (6, 18, 115)]
[(3, 46, 100), (4, 30, 115)]
[(3, 46, 114), (6, 19, 138)]
[(3, 49, 66), (9, 11, 98)]
[(3, 49, 117), (9, 13, 147)]
[(3, 49, 119), (7, 17, 147)]
[(3, 49, 125), (5, 25, 147)]
[(3, 49, 132), (4, 33, 147)]
[(3, 50, 52), (4, 26, 75)]
[(3, 50, 66), (10, 10, 99)]
[(3, 52, 54), (4, 27, 78)]
[(3, 52, 70), (4, 30, 91)]
[(3, 54, 66), (6, 18, 99)]
[(3, 54, 76), (6, 19, 108)]
[(3, 54, 125), (5, 27, 150)]
[(3, 55, 57), (9, 11, 95)]
[(3, 55, 63), (7, 15, 99)]
[(3, 55, 69), (5, 23, 99)]
[(3, 55, 74), (10, 11, 111)]
[(3, 55, 99), (11, 11, 135)]
[(3, 55, 117), (5, 27, 143)]
[(3, 57, 70), (6, 19, 105)]
[(3, 60, 66), (10, 11, 108)]
[(3, 60, 82), (10, 12, 123)]
[(3, 60, 84), (4, 35, 108)]
[(3, 60, 92), (4, 36, 115)]
[(3, 60, 93), (5, 27, 124)]
[(3, 60, 110), (11, 12, 150)]
[(3, 61, 90), (5, 27, 122)]
[(3, 63, 82), (7, 18, 123)]
[(3, 63, 85), (5, 27, 119)]
[(3, 63, 95), (7, 19, 135)]
[(3, 63, 105), (9, 15, 147)]
[(3, 65, 69), (9, 13, 115)]
[(3, 66, 68), (4, 34, 99)]
[(3, 66, 92), (11, 12, 138)]
[(3, 68, 70), (4, 35, 102)]
[(3, 69, 70), (6, 21, 115)]
[(3, 69, 75), (5, 27, 115)]
[(3, 70, 98), (10, 14, 147)]
[(3, 70, 105), (6, 25, 147)]
[(3, 76, 77), (11, 12, 133)]
[(3, 77, 91), (11, 13, 147)]
[(3, 77, 105), (5, 33, 147)]
[(3, 78, 98), (6, 26, 147)]
[(3, 82, 84), (4, 42, 123)]
[(3, 84, 84), (12, 12, 147)]
[(3, 84, 86), (4, 43, 126)]
[(3, 85, 98), (5, 34, 147)]
[(3, 98, 100), (4, 50, 147)]
[(3, 100, 102), (4, 51, 150)]
[(4, 13, 50), (5, 10, 52)]
[(4, 14, 15), (6, 7, 20)]
[(4, 14, 81), (6, 9, 84)]
[(4, 17, 63), (7, 9, 68)]
[(4, 18, 30), (6, 10, 36)]
[(4, 20, 21), (5, 12, 28)]
[(4, 20, 54), (6, 12, 60)]
[(4, 21, 30), (5, 14, 36)]
[(4, 21, 78), (6, 13, 84)]
[(4, 22, 27), (6, 11, 36)]
[(4, 22, 36), (6, 12, 44)]
[(4, 22, 126), (6, 14, 132)]
[(4, 23, 84), (7, 12, 92)]
[(4, 25, 90), (9, 10, 100)]
[(4, 26, 45), (5, 18, 52)]
[(4, 26, 125), (5, 20, 130)]
[(4, 27, 121), (9, 11, 132)]
[(4, 28, 39), (7, 12, 52)]
[(4, 29, 50), (5, 20, 58)]
[(4, 29, 110), (5, 22, 116)]
[(4, 30, 39), (6, 15, 52)]
[(4, 30, 45), (5, 20, 54)]
[(4, 30, 77), (5, 22, 84)]
[(4, 30, 90), (6, 18, 100)]
[(4, 33, 51), (9, 11, 68)]
[(4, 33, 110), (6, 20, 121)]
[(4, 33, 117), (9, 13, 132)]
[(4, 33, 119), (7, 17, 132)]
[(4, 33, 125), (5, 25, 132)]
[(4, 34, 50), (10, 10, 68)]
[(4, 34, 54), (6, 18, 68)]
[(4, 35, 66), (10, 11, 84)]
[(4, 35, 78), (6, 20, 91)]
[(4, 36, 57), (9, 12, 76)]
[(4, 36, 70), (6, 20, 84)]
[(4, 36, 90), (10, 12, 108)]
[(4, 37, 130), (10, 13, 148)]
[(4, 37, 140), (5, 28, 148)]
[(4, 38, 51), (6, 19, 68)]
[(4, 38, 60), (6, 20, 76)]
[(4, 42, 60), (10, 12, 84)]
[(4, 42, 63), (7, 18, 84)]
[(4, 42, 95), (7, 20, 114)]
[(4, 42, 110), (10, 14, 132)]
[(4, 44, 75), (11, 12, 100)]
[(4, 44, 108), (12, 12, 132)]
[(4, 45, 46), (6, 20, 69)]
[(4, 45, 51), (5, 27, 68)]
[(4, 45, 70), (5, 30, 84)]
[(4, 45, 100), (12, 12, 125)]
[(4, 45, 121), (5, 33, 132)]
[(4, 46, 63), (6, 23, 84)]
[(4, 47, 70), (7, 20, 94)]
[(4, 49, 54), (9, 14, 84)]
[(4, 50, 63), (7, 20, 90)]
[(4, 50, 70), (10, 14, 100)]
[(4, 50, 78), (6, 26, 100)]
[(4, 50, 85), (5, 34, 100)]
[(4, 50, 87), (10, 15, 116)]
[(4, 50, 117), (5, 36, 130)]
[(4, 52, 93), (12, 13, 124)]
[(4, 53, 90), (5, 36, 106)]
[(4, 54, 68), (12, 12, 102)]
[(4, 54, 75), (6, 27, 100)]
[(4, 54, 84), (6, 28, 108)]
[(4, 54, 85), (5, 36, 102)]
[(4, 54, 110), (6, 30, 132)]
[(4, 55, 70), (7, 22, 100)]
[(4, 55, 99), (11, 15, 132)]
[(4, 55, 105), (7, 25, 132)]
[(4, 55, 117), (5, 39, 132)]
[(4, 57, 99), (9, 19, 132)]
[(4, 58, 81), (9, 18, 116)]
[(4, 60, 60), (12, 12, 100)]
[(4, 60, 69), (5, 36, 92)]
[(4, 60, 70), (6, 28, 100)]
[(4, 60, 105), (9, 20, 140)]
[(4, 60, 111), (12, 15, 148)]
[(4, 62, 84), (12, 14, 124)]
[(4, 62, 87), (6, 31, 116)]
[(4, 63, 99), (7, 27, 132)]
[(4, 63, 100), (12, 15, 140)]
[(4, 65, 90), (9, 20, 130)]
[(4, 66, 90), (10, 18, 132)]
[(4, 66, 102), (6, 34, 132)]
[(4, 69, 110), (5, 46, 132)]
[(4, 70, 81), (9, 20, 126)]
[(4, 70, 99), (6, 35, 132)]
[(4, 70, 108), (6, 36, 140)]
[(4, 70, 111), (7, 30, 148)]
[(4, 74, 99), (11, 18, 148)]
[(4, 74, 100), (10, 20, 148)]
[(4, 74, 125), (5, 50, 148)]
[(4, 75, 98), (10, 20, 147)]
[(4, 77, 78), (13, 14, 132)]
[(4, 77, 81), (9, 21, 132)]
[(4, 77, 87), (7, 29, 132)]
[(4, 77, 105), (5, 49, 132)]
[(4, 78, 90), (6, 36, 130)]
[(4, 78, 111), (6, 39, 148)]
[(4, 78, 125), (5, 52, 150)]
[(4, 81, 86), (6, 36, 129)]
[(4, 85, 99), (5, 51, 132)]
[(5, 14, 18), (6, 10, 21)]
[(5, 15, 42), (7, 10, 45)]
[(5, 17, 81), (9, 9, 85)]
[(5, 21, 39), (7, 13, 45)]
[(5, 23, 63), (7, 15, 69)]
[(5, 25, 117), (9, 13, 125)]
[(5, 25, 119), (7, 17, 125)]
[(5, 26, 81), (9, 13, 90)]
[(5, 26, 108), (10, 12, 117)]
[(5, 26, 126), (6, 21, 130)]
[(5, 27, 33), (9, 11, 45)]
[(5, 27, 38), (6, 19, 45)]
[(5, 27, 65), (9, 13, 75)]
[(5, 27, 70), (6, 21, 75)]
[(5, 28, 54), (6, 21, 60)]
[(5, 28, 66), (10, 12, 77)]
[(5, 28, 130), (10, 13, 140)]
[(5, 30, 36), (6, 20, 45)]
[(5, 30, 42), (6, 21, 50)]
[(5, 31, 81), (9, 15, 93)]
[(5, 31, 84), (7, 20, 93)]
[(5, 33, 39), (9, 13, 55)]
[(5, 33, 63), (9, 15, 77)]
[(5, 33, 70), (6, 25, 77)]
[(5, 33, 91), (11, 13, 105)]
[(5, 34, 52), (10, 13, 68)]
[(5, 34, 70), (10, 14, 85)]
[(5, 34, 78), (6, 26, 85)]
[(5, 35, 63), (7, 21, 75)]
[(5, 35, 110), (11, 14, 125)]
[(5, 36, 68), (12, 12, 85)]
[(5, 38, 87), (6, 29, 95)]
[(5, 38, 126), (6, 30, 133)]
[(5, 39, 42), (10, 13, 63)]
[(5, 39, 49), (7, 21, 65)]
[(5, 39, 76), (12, 13, 95)]
[(5, 39, 99), (11, 15, 117)]
[(5, 39, 105), (7, 25, 117)]
[(5, 39, 117), (13, 13, 135)]
[(5, 42, 46), (10, 14, 69)]
[(5, 42, 55), (10, 15, 77)]
[(5, 42, 114), (10, 18, 133)]
[(5, 45, 105), (9, 21, 125)]
[(5, 46, 54), (6, 30, 69)]
[(5, 46, 91), (13, 14, 115)]
[(5, 47, 117), (13, 15, 141)]
[(5, 47, 126), (7, 30, 141)]
[(5, 49, 55), (7, 25, 77)]
[(5, 49, 78), (13, 14, 105)]
[(5, 49, 81), (9, 21, 105)]
[(5, 49, 87), (7, 29, 105)]
[(5, 50, 99), (11, 18, 125)]
[(5, 50, 100), (10, 20, 125)]
[(5, 50, 126), (10, 21, 150)]
[(5, 51, 55), (11, 15, 85)]
[(5, 51, 57), (9, 19, 85)]
[(5, 51, 63), (7, 27, 85)]
[(5, 51, 70), (6, 35, 85)]
[(5, 52, 70), (13, 14, 100)]
[(5, 52, 87), (13, 15, 116)]
[(5, 52, 90), (10, 20, 117)]
[(5, 54, 68), (6, 36, 85)]
[(5, 54, 74), (6, 37, 90)]
[(5, 54, 98), (10, 21, 126)]
[(5, 55, 78), (13, 15, 110)]
[(5, 55, 105), (7, 33, 125)]
[(5, 57, 63), (9, 21, 95)]
[(5, 57, 105), (9, 25, 133)]
[(5, 58, 63), (7, 29, 90)]
[(5, 58, 84), (10, 21, 116)]
[(5, 60, 90), (12, 18, 125)]
[(5, 60, 110), (6, 44, 125)]
[(5, 60, 126), (6, 45, 140)]
[(5, 62, 63), (7, 30, 93)]
[(5, 62, 108), (6, 45, 124)]
[(5, 63, 65), (13, 15, 105)]
[(5, 63, 74), (10, 21, 111)]
[(5, 63, 78), (14, 15, 117)]
[(5, 63, 91), (7, 35, 117)]
[(5, 63, 95), (15, 15, 133)]
[(5, 63, 99), (11, 21, 135)]
[(5, 63, 100), (7, 36, 125)]
[(5, 63, 102), (6, 45, 119)]
[(5, 63, 111), (7, 37, 135)]
[(5, 65, 81), (9, 25, 117)]
[(5, 65, 85), (13, 17, 125)]
[(5, 65, 90), (9, 26, 125)]
[(5, 66, 70), (10, 21, 110)]
[(5, 66, 78), (10, 22, 117)]
[(5, 66, 91), (11, 21, 130)]
[(5, 70, 81), (6, 45, 105)]
[(5, 70, 95), (7, 38, 125)]
[(5, 70, 105), (6, 49, 125)]
[(5, 70, 108), (12, 21, 150)]
[(5, 70, 114), (6, 50, 133)]
[(5, 75, 76), (12, 19, 125)]
[(5, 75, 77), (11, 21, 125)]
[(5, 75, 81), (9, 27, 125)]
[(5, 75, 102), (6, 51, 125)]
[(5, 76, 84), (12, 20, 133)]
[(5, 76, 91), (13, 19, 140)]
[(5, 78, 90), (6, 50, 117)]
[(5, 78, 100), (6, 52, 125), (13, 20, 150)]
[(5, 78, 106), (6, 53, 130)]
[(5, 81, 87), (9, 29, 135)]
[(5, 81, 94), (9, 30, 141)]
[(5, 84, 84), (12, 21, 140)]
[(5, 84, 91), (13, 20, 147)]
[(5, 84, 111), (7, 45, 148)]
[(5, 87, 105), (7, 45, 145)]
[(5, 94, 108), (6, 60, 141)]
[(6, 15, 28), (7, 12, 30)]
[(6, 17, 99), (9, 11, 102)]
[(6, 18, 25), (9, 10, 30)]
[(6, 18, 50), (10, 10, 54)]
[(6, 19, 33), (9, 11, 38)]
[(6, 21, 65), (9, 13, 70)]
[(6, 22, 105), (9, 14, 110)]
[(6, 23, 42), (7, 18, 46)]
[(6, 25, 42), (9, 14, 50)]
[(6, 25, 63), (9, 15, 70)]
[(6, 25, 98), (10, 14, 105)]
[(6, 26, 45), (10, 13, 54)]
[(6, 26, 70), (10, 14, 78)]
[(6, 27, 44), (11, 12, 54)]
[(6, 28, 33), (9, 14, 44)]
[(6, 28, 50), (10, 14, 60)]
[(6, 28, 55), (7, 22, 60)]
[(6, 28, 60), (12, 12, 70)]
[(6, 28, 99), (11, 14, 108)]
[(6, 28, 117), (12, 13, 126)]
[(6, 30, 42), (10, 14, 54)]
[(6, 30, 140), (12, 14, 150)]
[(6, 31, 50), (10, 15, 62)]
[(6, 33, 100), (9, 20, 110)]
[(6, 34, 35), (10, 14, 51)]
[(6, 34, 65), (10, 17, 78)]
[(6, 34, 90), (10, 18, 102)]
[(6, 35, 44), (11, 14, 60)]
[(6, 35, 55), (11, 15, 70)]
[(6, 35, 57), (9, 19, 70)]
[(6, 35, 60), (12, 14, 75)]
[(6, 35, 63), (7, 27, 70)]
[(6, 35, 114), (10, 19, 126)]
[(6, 36, 36), (12, 12, 54)]
[(6, 36, 65), (9, 20, 78)]
[(6, 36, 121), (9, 22, 132)]
[(6, 38, 98), (14, 14, 114)]
[(6, 39, 42), (7, 26, 54)]
[(6, 39, 60), (12, 15, 78)]
[(6, 39, 70), (7, 30, 78)]
[(6, 39, 85), (13, 15, 102)]
[(6, 41, 66), (9, 22, 82)]
[(6, 42, 44), (12, 14, 66)]
[(6, 42, 50), (10, 18, 70)]
[(6, 42, 55), (7, 30, 66)]
[(6, 42, 70), (14, 14, 90)]
[(6, 42, 85), (10, 21, 102)]
[(6, 42, 95), (14, 15, 114)]
[(6, 42, 108), (12, 18, 126)]
[(6, 42, 110), (10, 22, 126)]
[(6, 42, 119), (7, 34, 126)]
[(6, 43, 66), (11, 18, 86)]
[(6, 44, 57), (9, 22, 76)]
[(6, 44, 90), (10, 22, 108), (12, 18, 110)]
[(6, 45, 49), (9, 21, 70)]
[(6, 45, 130), (13, 18, 150)]
[(6, 47, 70), (14, 15, 94)]
[(6, 47, 84), (7, 36, 94)]
[(6, 47, 133), (7, 38, 141)]
[(6, 49, 54), (14, 14, 81)]
[(6, 49, 55), (7, 33, 70)]
[(6, 49, 95), (7, 38, 105)]
[(6, 49, 102), (14, 17, 126)]
[(6, 49, 108), (9, 28, 126)]
[(6, 50, 52), (10, 20, 78)]
[(6, 50, 63), (14, 15, 90)]
[(6, 50, 66), (10, 22, 90)]
[(6, 50, 105), (10, 25, 126)]
[(6, 50, 126), (14, 18, 150)]
[(6, 50, 130), (10, 26, 150)]
[(6, 51, 76), (12, 19, 102)]
[(6, 51, 77), (11, 21, 102)]
[(6, 51, 81), (9, 27, 102)]
[(6, 52, 63), (7, 36, 78)]
[(6, 54, 98), (14, 18, 126)]
[(6, 54, 105), (9, 30, 126)]
[(6, 55, 58), (10, 22, 87)]
[(6, 55, 98), (7, 42, 110)]
[(6, 55, 108), (12, 22, 135)]
[(6, 55, 140), (7, 44, 150)]
[(6, 57, 63), (7, 38, 81)]
[(6, 57, 90), (9, 30, 114)]
[(6, 58, 84), (14, 18, 116)]
[(6, 58, 125), (10, 29, 150)]
[(6, 59, 90), (10, 27, 118)]
[(6, 60, 68), (12, 20, 102)]
[(6, 60, 77), (12, 21, 110)]
[(6, 60, 81), (9, 30, 108)]
[(6, 60, 98), (10, 28, 126)]
[(6, 63, 74), (14, 18, 111)]
[(6, 63, 85), (7, 45, 102)]
[(6, 63, 90), (15, 18, 126)]
[(6, 63, 92), (7, 46, 108), (12, 23, 126)]
[(6, 63, 100), (14, 20, 135)]
[(6, 66, 70), (14, 18, 110)]
[(6, 66, 75), (10, 27, 110)]
[(6, 66, 76), (12, 22, 114)]
[(6, 66, 91), (11, 26, 126)]
[(6, 66, 100), (10, 30, 132)]
[(6, 67, 95), (15, 19, 134)]
[(6, 67, 99), (11, 27, 134)]
[(6, 67, 105), (9, 35, 134)]
[(6, 67, 119), (7, 51, 134)]
[(6, 69, 98), (14, 21, 138)]
[(6, 70, 84), (14, 20, 126)]
[(6, 70, 90), (10, 30, 126)]
[(6, 70, 110), (14, 22, 150)]
[(6, 70, 135), (7, 54, 150)]
[(6, 71, 100), (15, 20, 142)]
[(6, 71, 126), (7, 54, 142)]
[(6, 73, 114), (9, 38, 146)]
[(6, 75, 82), (10, 30, 123)]
[(6, 75, 108), (12, 27, 150)]
[(6, 75, 110), (11, 30, 150)]
[(6, 76, 105), (9, 38, 140)]
[(6, 77, 78), (13, 22, 126)]
[(6, 77, 84), (14, 21, 132)]
[(6, 77, 94), (14, 22, 141)]
[(6, 81, 84), (9, 36, 126)]
[(6, 81, 95), (9, 38, 135)]
[(6, 84, 87), (7, 54, 116)]
[(6, 84, 100), (12, 28, 150)]
[(6, 87, 98), (7, 58, 126)]
[(6, 90, 90), (18, 18, 150)]
[(6, 90, 100), (10, 36, 150)]
[(6, 90, 105), (9, 42, 150)]
[(6, 100, 119), (7, 68, 150)]
[(7, 17, 117), (9, 13, 119)]
[(7, 18, 60), (10, 12, 63)]
[(7, 20, 81), (9, 15, 84)]
[(7, 22, 50), (10, 14, 55)]
[(7, 25, 27), (9, 15, 35)]
[(7, 25, 42), (10, 15, 49)]
[(7, 25, 99), (11, 15, 105)]
[(7, 26, 30), (10, 14, 39)]
[(7, 27, 55), (11, 15, 63)]
[(7, 27, 57), (9, 19, 63)]
[(7, 27, 140), (12, 15, 147)]
[(7, 28, 54), (12, 14, 63)]
[(7, 28, 90), (12, 15, 98)]
[(7, 29, 78), (13, 14, 87)]
[(7, 29, 81), (9, 21, 87)]
[(7, 30, 44), (12, 14, 55)]
[(7, 30, 60), (12, 15, 70)]
[(7, 30, 117), (13, 15, 126)]
[(7, 30, 126), (14, 14, 135)]
[(7, 33, 35), (11, 15, 49)]
[(7, 33, 45), (9, 21, 55)]
[(7, 33, 51), (11, 17, 63)]
[(7, 33, 54), (9, 22, 63)]
[(7, 33, 69), (9, 23, 77)]
[(7, 33, 110), (14, 15, 121)]
[(7, 34, 108), (12, 18, 119)]
[(7, 34, 110), (10, 22, 119)]
[(7, 35, 78), (14, 15, 91)]
[(7, 35, 135), (15, 15, 147)]
[(7, 35, 138), (10, 23, 147)]
[(7, 36, 50), (10, 20, 63)]
[(7, 36, 70), (14, 15, 84)]
[(7, 37, 99), (11, 21, 111)]
[(7, 38, 60), (14, 15, 76)]
[(7, 39, 45), (13, 15, 63)]
[(7, 39, 75), (15, 15, 91)]
[(7, 42, 45), (10, 21, 63)]
[(7, 42, 102), (14, 18, 119)]
[(7, 44, 102), (12, 22, 119)]
[(7, 44, 130), (10, 28, 143)]
[(7, 45, 46), (14, 15, 69)]
[(7, 45, 55), (15, 15, 77)]
[(7, 45, 76), (12, 21, 95)]
[(7, 45, 114), (15, 18, 133)]
[(7, 45, 117), (13, 21, 135)]
[(7, 46, 50), (10, 23, 70)]
[(7, 50, 76), (10, 28, 95)]
[(7, 50, 81), (15, 18, 105)]
[(7, 50, 102), (10, 30, 119)]
[(7, 50, 124), (10, 31, 140)]
[(7, 51, 65), (15, 17, 91)]
[(7, 51, 95), (15, 19, 119)]
[(7, 51, 99), (11, 27, 119)]
[(7, 51, 105), (9, 35, 119)]
[(7, 54, 58), (14, 18, 87)]
[(7, 54, 100), (15, 20, 126)]
[(7, 54, 110), (14, 22, 135)]
[(7, 54, 125), (15, 21, 150)]
[(7, 55, 117), (15, 21, 143)]
[(7, 57, 75), (9, 35, 95), (15, 19, 105)]
[(7, 57, 102), (9, 38, 119)]
[(7, 57, 117), (9, 39, 133)]
[(7, 58, 60), (10, 28, 87)]
[(7, 60, 93), (15, 21, 124)]
[(7, 60, 108), (12, 28, 135)]
[(7, 60, 110), (15, 22, 140)]
[(7, 61, 90), (15, 21, 122)]
[(7, 62, 92), (14, 23, 124)]
[(7, 62, 99), (11, 31, 126)]
[(7, 63, 85), (15, 21, 119)]
[(7, 63, 115), (15, 23, 147)]
[(7, 65, 69), (13, 23, 105)]
[(7, 65, 81), (9, 39, 105)]
[(7, 65, 85), (13, 25, 119)]
[(7, 65, 110), (14, 25, 143)]
[(7, 68, 84), (12, 28, 119)]
[(7, 68, 90), (10, 36, 119)]
[(7, 69, 75), (15, 21, 115)]
[(7, 69, 78), (14, 23, 117)]
[(7, 69, 95), (15, 23, 133)]
[(7, 74, 75), (10, 35, 111)]
[(7, 74, 81), (9, 42, 111)]
[(7, 74, 85), (10, 37, 119)]
[(7, 75, 99), (11, 35, 135)]
[(7, 75, 105), (15, 25, 147)]
[(7, 76, 93), (12, 31, 133)]
[(7, 78, 90), (10, 39, 126), (14, 26, 135)]
[(7, 78, 99), (14, 27, 143)]
[(7, 81, 85), (9, 45, 119), (17, 21, 135)]
[(7, 81, 94), (9, 47, 126)]
[(7, 81, 105), (9, 49, 135)]
[(7, 90, 90), (10, 42, 135)]
[(7, 90, 91), (15, 26, 147)]
[(7, 91, 93), (13, 31, 147)]
[(7, 91, 99), (11, 39, 147)]
[(7, 99, 105), (9, 55, 147)]
[(9, 19, 55), (11, 15, 57)]
[(9, 20, 20), (12, 12, 25)]
[(9, 20, 34), (10, 17, 36)]
[(9, 21, 78), (13, 14, 81)]
[(9, 22, 28), (12, 14, 33)]
[(9, 22, 51), (11, 17, 54)]
[(9, 26, 60), (12, 18, 65)]
[(9, 26, 85), (13, 17, 90)]
[(9, 27, 76), (12, 19, 81)]
[(9, 27, 77), (11, 21, 81)]
[(9, 28, 34), (12, 17, 42)]
[(9, 28, 42), (12, 18, 49)]
[(9, 28, 100), (12, 20, 105)]
[(9, 28, 102), (14, 17, 108)]
[(9, 29, 140), (12, 21, 145)]
[(9, 30, 50), (10, 25, 54)]
[(9, 30, 98), (14, 18, 105)]
[(9, 30, 119), (15, 17, 126)]
[(9, 31, 85), (15, 17, 93)]
[(9, 33, 75), (11, 25, 81)]
[(9, 34, 55), (15, 17, 66)]
[(9, 35, 42), (10, 27, 49)]
[(9, 35, 55), (11, 25, 63)]
[(9, 35, 99), (11, 27, 105)]
[(9, 35, 140), (12, 25, 147)]
[(9, 36, 70), (14, 20, 81)]
[(9, 36, 100), (12, 25, 108)]
[(9, 38, 42), (14, 18, 57)]
[(9, 38, 44), (12, 22, 57)]
[(9, 38, 50), (10, 30, 57)]
[(9, 39, 50), (15, 18, 65)]
[(9, 39, 69), (13, 23, 81)]
[(9, 39, 125), (13, 25, 135)]
[(9, 42, 55), (10, 33, 63)]
[(9, 42, 68), (17, 18, 84)]
[(9, 42, 75), (10, 35, 81)]
[(9, 42, 90), (18, 18, 105)]
[(9, 42, 100), (10, 36, 105)]
[(9, 43, 114), (18, 19, 129)]
[(9, 43, 117), (13, 27, 129)]
[(9, 43, 121), (11, 33, 129)]
[(9, 44, 50), (10, 33, 60), (12, 25, 66)]
[(9, 44, 99), (11, 33, 108)]
[(9, 44, 110), (12, 30, 121)]
[(9, 45, 63), (15, 21, 81)]
[(9, 45, 65), (13, 25, 81)]
[(9, 45, 74), (10, 37, 81)]
[(9, 45, 91), (13, 27, 105)]
[(9, 46, 63), (14, 23, 81)]
[(9, 47, 125), (15, 25, 141)]
[(9, 49, 85), (17, 21, 105)]
[(9, 50, 51), (17, 18, 75)]
[(9, 50, 52), (10, 36, 65)]
[(9, 50, 68), (17, 20, 90)]
[(9, 50, 70), (14, 25, 90)]
[(9, 50, 82), (10, 41, 90)]
[(9, 50, 84), (18, 20, 105)]
[(9, 50, 95), (15, 25, 114)]
[(9, 50, 98), (10, 42, 105)]
[(9, 51, 57), (17, 19, 81)]
[(9, 51, 66), (11, 34, 81)]
[(9, 51, 77), (17, 21, 99)]
[(9, 54, 55), (15, 22, 81)]
[(9, 54, 60), (12, 30, 81)]
[(9, 55, 75), (15, 25, 99)]
[(9, 55, 76), (12, 33, 95)]
[(9, 55, 91), (11, 39, 105)]
[(9, 55, 99), (15, 27, 121)]
[(9, 55, 117), (13, 33, 135)]
[(9, 55, 123), (11, 41, 135)]
[(9, 60, 66), (10, 44, 81), (12, 33, 90)]
[(9, 60, 84), (12, 36, 105)]
[(9, 60, 98), (10, 49, 108)]
[(9, 63, 75), (15, 27, 105)]
[(9, 63, 110), (14, 33, 135)]
[(9, 65, 77), (13, 33, 105)]
[(9, 65, 85), (17, 25, 117)]
[(9, 66, 70), (18, 22, 105)]
[(9, 66, 100), (18, 25, 132)]
[(9, 66, 110), (10, 54, 121)]
[(9, 67, 102), (17, 27, 134)]
[(9, 68, 99), (17, 27, 132)]
[(9, 70, 70), (14, 30, 105)]
[(9, 70, 76), (12, 38, 105)]
[(9, 70, 90), (10, 54, 105), (18, 25, 126)]
[(9, 70, 114), (10, 57, 126)]
[(9, 70, 116), (14, 36, 145)]
[(9, 71, 110), (15, 33, 142)]
[(9, 74, 95), (10, 57, 111)]
[(9, 75, 77), (11, 45, 105)]
[(9, 75, 82), (18, 25, 123)]
[(9, 75, 85), (17, 27, 125)]
[(9, 75, 95), (19, 25, 135)]
[(9, 76, 82), (12, 41, 114)]
[(9, 76, 90), (10, 57, 108)]
[(9, 77, 77), (21, 21, 121)]
[(9, 77, 78), (14, 33, 117)]
[(9, 77, 86), (21, 22, 129)]
[(9, 77, 91), (11, 49, 117)]
[(9, 77, 95), (15, 33, 133)]
[(9, 84, 86), (14, 36, 129)]
[(9, 85, 87), (17, 29, 135)]
[(9, 85, 94), (17, 30, 141)]
[(9, 86, 92), (12, 46, 129)]
[(9, 86, 99), (11, 54, 129)]
[(9, 87, 100), (15, 36, 145)]
[(9, 92, 98), (12, 49, 138)]
[(9, 95, 99), (11, 57, 135)]
[(10, 20, 99), (11, 18, 100)]
[(10, 21, 39), (13, 15, 42)]
[(10, 22, 27), (11, 18, 30)]
[(10, 22, 63), (14, 15, 66)]
[(10, 23, 135), (15, 15, 138)]
[(10, 26, 45), (13, 18, 50)]
[(10, 26, 126), (14, 18, 130)]
[(10, 27, 28), (12, 18, 35)]
[(10, 27, 70), (14, 18, 75)]
[(10, 28, 36), (12, 20, 42)]
[(10, 28, 45), (12, 21, 50)]
[(10, 28, 54), (14, 18, 60)]
[(10, 28, 135), (15, 18, 140)]
[(10, 29, 52), (13, 20, 58)]
[(10, 30, 42), (14, 18, 50)]
[(10, 30, 44), (12, 22, 50)]
[(10, 30, 63), (15, 18, 70)]
[(10, 30, 84), (14, 20, 90)]
[(10, 31, 54), (15, 18, 62)]
[(10, 33, 35), (11, 25, 42)]
[(10, 33, 102), (17, 18, 110)]
[(10, 34, 81), (17, 18, 90)]
[(10, 35, 38), (14, 19, 50)]
[(10, 35, 44), (11, 28, 50)]
[(10, 36, 39), (15, 18, 52)]
[(10, 36, 52), (12, 26, 60)]
[(10, 36, 55), (15, 20, 66)]
[(10, 36, 84), (12, 28, 90)]
[(10, 36, 90), (18, 18, 100)]
[(10, 37, 63), (15, 21, 74)]
[(10, 37, 65), (13, 25, 74)]
[(10, 38, 99), (18, 19, 110)]
[(10, 38, 105), (14, 25, 114)]
[(10, 38, 108), (12, 30, 114)]
[(10, 39, 44), (12, 26, 55)]
[(10, 39, 124), (12, 31, 130)]
[(10, 39, 132), (18, 20, 143)]
[(10, 41, 68), (17, 20, 82)]
[(10, 41, 70), (14, 25, 82)]
[(10, 42, 54), (18, 18, 70)]
[(10, 42, 78), (14, 26, 90)]
[(10, 42, 84), (18, 20, 98)]
[(10, 42, 117), (18, 21, 130)]
[(10, 44, 51), (11, 34, 60)]
[(10, 44, 54), (12, 30, 66)]
[(10, 44, 102), (12, 34, 110)]
[(10, 44, 126), (18, 22, 140)]
[(10, 45, 68), (18, 20, 85)]
[(10, 45, 78), (13, 30, 90)]
[(10, 45, 84), (18, 21, 100)]
[(10, 45, 110), (18, 22, 125)]
[(10, 46, 99), (18, 22, 115)]
[(10, 46, 126), (14, 30, 138)]
[(10, 46, 135), (18, 23, 150)]
[(10, 47, 78), (15, 26, 94)]
[(10, 49, 99), (11, 42, 105)]
[(10, 51, 60), (12, 34, 75)]
[(10, 51, 77), (11, 42, 85)]
[(10, 52, 54), (18, 20, 78)]
[(10, 52, 63), (15, 26, 84)]
[(10, 52, 85), (13, 34, 100)]
[(10, 52, 110), (20, 22, 130)]
[(10, 52, 117), (13, 36, 130)]
[(10, 53, 84), (20, 21, 106)]
[(10, 53, 87), (15, 29, 106)]
[(10, 53, 91), (13, 35, 106)]
[(10, 53, 99), (11, 45, 106)]
[(10, 54, 66), (18, 22, 90)]
[(10, 54, 70), (14, 30, 90)]
[(10, 54, 76), (12, 38, 90)]
[(10, 54, 95), (15, 30, 114)]
[(10, 54, 119), (14, 34, 135)]
[(10, 54, 130), (18, 26, 150)]
[(10, 54, 140), (12, 42, 150)]
[(10, 57, 90), (18, 25, 114)]
[(10, 57, 115), (19, 25, 138)]
[(10, 59, 110), (11, 50, 118)]
[(10, 60, 60), (20, 20, 90)]
[(10, 60, 63), (15, 28, 90)]
[(10, 60, 81), (18, 25, 108)]
[(10, 60, 84), (12, 42, 100)]
[(10, 60, 99), (11, 50, 108)]
[(10, 60, 117), (12, 45, 130)]
[(10, 60, 119), (15, 34, 140)]
[(10, 60, 126), (18, 28, 150)]
[(10, 61, 108), (12, 45, 122)]
[(10, 62, 63), (14, 31, 90)]
[(10, 63, 70), (15, 30, 98)]
[(10, 63, 76), (12, 42, 95)]
[(10, 63, 102), (15, 34, 126)]
[(10, 63, 108), (18, 28, 135)]
[(10, 63, 115), (15, 35, 138)]
[(10, 63, 117), (13, 42, 135)]
[(10, 65, 68), (17, 26, 100)]
[(10, 65, 100), (20, 25, 130)]
[(10, 65, 102), (17, 30, 130)]
[(10, 65, 116), (20, 26, 145)]
[(10, 66, 75), (11, 50, 90)]
[(10, 66, 78), (18, 26, 110)]
[(10, 68, 70), (14, 34, 100)]
[(10, 68, 87), (15, 34, 116)]
[(10, 69, 91), (13, 42, 115)]
[(10, 69, 105), (21, 25, 138)]
[(10, 69, 111), (15, 37, 138)]
[(10, 69, 117), (13, 45, 138)]
[(10, 70, 108), (12, 50, 126), (18, 30, 140)]
[(10, 70, 117), (21, 26, 150)]
[(10, 70, 126), (14, 42, 150)]
[(10, 73, 110), (22, 25, 146)]
[(10, 75, 92), (12, 50, 115)]
[(10, 76, 90), (12, 50, 114)]
[(10, 76, 91), (19, 28, 130)]
[(10, 76, 99), (11, 60, 114)]
[(10, 77, 78), (13, 42, 110)]
[(10, 78, 84), (20, 26, 126)]
[(10, 78, 90), (18, 30, 130)]
[(10, 78, 95), (15, 38, 130)]
[(10, 78, 98), (14, 42, 130)]
[(10, 78, 108), (12, 54, 130)]
[(10, 78, 110), (22, 26, 150)]
[(10, 78, 125), (13, 50, 150)]
[(10, 81, 86), (18, 30, 129)]
[(10, 81, 110), (18, 33, 150)]
[(10, 84, 92), (20, 28, 138)]
[(10, 84, 111), (15, 42, 148)]
[(10, 84, 116), (12, 58, 140)]
[(10, 86, 91), (14, 43, 130)]
[(10, 87, 105), (15, 42, 145)]
[(10, 87, 108), (12, 58, 135)]
[(10, 90, 102), (18, 34, 150)]
[(10, 91, 110), (11, 70, 130)]
[(10, 92, 108), (12, 60, 138)]
[(10, 99, 111), (11, 74, 135)]
[(10, 99, 115), (11, 75, 138)]
[(10, 108, 110), (12, 66, 150)]
[(10, 110, 123), (11, 82, 150)]
[(11, 21, 76), (12, 19, 77)]
[(11, 27, 95), (15, 19, 99)]
[(11, 28, 30), (12, 22, 35)]
[(11, 28, 38), (14, 19, 44)]
[(11, 30, 70), (14, 22, 75)]
[(11, 30, 108), (12, 27, 110)]
[(11, 33, 114), (18, 19, 121)]
[(11, 33, 117), (13, 27, 121)]
[(11, 34, 57), (17, 19, 66)]
[(11, 36, 36), (12, 27, 44)]
[(11, 36, 90), (18, 20, 99)]
[(11, 36, 126), (14, 27, 132)]
[(11, 38, 100), (19, 20, 110)]
[(11, 39, 45), (13, 27, 55)]
[(11, 39, 90), (15, 26, 99)]
[(11, 39, 93), (13, 31, 99)]
[(11, 39, 133), (19, 21, 143)]
[(11, 39, 135), (15, 27, 143)]
[(11, 39, 140), (12, 35, 143)]
[(11, 41, 117), (13, 33, 123)]
[(11, 42, 54), (14, 27, 66)]
[(11, 42, 60), (12, 35, 66)]
[(11, 42, 78), (18, 22, 91)]
[(11, 45, 63), (15, 27, 77)]
[(11, 45, 65), (13, 33, 75)]
[(11, 45, 84), (20, 21, 99)]
[(11, 45, 87), (15, 29, 99)]
[(11, 45, 91), (13, 35, 99)]
[(11, 46, 76), (19, 22, 92)]
[(11, 46, 95), (19, 23, 110)]
[(11, 46, 100), (20, 22, 115)]
[(11, 46, 105), (14, 33, 115)]
[(11, 49, 78), (14, 33, 91)]
[(11, 49, 110), (14, 35, 121)]
[(11, 49, 135), (15, 33, 147)]
[(11, 50, 54), (18, 22, 75)]
[(11, 50, 81), (18, 25, 99)]
[(11, 51, 81), (17, 27, 99)]
[(11, 52, 70), (20, 22, 91)]
[(11, 52, 84), (12, 44, 91)]
[(11, 52, 114), (19, 26, 132)]
[(11, 54, 57), (19, 22, 81)]
[(11, 54, 77), (21, 22, 99)]
[(11, 54, 84), (14, 36, 99)]
[(11, 54, 90), (18, 27, 110)]
[(11, 54, 92), (12, 46, 99)]
[(11, 55, 81), (15, 33, 99)]
[(11, 55, 105), (15, 35, 121)]
[(11, 57, 75), (19, 25, 99)]
[(11, 57, 99), (19, 27, 121)]
[(11, 60, 60), (12, 44, 75)]
[(11, 60, 90), (12, 50, 99)]
[(11, 60, 102), (12, 51, 110)]
[(11, 60, 108), (20, 27, 132)]
[(11, 63, 65), (15, 33, 91)]
[(11, 63, 69), (21, 23, 99)]
[(11, 63, 75), (15, 35, 99)]
[(11, 63, 78), (14, 39, 99)]
[(11, 63, 117), (21, 27, 143)]
[(11, 63, 140), (12, 55, 147)]
[(11, 65, 119), (17, 35, 143)]
[(11, 68, 105), (17, 35, 132)]
[(11, 68, 117), (13, 51, 132)]
[(11, 69, 78), (13, 46, 99)]
[(11, 70, 76), (19, 28, 110)]
[(11, 70, 86), (14, 43, 110)]
[(11, 70, 92), (14, 44, 115)]
[(11, 70, 108), (22, 27, 140)]
[(11, 73, 114), (19, 33, 146)]
[(11, 76, 81), (12, 57, 99)]
[(11, 76, 105), (19, 33, 140)]
[(11, 77, 81), (21, 27, 121)]
[(11, 78, 82), (22, 26, 123)]
[(11, 78, 85), (13, 51, 110)]
[(11, 78, 90), (22, 27, 130)]
[(11, 78, 119), (14, 51, 143)]
[(11, 81, 82), (18, 33, 123)]
[(11, 81, 86), (22, 27, 129)]
[(11, 81, 95), (19, 33, 135)]
[(11, 82, 108), (12, 66, 123)]
[(11, 84, 90), (18, 35, 132)]
[(11, 84, 102), (14, 51, 132)]
[(11, 84, 105), (20, 33, 147)]
[(11, 90, 92), (12, 66, 115)]
[(11, 91, 95), (19, 35, 143)]
[(11, 98, 117), (13, 66, 147)]
[(11, 100, 108), (12, 75, 132)]
[(12, 21, 26), (13, 18, 28)]
[(12, 22, 42), (14, 18, 44)]
[(12, 23, 90), (15, 18, 92)]
[(12, 28, 30), (14, 20, 36)]
[(12, 30, 55), (15, 22, 60)]
[(12, 30, 105), (14, 25, 108)]
[(12, 33, 34), (17, 18, 44)]
[(12, 33, 102), (17, 22, 108)]
[(12, 34, 60), (18, 20, 68)]
[(12, 35, 54), (14, 27, 60)]
[(12, 35, 70), (14, 28, 75)]
[(12, 35, 76), (19, 20, 84)]
[(12, 35, 133), (19, 21, 140)]
[(12, 35, 135), (15, 27, 140)]
[(12, 35, 140), (20, 20, 147)]
[(12, 36, 50), (18, 20, 60)]
[(12, 36, 100), (20, 20, 108)]
[(12, 37, 140), (20, 21, 148)]
[(12, 38, 49), (14, 28, 57)]
[(12, 38, 66), (18, 22, 76)]
[(12, 38, 70), (14, 30, 76)]
[(12, 38, 99), (19, 22, 108)]
[(12, 39, 50), (15, 26, 60)]
[(12, 39, 70), (15, 28, 78)]
[(12, 42, 45), (18, 21, 60)]
[(12, 42, 55), (15, 28, 66)]
[(12, 42, 102), (14, 34, 108)]
[(12, 42, 130), (18, 26, 140)]
[(12, 44, 50), (20, 20, 66)]
[(12, 44, 70), (20, 22, 84)]
[(12, 44, 126), (14, 36, 132)]
[(12, 45, 52), (13, 36, 60)]
[(12, 46, 77), (21, 22, 92)]
[(12, 46, 84), (14, 36, 92)]
[(12, 49, 68), (17, 28, 84)]
[(12, 49, 90), (18, 28, 105)]
[(12, 49, 125), (21, 25, 140)]
[(12, 50, 57), (18, 25, 76)]
[(12, 50, 84), (18, 28, 100)]
[(12, 51, 57), (17, 27, 76)]
[(12, 52, 77), (13, 44, 84)]
[(12, 52, 90), (20, 26, 108)]
[(12, 54, 90), (18, 30, 108)]
[(12, 54, 95), (15, 38, 108)]
[(12, 54, 98), (14, 42, 108)]
[(12, 55, 57), (15, 33, 76)]
[(12, 55, 126), (14, 44, 135)]
[(12, 58, 63), (18, 28, 87)]
[(12, 58, 69), (18, 29, 92)]
[(12, 60, 63), (15, 36, 84)]
[(12, 60, 75), (20, 27, 100)]
[(12, 60, 84), (20, 28, 108)]
[(12, 60, 110), (20, 30, 132)]
[(12, 61, 98), (21, 28, 122)]
[(12, 62, 77), (14, 44, 93)]
[(12, 62, 99), (22, 27, 124)]
[(12, 62, 100), (20, 30, 124)]
[(12, 62, 117), (13, 54, 124)]
[(12, 63, 90), (15, 42, 108)]
[(12, 63, 94), (14, 47, 108)]
[(12, 63, 110), (15, 44, 126), (22, 28, 135)]
[(12, 63, 115), (23, 27, 140)]
[(12, 63, 125), (15, 45, 140)]
[(12, 65, 119), (17, 39, 140)]
[(12, 65, 133), (13, 57, 140)]
[(12, 66, 70), (14, 44, 90)]
[(12, 66, 78), (22, 26, 108)]
[(12, 66, 81), (18, 33, 108)]
[(12, 66, 95), (15, 44, 114)]
[(12, 66, 108), (18, 36, 132)]
[(12, 68, 70), (20, 28, 102)]
[(12, 68, 81), (17, 36, 108)]
[(12, 69, 70), (14, 45, 92)]
[(12, 69, 78), (13, 54, 92)]
[(12, 69, 130), (13, 60, 138)]
[(12, 70, 77), (21, 28, 110)]
[(12, 70, 90), (14, 50, 108)]
[(12, 70, 93), (21, 30, 124)]
[(12, 70, 110), (22, 30, 140)]
[(12, 70, 114), (18, 38, 140)]
[(12, 70, 117), (13, 60, 126)]
[(12, 70, 126), (14, 54, 140)]
[(12, 74, 93), (18, 37, 124)]
[(12, 75, 105), (25, 27, 140)]
[(12, 75, 119), (15, 51, 140)]
[(12, 76, 99), (19, 36, 132)]
[(12, 77, 78), (22, 28, 117)]
[(12, 77, 105), (21, 33, 140)]
[(12, 77, 130), (13, 66, 140)]
[(12, 78, 84), (14, 52, 108)]
[(12, 78, 85), (13, 60, 102)]
[(12, 78, 93), (13, 62, 108)]
[(12, 82, 105), (18, 41, 140)]
[(12, 84, 100), (20, 36, 140)]
[(12, 84, 110), (14, 60, 132)]
[(12, 85, 98), (21, 34, 140)]
[(12, 85, 105), (17, 45, 140)]
[(12, 86, 105), (14, 60, 129)]
[(12, 90, 91), (26, 27, 140)]
[(12, 90, 92), (20, 36, 138)]
[(12, 90, 98), (18, 42, 140)]
[(12, 90, 110), (18, 44, 150)]
[(12, 91, 95), (19, 39, 140)]
[(12, 91, 98), (26, 28, 147)]
[(12, 91, 125), (13, 75, 140)]
[(12, 91, 133), (13, 76, 147)]
[(12, 95, 105), (15, 57, 140)]
[(12, 95, 117), (13, 76, 135)]
[(12, 98, 99), (18, 44, 147)]
[(12, 98, 110), (14, 66, 140)]
[(12, 100, 111), (15, 60, 148)]
[(12, 105, 117), (13, 81, 140)]
[(13, 25, 63), (15, 21, 65)]
[(13, 27, 114), (18, 19, 117)]
[(13, 30, 42), (14, 26, 45)]
[(13, 31, 90), (15, 26, 93)]
[(13, 35, 57), (19, 21, 65)]
[(13, 35, 84), (20, 21, 91)]
[(13, 35, 87), (15, 29, 91)]
[(13, 36, 42), (18, 21, 52)]
[(13, 36, 70), (20, 21, 78)]
[(13, 36, 110), (20, 22, 117)]
[(13, 42, 66), (18, 26, 77)]
[(13, 42, 108), (18, 28, 117)]
[(13, 45, 49), (21, 21, 65)]
[(13, 45, 105), (21, 25, 117)]
[(13, 45, 111), (15, 37, 117)]
[(13, 46, 63), (14, 39, 69), (21, 23, 78)]
[(13, 47, 135), (15, 39, 141)]
[(13, 49, 75), (21, 25, 91)]
[(13, 49, 90), (21, 26, 105)]
[(13, 50, 68), (20, 26, 85)]
[(13, 50, 84), (21, 26, 100)]
[(13, 50, 110), (22, 26, 125)]
[(13, 50, 116), (20, 29, 130)]
[(13, 50, 126), (14, 45, 130)]
[(13, 51, 105), (17, 35, 117)]
[(13, 54, 58), (18, 29, 78)]
[(13, 54, 70), (14, 45, 78)]
[(13, 54, 99), (22, 27, 117)]
[(13, 54, 100), (20, 30, 117)]
[(13, 55, 63), (15, 39, 77)]
[(13, 55, 108), (15, 44, 117)]
[(13, 55, 126), (21, 30, 143)]
[(13, 55, 135), (15, 45, 143)]
[(13, 57, 99), (19, 33, 117)]
[(13, 57, 102), (17, 38, 117)]
[(13, 57, 119), (17, 39, 133)]
[(13, 58, 63), (21, 26, 87)]
[(13, 58, 110), (22, 29, 130)]
[(13, 62, 66), (22, 26, 93)]
[(13, 62, 84), (14, 52, 93)]
[(13, 63, 75), (15, 45, 91)]
[(13, 63, 92), (23, 28, 117)]
[(13, 63, 93), (21, 31, 117)]
[(13, 63, 105), (15, 49, 117)]
[(13, 63, 110), (14, 55, 117)]
[(13, 63, 114), (18, 39, 133)]
[(13, 63, 121), (21, 33, 143)]
[(13, 65, 90), (25, 26, 117)]
[(13, 66, 105), (21, 33, 130)]
[(13, 66, 119), (21, 34, 143)]
[(13, 68, 70), (14, 52, 85)]
[(13, 68, 90), (20, 34, 117)]
[(13, 69, 87), (23, 29, 117)]
[(13, 70, 108), (14, 60, 117)]
[(13, 70, 122), (14, 61, 130)]
[(13, 74, 100), (20, 37, 130)]
[(13, 74, 116), (26, 29, 148)]
[(13, 75, 81), (25, 27, 117)]
[(13, 75, 84), (20, 35, 117)]
[(13, 75, 90), (26, 27, 125)]
[(13, 75, 95), (19, 39, 125)]
[(13, 75, 98), (21, 35, 130)]
[(13, 76, 98), (26, 28, 133)]
[(13, 77, 81), (21, 33, 117)]
[(13, 77, 111), (21, 37, 143)]
[(13, 78, 105), (14, 65, 117)]
[(13, 81, 82), (18, 41, 117)]
[(13, 81, 85), (17, 45, 117)]
[(13, 81, 95), (15, 57, 117)]
[(13, 84, 90), (21, 36, 130)]
[(13, 84, 95), (20, 39, 133)]
[(13, 84, 102), (14, 68, 117)]
[(13, 84, 111), (21, 39, 148)]
[(13, 87, 90), (15, 58, 117), (26, 29, 135)]
[(13, 87, 99), (27, 29, 143)]
[(13, 87, 105), (21, 39, 145)]
[(13, 90, 90), (18, 45, 130)]
[(13, 90, 94), (26, 30, 141)]
[(13, 94, 126), (14, 78, 141)]
[(13, 95, 99), (19, 45, 143)]
[(13, 95, 105), (15, 65, 133)]
[(13, 98, 110), (14, 77, 130)]
[(13, 110, 119), (14, 85, 143)]
[(14, 23, 45), (15, 21, 46)]
[(14, 25, 68), (17, 20, 70)]
[(14, 30, 66), (18, 22, 70)]
[(14, 31, 60), (15, 28, 62)]
[(14, 33, 34), (17, 22, 42)]
[(14, 33, 42), (18, 22, 49)]
[(14, 33, 100), (20, 22, 105)]
[(14, 34, 65), (17, 26, 70)]
[(14, 36, 45), (20, 21, 54)]
[(14, 36, 55), (20, 22, 63)]
[(14, 36, 77), (21, 22, 84)]
[(14, 37, 66), (21, 22, 74)]
[(14, 39, 75), (15, 35, 78)]
[(14, 42, 60), (18, 28, 70)]
[(14, 42, 90), (18, 30, 98)]
[(14, 42, 95), (15, 38, 98)]
[(14, 42, 117), (21, 26, 126)]
[(14, 43, 76), (19, 28, 86)]
[(14, 44, 45), (21, 22, 60)]
[(14, 44, 100), (20, 28, 110)]
[(14, 44, 130), (22, 26, 140)]
[(14, 45, 58), (18, 29, 70)]
[(14, 45, 65), (21, 25, 78)]
[(14, 45, 66), (18, 30, 77)]
[(14, 45, 99), (21, 27, 110)]
[(14, 45, 116), (20, 29, 126)]
[(14, 45, 140), (21, 28, 150)]
[(14, 46, 55), (22, 23, 70)]
[(14, 47, 90), (15, 42, 94)]
[(14, 50, 52), (20, 26, 70)]
[(14, 50, 54), (18, 30, 70)]
[(14, 50, 63), (15, 42, 70)]
[(14, 50, 84), (20, 30, 98)]
[(14, 50, 99), (18, 35, 110)]
[(14, 50, 117), (21, 30, 130)]
[(14, 51, 65), (17, 35, 78)]
[(14, 51, 90), (18, 35, 102)]
[(14, 51, 114), (19, 34, 126)]
[(14, 52, 60), (20, 28, 78)]
[(14, 52, 66), (22, 26, 84)]
[(14, 52, 75), (20, 30, 91)]
[(14, 53, 90), (21, 30, 106)]
[(14, 54, 85), (21, 30, 102)]
[(14, 54, 110), (22, 30, 126)]
[(14, 54, 114), (18, 38, 126)]
[(14, 55, 60), (15, 44, 70)]
[(14, 55, 69), (15, 46, 77)]
[(14, 55, 76), (22, 28, 95)]
[(14, 55, 92), (23, 28, 110)]
[(14, 55, 93), (21, 31, 110)]
[(14, 55, 102), (22, 30, 119)]
[(14, 55, 105), (15, 49, 110)]
[(14, 55, 124), (22, 31, 140)]
[(14, 57, 68), (17, 38, 84)]
[(14, 57, 90), (18, 38, 105)]
[(14, 58, 77), (22, 29, 98)]
[(14, 59, 100), (20, 35, 118)]
[(14, 60, 60), (20, 30, 84)]
[(14, 60, 66), (22, 28, 90)]
[(14, 60, 69), (21, 30, 92)]
[(14, 60, 105), (25, 28, 126)]
[(14, 60, 108), (20, 36, 126)]
[(14, 60, 121), (22, 33, 140)]
[(14, 60, 130), (26, 28, 150)]
[(14, 60, 135), (15, 54, 140)]
[(14, 63, 65), (15, 49, 78)]
[(14, 63, 90), (15, 54, 98)]
[(14, 66, 70), (22, 30, 98)]
[(14, 66, 85), (21, 34, 110)]
[(14, 66, 90), (18, 42, 110)]
[(14, 66, 102), (22, 34, 126)]
[(14, 66, 108), (18, 44, 126)]
[(14, 66, 115), (22, 35, 138)]
[(14, 67, 108), (27, 28, 134)]
[(14, 67, 110), (22, 35, 134)]
[(14, 67, 114), (19, 42, 134)]
[(14, 68, 75), (20, 35, 102)]
[(14, 68, 95), (20, 38, 119)]
[(14, 69, 114), (18, 46, 133), (21, 38, 138)]
[(14, 70, 99), (22, 35, 126)]
[(14, 71, 115), (23, 35, 142)]
[(14, 71, 117), (21, 39, 142)]
[(14, 71, 135), (15, 63, 142)]
[(14, 75, 77), (21, 35, 110)]
[(14, 75, 108), (27, 30, 140)]
[(14, 76, 93), (21, 38, 124)]
[(14, 76, 99), (19, 44, 126)]
[(14, 76, 110), (22, 38, 140)]
[(14, 76, 115), (19, 46, 140)]
[(14, 78, 90), (26, 30, 126)]
[(14, 81, 98), (18, 49, 126)]
[(14, 81, 102), (17, 54, 126)]
[(14, 84, 84), (28, 28, 126)]
[(14, 84, 90), (20, 42, 126)]
[(14, 84, 100), (28, 30, 140)]
[(14, 84, 115), (20, 46, 147)]
[(14, 87, 100), (15, 70, 116)]
[(14, 90, 90), (18, 50, 126)]
[(14, 90, 92), (28, 30, 138)]
[(14, 90, 95), (15, 70, 114)]
[(14, 90, 108), (18, 54, 140)]
[(14, 90, 110), (22, 42, 150)]
[(14, 90, 111), (15, 74, 126)]
[(14, 91, 135), (15, 78, 147)]
[(14, 92, 95), (23, 38, 140)]
[(14, 92, 100), (20, 46, 140)]
[(14, 95, 108), (15, 76, 126)]
[(14, 95, 117), (15, 78, 133)]
[(14, 98, 99), (22, 42, 147)]
[(14, 100, 105), (20, 49, 150)]
[(14, 100, 135), (15, 84, 150)]
[(15, 26, 36), (18, 20, 39)]
[(15, 27, 133), (19, 21, 135)]
[(15, 28, 60), (20, 20, 63)]
[(15, 28, 138), (18, 23, 140)]
[(15, 29, 84), (20, 21, 87)]
[(15, 30, 132), (20, 22, 135)]
[(15, 33, 50), (18, 25, 55)]
[(15, 33, 51), (17, 27, 55)]
[(15, 35, 57), (19, 25, 63)]
[(15, 35, 69), (21, 23, 75)]
[(15, 36, 46), (20, 23, 54)]
[(15, 36, 130), (20, 26, 135)]
[(15, 37, 105), (21, 25, 111)]
[(15, 38, 90), (18, 30, 95)]
[(15, 41, 115), (23, 25, 123)]
[(15, 42, 44), (18, 28, 55)]
[(15, 42, 52), (20, 26, 63)]
[(15, 42, 54), (18, 30, 63)]
[(15, 42, 62), (18, 31, 70)]
[(15, 44, 46), (22, 23, 60)]
[(15, 44, 124), (20, 31, 132)]
[(15, 45, 49), (21, 25, 63)]
[(15, 45, 115), (23, 27, 125)]
[(15, 45, 126), (21, 30, 135)]
[(15, 46, 65), (23, 25, 78)]
[(15, 46, 99), (23, 27, 110)]
[(15, 46, 140), (23, 28, 150)]
[(15, 49, 51), (17, 35, 63)]
[(15, 49, 92), (23, 28, 105)]
[(15, 49, 93), (21, 31, 105)]
[(15, 50, 117), (18, 39, 125)]
[(15, 51, 65), (17, 39, 75)]
[(15, 51, 69), (23, 27, 85)]
[(15, 51, 105), (25, 27, 119)]
[(15, 51, 129), (17, 43, 135)]
[(15, 52, 62), (20, 31, 78)]
[(15, 52, 90), (18, 39, 100)]
[(15, 52, 132), (20, 36, 143)]
[(15, 54, 92), (23, 30, 108)]
[(15, 54, 121), (22, 33, 135)]
[(15, 57, 75), (25, 27, 95)]
[(15, 57, 77), (21, 33, 95)]
[(15, 57, 82), (18, 41, 95)]
[(15, 57, 85), (17, 45, 95)]
[(15, 57, 91), (19, 39, 105)]
[(15, 57, 123), (19, 41, 135)]
[(15, 58, 65), (25, 26, 87)]
[(15, 58, 68), (20, 34, 87)]
[(15, 58, 69), (23, 29, 90)]
[(15, 60, 76), (20, 36, 95)]
[(15, 62, 66), (22, 31, 90)]
[(15, 62, 69), (23, 30, 93)]
[(15, 62, 105), (25, 31, 126)]
[(15, 62, 130), (26, 31, 150)]
[(15, 63, 115), (23, 35, 135)]
[(15, 63, 117), (21, 39, 135)]
[(15, 65, 84), (20, 39, 105)]
[(15, 65, 93), (25, 31, 117)]
[(15, 65, 121), (25, 33, 143)]
[(15, 66, 76), (18, 44, 95)]
[(15, 66, 94), (18, 47, 110)]
[(15, 66, 130), (18, 50, 143)]
[(15, 68, 78), (20, 39, 102)]
[(15, 68, 98), (20, 42, 119)]
[(15, 68, 121), (17, 55, 132)]
[(15, 69, 91), (21, 39, 115), (23, 35, 117)]
[(15, 69, 100), (23, 36, 125)]
[(15, 69, 111), (23, 37, 135)]
[(15, 70, 108), (28, 30, 135)]
[(15, 70, 124), (28, 31, 150)]
[(15, 74, 78), (26, 30, 111)]
[(15, 74, 84), (20, 42, 111)]
[(15, 74, 90), (18, 50, 111)]
[(15, 74, 132), (18, 55, 148)]
[(15, 75, 93), (27, 31, 125)]
[(15, 75, 105), (25, 35, 135)]
[(15, 75, 114), (19, 50, 135)]
[(15, 77, 78), (21, 39, 110)]
[(15, 77, 108), (21, 44, 135)]
[(15, 77, 114), (18, 55, 133)]
[(15, 77, 117), (21, 45, 143)]
[(15, 78, 110), (30, 30, 143)]
[(15, 81, 99), (27, 33, 135)]
[(15, 81, 100), (25, 36, 135)]
[(15, 81, 114), (18, 57, 135)]
[(15, 81, 119), (17, 63, 135)]
[(15, 82, 99), (18, 55, 123)]
[(15, 84, 85), (20, 45, 119)]
[(15, 84, 94), (20, 47, 126)]
[(15, 84, 105), (20, 49, 135)]
[(15, 85, 105), (17, 63, 125)]
[(15, 86, 99), (22, 43, 135)]
[(15, 86, 115), (23, 43, 150)]
[(15, 87, 93), (29, 31, 135)]
[(15, 90, 91), (26, 35, 135)]
[(15, 90, 100), (20, 50, 135)]
[(15, 90, 108), (18, 60, 135)]
[(15, 90, 126), (18, 63, 150)]
[(15, 91, 99), (27, 35, 143)]
[(15, 91, 105), (25, 39, 147)]
[(15, 92, 98), (23, 42, 140)]
[(15, 92, 110), (23, 44, 150)]
[(15, 93, 94), (30, 31, 141)]
[(15, 94, 110), (22, 47, 150)]
[(15, 95, 99), (19, 55, 135)]
[(15, 98, 108), (18, 63, 140)]
[(15, 100, 110), (20, 55, 150)]
[(15, 102, 105), (17, 70, 135)]
[(17, 27, 50), (18, 25, 51)]
[(17, 30, 100), (20, 25, 102)]
[(17, 35, 45), (21, 25, 51)]
[(17, 36, 66), (18, 33, 68)]
[(17, 38, 99), (19, 33, 102)]
[(17, 42, 42), (18, 34, 49)]
[(17, 42, 100), (20, 34, 105)]
[(17, 44, 60), (20, 33, 68)]
[(17, 45, 75), (25, 27, 85)]
[(17, 45, 77), (21, 33, 85)]
[(17, 45, 82), (18, 41, 85)]
[(17, 45, 98), (21, 34, 105)]
[(17, 50, 52), (20, 34, 65), (25, 26, 68)]
[(17, 54, 66), (22, 34, 81)]
[(17, 54, 98), (18, 49, 102)]
[(17, 55, 69), (23, 33, 85)]
[(17, 55, 105), (25, 33, 119)]
[(17, 55, 130), (25, 34, 143)]
[(17, 58, 100), (25, 34, 116)]
[(17, 58, 130), (26, 34, 145)]
[(17, 60, 90), (25, 34, 108)]
[(17, 63, 99), (27, 33, 119)]
[(17, 63, 100), (25, 36, 119)]
[(17, 63, 114), (18, 57, 119)]
[(17, 66, 75), (25, 34, 99)]
[(17, 66, 78), (26, 33, 102)]
[(17, 66, 99), (27, 34, 121)]
[(17, 70, 75), (25, 35, 102)]
[(17, 70, 84), (20, 49, 102)]
[(17, 70, 95), (25, 38, 119)]
[(17, 75, 84), (20, 51, 105)]
[(17, 77, 87), (29, 33, 119)]
[(17, 77, 99), (21, 51, 121)]
[(17, 78, 90), (18, 65, 102)]
[(17, 84, 90), (18, 68, 105)]
[(17, 84, 95), (20, 57, 119)]
[(17, 86, 90), (30, 34, 129)]
[(17, 86, 99), (22, 51, 129)]
[(17, 87, 115), (23, 51, 145)]
[(17, 90, 110), (33, 34, 150)]
[(17, 91, 95), (19, 65, 119)]
[(17, 98, 99), (33, 34, 147)]
[(17, 100, 116), (20, 68, 145)]
[(18, 30, 52), (20, 26, 54)]
[(18, 33, 78), (22, 26, 81)]
[(18, 35, 36), (20, 27, 42)]
[(18, 35, 38), (19, 30, 42)]
[(18, 35, 45), (21, 27, 50)]
[(18, 37, 70), (21, 30, 74)]
[(18, 38, 51), (19, 34, 54)]
[(18, 38, 110), (22, 30, 114)]
[(18, 39, 46), (23, 26, 54)]
[(18, 39, 130), (26, 26, 135)]
[(18, 41, 75), (25, 27, 82)]
[(18, 41, 77), (21, 33, 82)]
[(18, 42, 85), (21, 34, 90)]
[(18, 42, 91), (26, 27, 98)]
[(18, 43, 78), (26, 27, 86)]
[(18, 44, 60), (20, 36, 66)]
[(18, 44, 91), (26, 28, 99)]
[(18, 44, 102), (22, 34, 108)]
[(18, 45, 84), (21, 36, 90)]
[(18, 46, 55), (23, 30, 66)]
[(18, 46, 119), (23, 34, 126)]
[(18, 46, 130), (26, 30, 138)]
[(18, 46, 132), (22, 36, 138)]
[(18, 49, 100), (20, 42, 105)]
[(18, 50, 78), (26, 30, 90)]
[(18, 50, 84), (20, 42, 90)]
[(18, 51, 52), (26, 27, 68)]
[(18, 52, 55), (20, 39, 66)]
[(18, 52, 70), (20, 42, 78), (26, 30, 84)]
[(18, 52, 121), (26, 33, 132)]
[(18, 52, 125), (20, 45, 130)]
[(18, 53, 98), (21, 42, 106)]
[(18, 53, 100), (20, 45, 106)]
[(18, 54, 65), (26, 30, 81)]
[(18, 54, 75), (27, 30, 90)]
[(18, 55, 78), (22, 39, 90)]
[(18, 55, 126), (22, 42, 135)]
[(18, 57, 75), (19, 50, 81)]
[(18, 57, 99), (27, 33, 114)]
[(18, 57, 100), (25, 36, 114)]
[(18, 59, 102), (27, 34, 118)]
[(18, 60, 70), (28, 30, 90)]
[(18, 60, 77), (21, 44, 90)]
[(18, 60, 91), (26, 35, 108)]
[(18, 60, 100), (20, 50, 108)]
[(18, 60, 119), (28, 34, 135)]
[(18, 61, 110), (22, 45, 122)]
[(18, 62, 77), (22, 42, 93)]
[(18, 62, 95), (30, 31, 114)]
[(18, 63, 92), (23, 42, 108)]
[(18, 63, 125), (21, 50, 135)]
[(18, 65, 66), (26, 33, 90)]
[(18, 65, 84), (26, 36, 105)]
[(18, 65, 95), (25, 39, 114)]
[(18, 65, 110), (30, 33, 130)]
[(18, 66, 70), (22, 42, 90)]
[(18, 68, 75), (20, 51, 90), (27, 34, 100)]
[(18, 68, 78), (26, 36, 102)]
[(18, 68, 84), (28, 34, 108)]
[(18, 68, 110), (30, 34, 132)]
[(18, 69, 70), (21, 46, 90)]
[(18, 69, 95), (23, 45, 114)]
[(18, 69, 116), (29, 36, 138)]
[(18, 69, 126), (21, 54, 138)]
[(18, 70, 70), (30, 30, 98)]
[(18, 70, 77), (22, 45, 98)]
[(18, 70, 84), (20, 54, 98)]
[(18, 70, 85), (21, 50, 102)]
[(18, 70, 102), (30, 34, 126)]
[(18, 70, 105), (25, 42, 126)]
[(18, 70, 110), (22, 50, 126)]
[(18, 70, 115), (30, 35, 138)]
[(18, 70, 116), (20, 58, 126)]
[(18, 70, 117), (21, 54, 130)]
[(18, 70, 130), (26, 42, 150)]
[(18, 73, 121), (33, 33, 146)]
[(18, 73, 123), (27, 41, 146)]
[(18, 73, 125), (25, 45, 146)]
[(18, 73, 133), (21, 57, 146)]
[(18, 75, 76), (19, 60, 90)]
[(18, 75, 77), (21, 50, 99)]
[(18, 75, 126), (27, 42, 150)]
[(18, 76, 78), (26, 38, 108)]
[(18, 76, 84), (28, 36, 114)]
[(18, 76, 99), (19, 66, 108)]
[(18, 76, 100), (20, 60, 114)]
[(18, 77, 95), (21, 55, 114)]
[(18, 77, 116), (21, 58, 132)]
[(18, 78, 85), (30, 34, 117)]
[(18, 78, 98), (26, 42, 126)]
[(18, 78, 100), (30, 36, 130)]
[(18, 78, 110), (22, 54, 130)]
[(18, 78, 125), (26, 45, 150)]
[(18, 82, 91), (26, 42, 123)]
[(18, 84, 95), (20, 63, 114)]
[(18, 84, 99), (27, 42, 132)]
[(18, 84, 110), (20, 66, 126)]
[(18, 86, 91), (26, 43, 126)]
[(18, 87, 110), (22, 58, 135)]
[(18, 90, 91), (27, 42, 130)]
[(18, 92, 98), (28, 42, 138)]
[(18, 92, 99), (27, 44, 138)]
[(18, 92, 110), (22, 60, 138)]
[(18, 95, 123), (19, 82, 135)]
[(18, 100, 102), (34, 36, 150)]
[(18, 100, 111), (20, 74, 135)]
[(18, 100, 115), (20, 75, 138)]
[(18, 110, 110), (22, 66, 150)]
[(18, 114, 115), (19, 90, 138)]
[(19, 30, 36), (20, 27, 38)]
[(19, 33, 54), (22, 27, 57)]
[(19, 39, 90), (26, 27, 95)]
[(19, 42, 108), (27, 28, 114)]
[(19, 42, 110), (22, 35, 114)]
[(19, 44, 70), (22, 35, 76)]
[(19, 45, 49), (21, 35, 57)]
[(19, 45, 70), (21, 38, 75)]
[(19, 45, 87), (27, 29, 95)]
[(19, 45, 126), (27, 30, 133)]
[(19, 46, 110), (22, 38, 115)]
[(19, 49, 125), (25, 35, 133)]
[(19, 50, 105), (25, 35, 114)]
[(19, 54, 60), (27, 30, 76)]
[(19, 55, 81), (27, 33, 95)]
[(19, 55, 86), (22, 43, 95)]
[(19, 60, 68), (20, 51, 76)]
[(19, 60, 98), (28, 35, 114)]
[(19, 60, 126), (27, 38, 140)]
[(19, 62, 108), (27, 38, 124)]
[(19, 63, 75), (27, 35, 95)]
[(19, 63, 85), (21, 51, 95)]
[(19, 63, 102), (27, 38, 119)]
[(19, 63, 117), (27, 39, 133)]
[(19, 65, 70), (25, 38, 91)]
[(19, 65, 84), (20, 57, 91)]
[(19, 66, 78), (26, 38, 99)]
[(19, 66, 102), (22, 51, 114)]
[(19, 69, 105), (21, 57, 115)]
[(19, 69, 119), (23, 51, 133)]
[(19, 70, 81), (27, 38, 105)]
[(19, 70, 90), (30, 35, 114)]
[(19, 70, 92), (28, 38, 115)]
[(19, 70, 126), (30, 38, 147)]
[(19, 77, 81), (21, 57, 99)]
[(19, 77, 105), (33, 35, 133)]
[(19, 77, 108), (27, 44, 133)]
[(19, 77, 118), (22, 59, 133)]
[(19, 81, 82), (27, 41, 114)]
[(19, 84, 125), (20, 75, 133)]
[(19, 84, 140), (20, 76, 147)]
[(19, 85, 98), (34, 35, 133)]
[(19, 85, 105), (25, 51, 133)]
[(19, 90, 100), (20, 75, 114)]
[(19, 92, 100), (20, 76, 115)]
[(19, 98, 102), (34, 38, 147)]
[(19, 105, 105), (25, 57, 147)]
[(20, 30, 33), (22, 25, 36)]
[(20, 30, 99), (22, 27, 100)]
[(20, 33, 130), (25, 26, 132)]
[(20, 35, 81), (25, 27, 84)]
[(20, 36, 105), (25, 28, 108)]
[(20, 37, 145), (25, 29, 148)]
[(20, 37, 147), (21, 35, 148)]
[(20, 39, 46), (23, 30, 52)]
[(20, 42, 45), (21, 36, 50)]
[(20, 42, 52), (26, 28, 60)]
[(20, 42, 84), (28, 28, 90)]
[(20, 44, 54), (22, 36, 60)]
[(20, 44, 126), (28, 30, 132)]
[(20, 45, 98), (21, 42, 100)]
[(20, 46, 63), (23, 36, 70)]
[(20, 46, 84), (28, 30, 92)]
[(20, 46, 95), (23, 38, 100)]
[(20, 49, 52), (28, 28, 65)]
[(20, 49, 75), (25, 35, 84)]
[(20, 49, 90), (25, 36, 98)]
[(20, 49, 132), (28, 33, 140)]
[(20, 50, 81), (25, 36, 90)]
[(20, 50, 91), (26, 35, 100)]
[(20, 50, 117), (26, 36, 125)]
[(20, 51, 54), (27, 30, 68)]
[(20, 52, 90), (26, 36, 100)]
[(20, 54, 65), (25, 36, 78)]
[(20, 54, 70), (30, 30, 84)]
[(20, 54, 77), (22, 45, 84)]
[(20, 54, 99), (27, 36, 110)]
[(20, 54, 121), (30, 33, 132)]
[(20, 54, 140), (28, 36, 150)]
[(20, 55, 92), (23, 44, 100)]
[(20, 55, 94), (22, 47, 100)]
[(20, 57, 60), (25, 36, 76)]
[(20, 57, 70), (25, 38, 84)]
[(20, 58, 85), (29, 34, 100)]
[(20, 58, 102), (30, 34, 116)]
[(20, 58, 105), (25, 42, 116)]
[(20, 58, 110), (22, 50, 116)]
[(20, 58, 117), (29, 36, 130)]
[(20, 60, 84), (28, 36, 100)]
[(20, 60, 121), (25, 44, 132)]
[(20, 60, 126), (30, 36, 140)]
[(20, 62, 63), (30, 31, 84)]
[(20, 62, 108), (30, 36, 124)]
[(20, 62, 135), (31, 36, 150)]
[(20, 63, 65), (25, 39, 84)]
[(20, 63, 69), (23, 45, 84)]
[(20, 63, 76), (28, 36, 95)]
[(20, 63, 77), (21, 55, 84)]
[(20, 63, 102), (30, 36, 119)]
[(20, 63, 124), (31, 36, 140)]
[(20, 65, 82), (26, 41, 100)]
[(20, 66, 70), (22, 50, 84)]
[(20, 66, 78), (22, 52, 90)]
[(20, 66, 117), (26, 45, 132)]
[(20, 69, 84), (21, 60, 92)]
[(20, 70, 75), (30, 35, 100)]
[(20, 70, 76), (28, 38, 100)]
[(20, 70, 81), (30, 36, 105)]
[(20, 70, 93), (21, 62, 100)]
[(20, 70, 132), (22, 60, 140), (28, 44, 150)]
[(20, 73, 130), (25, 52, 146)]
[(20, 74, 126), (30, 42, 148)]
[(20, 74, 130), (26, 50, 148)]
[(20, 75, 126), (35, 36, 150)]
[(20, 77, 90), (21, 66, 100)]
[(20, 77, 100), (28, 44, 125)]
[(20, 77, 102), (21, 68, 110)]
[(20, 77, 108), (28, 45, 132)]
[(20, 77, 116), (29, 44, 140)]
[(20, 77, 126), (21, 70, 132)]
[(20, 78, 87), (30, 39, 116)]
[(20, 78, 105), (25, 52, 126)]
[(20, 78, 121), (22, 65, 132)]
[(20, 78, 130), (26, 52, 150)]
[(20, 81, 110), (25, 54, 132)]
[(20, 81, 116), (36, 36, 145)]
[(20, 84, 85), (21, 68, 100)]
[(20, 84, 93), (28, 45, 124)]
[(20, 84, 99), (35, 36, 132)]
[(20, 84, 108), (36, 36, 140)]
[(20, 84, 110), (30, 44, 140)]
[(20, 84, 133), (21, 76, 140)]
[(20, 85, 90), (34, 36, 125)]
[(20, 85, 110), (22, 68, 125)]
[(20, 86, 99), (30, 43, 132)]
[(20, 87, 92), (23, 60, 116)]
[(20, 90, 91), (35, 36, 130)]
[(20, 90, 99), (27, 50, 132)]
[(20, 91, 108), (27, 52, 140)]
[(20, 91, 111), (35, 39, 148)]
[(20, 92, 119), (23, 68, 140)]
[(20, 93, 111), (31, 45, 148)]
[(20, 94, 111), (30, 47, 148)]
[(20, 98, 100), (28, 50, 140)]
[(20, 98, 117), (21, 84, 130)]
[(20, 99, 110), (22, 75, 132)]
[(20, 99, 111), (27, 55, 148)]
[(20, 100, 105), (25, 60, 140)]
[(20, 105, 111), (25, 63, 148)]
[(20, 110, 126), (22, 84, 150)]
[(20, 111, 115), (23, 75, 148)]
[(20, 111, 133), (21, 95, 148)]
[(20, 125, 126), (21, 100, 150)]
[(21, 30, 44), (22, 28, 45)]
[(21, 31, 92), (23, 28, 93)]
[(21, 33, 75), (25, 27, 77)]
[(21, 35, 145), (25, 29, 147)]
[(21, 38, 130), (26, 30, 133)]
[(21, 38, 132), (22, 36, 133)]
[(21, 39, 58), (26, 29, 63)]
[(21, 44, 58), (28, 29, 66)]
[(21, 44, 70), (28, 30, 77)]
[(21, 46, 60), (28, 30, 69)]
[(21, 46, 66), (22, 42, 69)]
[(21, 47, 138), (23, 42, 141)]
[(21, 51, 66), (27, 34, 77)]
[(21, 51, 75), (27, 35, 85)]
[(21, 51, 111), (27, 37, 119)]
[(21, 52, 66), (26, 36, 77)]
[(21, 52, 74), (26, 37, 84)]
[(21, 52, 108), (28, 36, 117)]
[(21, 54, 55), (22, 45, 63)]
[(21, 54, 116), (29, 36, 126)]
[(21, 55, 62), (30, 31, 77)]
[(21, 55, 65), (25, 39, 77)]
[(21, 55, 69), (23, 45, 77)]
[(21, 57, 121), (33, 33, 133)]
[(21, 57, 123), (27, 41, 133)]
[(21, 57, 125), (25, 45, 133)]
[(21, 58, 68), (29, 34, 84)]
[(21, 58, 75), (29, 35, 90)]
[(21, 58, 84), (29, 36, 98)]
[(21, 60, 68), (28, 36, 85)]
[(21, 60, 74), (28, 37, 90)]
[(21, 60, 130), (26, 45, 140)]
[(21, 62, 75), (30, 35, 93)]
[(21, 62, 76), (28, 38, 93)]
[(21, 62, 111), (31, 37, 126)]
[(21, 65, 75), (25, 45, 91)]
[(21, 65, 87), (29, 39, 105)]
[(21, 65, 90), (26, 45, 105)]
[(21, 65, 99), (33, 35, 117)]
[(21, 65, 105), (25, 49, 117)]
[(21, 66, 116), (29, 42, 132)]
[(21, 68, 114), (34, 36, 133)]
[(21, 70, 74), (30, 37, 98)]
[(21, 70, 108), (28, 45, 126)]
[(21, 70, 114), (30, 42, 133)]
[(21, 74, 87), (29, 42, 111)]
[(21, 74, 102), (34, 37, 126)]
[(21, 74, 115), (35, 37, 138)]
[(21, 75, 81), (27, 45, 105)]
[(21, 75, 91), (35, 35, 117)]
[(21, 75, 92), (28, 45, 115)]
[(21, 75, 100), (35, 36, 125)]
[(21, 75, 105), (27, 49, 125)]
[(21, 75, 111), (35, 37, 135)]
[(21, 75, 114), (27, 50, 133)]
[(21, 75, 126), (30, 45, 147)]
[(21, 76, 90), (28, 45, 114)]
[(21, 76, 108), (36, 36, 133)]
[(21, 76, 110), (30, 44, 133)]
[(21, 78, 90), (30, 42, 117)]
[(21, 78, 92), (28, 46, 117)]
[(21, 78, 106), (26, 53, 126)]
[(21, 78, 110), (22, 70, 117)]
[(21, 78, 114), (26, 54, 133)]
[(21, 81, 91), (27, 49, 117)]
[(21, 85, 87), (29, 45, 119)]
[(21, 86, 121), (22, 77, 129)]
[(21, 87, 94), (29, 47, 126)]
[(21, 87, 105), (29, 49, 135)]
[(21, 91, 95), (35, 39, 133)]
[(21, 91, 111), (37, 39, 147)]
[(21, 91, 116), (29, 52, 147)]
[(21, 91, 122), (26, 61, 147)]
[(21, 92, 106), (28, 53, 138)]
[(21, 93, 95), (31, 45, 133)]
[(21, 94, 95), (30, 47, 133)]
[(21, 94, 105), (30, 49, 141)]
[(21, 94, 108), (28, 54, 141)]
[(21, 94, 132), (22, 84, 141)]
[(21, 95, 99), (27, 55, 133)]
[(21, 95, 105), (25, 63, 133)]
[(21, 95, 115), (23, 75, 133)]
[(21, 99, 105), (33, 45, 147)]
[(21, 100, 110), (22, 84, 125)]
[(21, 102, 110), (22, 85, 126)]
[(21, 105, 115), (25, 69, 147)]
[(21, 110, 114), (22, 90, 133)]
[(21, 110, 124), (22, 93, 140)]
[(21, 115, 119), (23, 85, 147)]
[(22, 35, 108), (27, 28, 110)]
[(22, 36, 130), (26, 30, 132)]
[(22, 39, 50), (26, 30, 55)]
[(22, 39, 140), (28, 30, 143)]
[(22, 42, 60), (28, 30, 66)]
[(22, 42, 65), (26, 33, 70)]
[(22, 43, 81), (27, 33, 86)]
[(22, 44, 105), (28, 33, 110)]
[(22, 45, 58), (29, 30, 66)]
[(22, 45, 70), (30, 30, 77)]
[(22, 45, 145), (29, 33, 150)]
[(22, 47, 92), (23, 44, 94)]
[(22, 49, 60), (28, 33, 70)]
[(22, 49, 90), (30, 33, 98)]
[(22, 50, 54), (30, 30, 66)]
[(22, 50, 57), (25, 38, 66)]
[(22, 50, 81), (30, 33, 90)]
[(22, 50, 102), (30, 34, 110)]
[(22, 50, 105), (25, 42, 110)]
[(22, 51, 90), (30, 34, 99)]
[(22, 52, 135), (30, 36, 143)]
[(22, 54, 65), (30, 33, 78)]
[(22, 54, 100), (30, 36, 110)]
[(22, 57, 60), (30, 33, 76)]
[(22, 57, 110), (30, 38, 121)]
[(22, 59, 105), (33, 35, 118)]
[(22, 59, 108), (27, 44, 118)]
[(22, 60, 65), (25, 44, 78)]
[(22, 60, 98), (28, 42, 110)]
[(22, 60, 99), (27, 44, 110)]
[(22, 62, 95), (31, 38, 110)]
[(22, 63, 69), (23, 54, 77)]
[(22, 63, 130), (30, 42, 143)]
[(22, 65, 98), (26, 49, 110)]
[(22, 65, 100), (25, 52, 110)]
[(22, 65, 114), (33, 38, 130)]
[(22, 65, 135), (25, 54, 143), (33, 39, 150)]
[(22, 66, 105), (30, 42, 121)]
[(22, 68, 81), (33, 36, 102)]
[(22, 68, 84), (28, 44, 102)]
[(22, 68, 90), (34, 36, 110)]
[(22, 68, 114), (34, 38, 132)]
[(22, 69, 116), (29, 46, 132)]
[(22, 70, 90), (30, 42, 110)]
[(22, 70, 92), (28, 46, 110)]
[(22, 70, 108), (30, 44, 126)]
[(22, 71, 124), (31, 44, 142)]
[(22, 71, 130), (26, 55, 142)]
[(22, 71, 138), (23, 66, 142)]
[(22, 74, 85), (34, 37, 110)]
[(22, 75, 81), (25, 54, 99)]
[(22, 75, 84), (35, 36, 110)]
[(22, 75, 86), (30, 43, 110)]
[(22, 75, 90), (27, 50, 110)]
[(22, 75, 92), (30, 44, 115)]
[(22, 75, 129), (33, 43, 150)]
[(22, 75, 135), (27, 55, 150)]
[(22, 76, 81), (33, 38, 108)]
[(22, 76, 90), (30, 44, 114)]
[(22, 76, 108), (36, 38, 132)]
[(22, 78, 90), (26, 54, 110)]
[(22, 81, 98), (33, 42, 126)]
[(22, 81, 99), (27, 54, 121)]
[(22, 81, 125), (33, 45, 150)]
[(22, 84, 105), (30, 49, 132)]
[(22, 84, 108), (28, 54, 132)]
[(22, 87, 117), (29, 54, 143)]
[(22, 87, 125), (29, 55, 150)]
[(22, 90, 100), (30, 50, 132)]
[(22, 90, 105), (25, 66, 126)]
[(22, 90, 130), (26, 66, 150)]
[(22, 92, 95), (23, 76, 110)]
[(22, 92, 105), (33, 46, 140)]
[(22, 100, 105), (25, 70, 132)]
[(22, 100, 108), (36, 44, 150)]
[(22, 100, 111), (30, 55, 148)]
[(22, 105, 105), (33, 49, 150)]
[(22, 105, 125), (25, 77, 150)]
[(22, 115, 135), (23, 99, 150)]
[(23, 45, 62), (30, 31, 69)]
[(23, 45, 65), (25, 39, 69)]
[(23, 52, 84), (28, 39, 92)]
[(23, 54, 130), (26, 46, 135), (30, 39, 138)]
[(23, 58, 78), (26, 46, 87)]
[(23, 60, 78), (30, 39, 92)]
[(23, 60, 126), (28, 46, 135)]
[(23, 62, 76), (31, 38, 92)]
[(23, 65, 99), (33, 39, 115)]
[(23, 66, 124), (31, 44, 138)]
[(23, 66, 130), (26, 55, 138)]
[(23, 70, 76), (28, 46, 95)]
[(23, 70, 102), (30, 46, 119)]
[(23, 70, 124), (31, 46, 140)]
[(23, 74, 117), (37, 39, 138)]
[(23, 75, 91), (35, 39, 115)]
[(23, 75, 93), (31, 45, 115)]
[(23, 75, 94), (30, 47, 115)]
[(23, 75, 99), (27, 55, 115)]
[(23, 75, 105), (25, 63, 115)]
[(23, 78, 93), (31, 46, 117)]
[(23, 78, 114), (38, 39, 138)]
[(23, 78, 121), (33, 46, 143)]
[(23, 81, 110), (33, 46, 135)]
[(23, 81, 125), (25, 69, 135)]
[(23, 85, 105), (25, 69, 119)]
[(23, 90, 91), (26, 63, 115)]
[(23, 90, 102), (34, 46, 135)]
[(23, 90, 110), (30, 55, 138)]
[(23, 90, 117), (26, 69, 135)]
[(23, 91, 110), (35, 46, 143)]
[(23, 93, 106), (31, 53, 138)]
[(23, 98, 108), (28, 63, 138)]
[(23, 99, 117), (27, 69, 143)]
[(25, 36, 99), (27, 33, 100)]
[(25, 38, 54), (30, 30, 57)]
[(25, 39, 62), (30, 31, 65)]
[(25, 42, 44), (28, 33, 50)]
[(25, 42, 102), (30, 34, 105)]
[(25, 43, 126), (30, 35, 129)]
[(25, 44, 54), (30, 33, 60)]
[(25, 45, 121), (33, 33, 125)]
[(25, 45, 123), (27, 41, 125)]
[(25, 49, 99), (33, 35, 105)]
[(25, 51, 66), (33, 34, 75)]
[(25, 51, 77), (33, 35, 85)]
[(25, 51, 98), (34, 35, 105)]
[(25, 52, 54), (30, 36, 65)]
[(25, 52, 98), (26, 49, 100)]
[(25, 54, 82), (30, 41, 90)]
[(25, 54, 98), (30, 42, 105)]
[(25, 54, 147), (27, 49, 150)]
[(25, 55, 117), (33, 39, 125)]
[(25, 58, 140), (28, 50, 145)]
[(25, 58, 143), (26, 55, 145)]
[(25, 60, 98), (28, 50, 105)]
[(25, 63, 91), (35, 39, 105)]
[(25, 63, 93), (31, 45, 105)]
[(25, 63, 94), (30, 47, 105)]
[(25, 63, 99), (27, 55, 105)]
[(25, 63, 123), (35, 41, 135)]
[(25, 63, 126), (30, 49, 135)]
[(25, 66, 84), (33, 42, 100)]
[(25, 66, 110), (30, 50, 121)]
[(25, 66, 117), (33, 45, 130)]
[(25, 68, 82), (34, 41, 100)]
[(25, 69, 99), (33, 45, 115)]
[(25, 69, 110), (33, 46, 125)]
[(25, 70, 84), (30, 49, 100)]
[(25, 70, 90), (30, 50, 105)]
[(25, 74, 132), (33, 50, 148)]
[(25, 75, 117), (27, 65, 125)]
[(25, 76, 84), (28, 57, 100)]
[(25, 76, 126), (30, 57, 140)]
[(25, 77, 81), (33, 45, 105)]
[(25, 77, 87), (29, 55, 105)]
[(25, 77, 99), (35, 45, 121)]
[(25, 77, 105), (33, 49, 125)]
[(25, 77, 114), (33, 50, 133)]
[(25, 78, 84), (30, 52, 105)]
[(25, 78, 98), (26, 70, 105)]
[(25, 78, 99), (27, 65, 110)]
[(25, 78, 114), (30, 57, 130)]
[(25, 78, 132), (33, 52, 150)]
[(25, 78, 140), (28, 65, 150)]
[(25, 78, 146), (26, 73, 150)]
[(25, 81, 91), (27, 65, 105)]
[(25, 82, 99), (33, 50, 123)]
[(25, 82, 126), (41, 42, 150)]
[(25, 84, 84), (28, 60, 105)]
[(25, 84, 126), (36, 49, 150)]
[(25, 85, 98), (34, 49, 125)]
[(25, 85, 99), (33, 51, 125)]
[(25, 86, 108), (30, 60, 129)]
[(25, 86, 123), (41, 43, 150)]
[(25, 87, 117), (29, 65, 135), (39, 45, 145)]
[(25, 87, 121), (33, 55, 145)]
[(25, 87, 124), (31, 60, 145)]
[(25, 87, 126), (30, 63, 145)]
[(25, 90, 91), (26, 75, 105)]
[(25, 90, 116), (36, 50, 145)]
[(25, 90, 117), (26, 81, 125)]
[(25, 91, 92), (28, 65, 115)]
[(25, 91, 98), (35, 49, 130)]
[(25, 91, 116), (35, 52, 145)]
[(25, 91, 126), (30, 65, 147)]
[(25, 93, 95), (31, 57, 125)]
[(25, 94, 117), (30, 65, 141)]
[(25, 99, 99), (27, 75, 121)]
[(25, 99, 118), (33, 59, 150)]
[(25, 102, 114), (34, 57, 150)]
[(25, 102, 116), (30, 68, 145)]
[(25, 108, 110), (33, 60, 150)]
[(25, 108, 126), (28, 81, 150)]
[(25, 116, 130), (26, 100, 145)]
[(25, 126, 130), (26, 105, 150)]
[(26, 36, 51), (27, 34, 52)]
[(26, 44, 63), (28, 39, 66)]
[(26, 45, 87), (29, 39, 90)]
[(26, 49, 60), (28, 42, 65)]
[(26, 50, 126), (30, 42, 130)]
[(26, 51, 70), (34, 35, 78)]
[(26, 51, 84), (34, 36, 91)]
[(26, 54, 55), (30, 39, 66)]
[(26, 54, 68), (34, 36, 78)]
[(26, 54, 70), (30, 42, 78)]
[(26, 54, 75), (27, 50, 78)]
[(26, 54, 119), (34, 39, 126)]
[(26, 54, 125), (30, 45, 130)]
[(26, 55, 81), (33, 39, 90)]
[(26, 55, 102), (34, 39, 110)]
[(26, 55, 124), (31, 44, 130)]
[(26, 55, 140), (28, 50, 143)]
[(26, 58, 125), (29, 50, 130)]
[(26, 60, 70), (28, 50, 78)]
[(26, 60, 84), (28, 52, 90)]
[(26, 60, 121), (33, 44, 130)]
[(26, 60, 126), (28, 54, 130)]
[(26, 61, 111), (37, 39, 122)]
[(26, 61, 116), (29, 52, 122)]
[(26, 62, 63), (31, 42, 78)]
[(26, 63, 68), (34, 39, 84)]
[(26, 63, 75), (35, 39, 90)]
[(26, 63, 84), (36, 39, 98)]
[(26, 63, 132), (36, 42, 143)]
[(26, 69, 102), (34, 46, 117)]
[(26, 70, 75), (30, 50, 91)]
[(26, 70, 84), (30, 52, 98)]
[(26, 70, 114), (38, 42, 130)]
[(26, 70, 115), (35, 46, 130)]
[(26, 70, 124), (28, 62, 130)]
[(26, 70, 135), (39, 42, 150)]
[(26, 71, 126), (39, 42, 142)]
[(26, 73, 132), (33, 52, 146)]
[(26, 73, 140), (28, 65, 146)]
[(26, 75, 81), (27, 65, 90)]
[(26, 75, 118), (30, 59, 130)]
[(26, 75, 126), (27, 70, 130)]
[(26, 76, 105), (28, 65, 114)]
[(26, 76, 110), (38, 44, 130)]
[(26, 77, 108), (28, 66, 117)]
[(26, 81, 110), (33, 54, 130)]
[(26, 82, 105), (41, 42, 130)]
[(26, 84, 87), (39, 42, 116)]
[(26, 84, 102), (34, 52, 126)]
[(26, 84, 105), (36, 49, 130)]
[(26, 84, 115), (35, 52, 138)]
[(26, 85, 90), (34, 50, 117)]
[(26, 85, 100), (34, 52, 125)]
[(26, 85, 106), (34, 53, 130)]
[(26, 85, 116), (29, 68, 130)]
[(26, 87, 93), (31, 58, 117)]
[(26, 87, 121), (33, 58, 143)]
[(26, 90, 98), (42, 42, 130)]
[(26, 90, 100), (36, 50, 130)]
[(26, 90, 102), (34, 54, 130)]
[(26, 90, 110), (30, 66, 130)]
[(26, 90, 123), (27, 82, 130)]
[(26, 91, 100), (35, 52, 130)]
[(26, 92, 108), (36, 52, 138)]
[(26, 92, 126), (28, 78, 138)]
[(26, 94, 95), (38, 47, 130)]
[(26, 95, 110), (38, 50, 143)]
[(26, 99, 135), (27, 90, 143)]
[(26, 100, 102), (30, 68, 130)]
[(26, 100, 111), (39, 50, 148)]
[(26, 105, 108), (28, 81, 130)]
[(26, 108, 115), (27, 92, 130)]
[(26, 110, 111), (30, 74, 143)]
[(27, 41, 121), (33, 33, 123)]
[(27, 44, 98), (28, 42, 99)]
[(27, 44, 105), (33, 35, 108)]
[(27, 49, 55), (33, 35, 63)]
[(27, 49, 75), (35, 35, 81)]
[(27, 49, 100), (35, 36, 105)]
[(27, 49, 143), (33, 39, 147)]
[(27, 50, 68), (34, 36, 75)]
[(27, 50, 70), (30, 42, 75)]
[(27, 50, 84), (35, 36, 90)]
[(27, 50, 86), (30, 43, 90)]
[(27, 52, 70), (35, 36, 78)]
[(27, 52, 84), (36, 36, 91)]
[(27, 55, 65), (33, 39, 75)]
[(27, 55, 91), (35, 39, 99)]
[(27, 55, 93), (31, 45, 99)]
[(27, 55, 94), (30, 47, 99)]
[(27, 55, 129), (33, 43, 135)]
[(27, 57, 70), (35, 38, 81)]
[(27, 58, 85), (29, 51, 90)]
[(27, 60, 60), (36, 36, 75)]
[(27, 60, 70), (28, 54, 75)]
[(27, 60, 98), (35, 42, 108)]
[(27, 60, 102), (30, 51, 108)]
[(27, 62, 85), (30, 51, 93)]
[(27, 62, 119), (31, 51, 126)]
[(27, 63, 65), (35, 39, 81)]
[(27, 63, 125), (35, 45, 135)]
[(27, 65, 77), (33, 45, 91)]
[(27, 66, 84), (36, 42, 99)]
[(27, 66, 85), (34, 45, 99)]
[(27, 68, 70), (30, 51, 84)]
[(27, 68, 86), (36, 43, 102)]
[(27, 68, 121), (33, 51, 132)]
[(27, 69, 100), (36, 45, 115)]
[(27, 70, 78), (30, 54, 91)]
[(27, 70, 85), (35, 45, 102)]
[(27, 70, 92), (35, 46, 108)]
[(27, 70, 118), (30, 59, 126)]
[(27, 70, 133), (38, 45, 147)]
[(27, 70, 140), (30, 60, 147)]
[(27, 74, 77), (37, 42, 99)]
[(27, 75, 77), (35, 45, 99)]
[(27, 75, 119), (35, 51, 135)]
[(27, 76, 86), (38, 43, 108)]
[(27, 77, 87), (29, 63, 99)]
[(27, 77, 92), (28, 69, 99)]
[(27, 82, 98), (42, 42, 123)]
[(27, 82, 100), (36, 50, 123)]
[(27, 82, 102), (34, 54, 123)]
[(27, 82, 110), (30, 66, 123)]
[(27, 84, 100), (28, 75, 108)]
[(27, 84, 102), (36, 51, 126)]
[(27, 84, 110), (35, 54, 132)]
[(27, 84, 126), (36, 54, 147)]
[(27, 85, 91), (35, 51, 117)]
[(27, 85, 100), (36, 51, 125)]
[(27, 85, 111), (37, 51, 135)]
[(27, 86, 98), (42, 43, 126)]
[(27, 86, 105), (35, 54, 129)]
[(27, 86, 125), (43, 45, 150)]
[(27, 87, 125), (29, 75, 135)]
[(27, 91, 119), (39, 51, 147)]
[(27, 92, 105), (28, 81, 115)]
[(27, 94, 125), (30, 75, 141)]
[(27, 95, 102), (38, 51, 135)]
[(27, 95, 105), (35, 57, 135)]
[(27, 98, 116), (36, 58, 147)]
[(27, 98, 119), (34, 63, 147)]
[(27, 98, 121), (33, 66, 147)]
[(27, 98, 140), (28, 90, 147)]
[(27, 100, 110), (30, 75, 132)]
[(27, 100, 118), (36, 59, 150)]
[(27, 105, 126), (30, 81, 147)]
[(27, 110, 140), (28, 99, 150)]
[(28, 38, 75), (30, 35, 76)]
[(28, 44, 81), (33, 36, 84)]
[(28, 45, 58), (29, 42, 60)]
[(28, 46, 90), (30, 42, 92)]
[(28, 50, 51), (34, 35, 60)]
[(28, 50, 54), (30, 42, 60)]
[(28, 51, 60), (35, 36, 68)]
[(28, 52, 135), (36, 39, 140)]
[(28, 54, 55), (30, 44, 63)]
[(28, 54, 60), (36, 36, 70)]
[(28, 54, 76), (36, 38, 84)]
[(28, 54, 105), (30, 49, 108)]
[(28, 54, 121), (33, 44, 126)]
[(28, 55, 62), (31, 44, 70)]
[(28, 57, 66), (33, 42, 76)]
[(28, 57, 70), (30, 49, 76)]
[(28, 58, 108), (36, 42, 116)]
[(28, 59, 110), (35, 44, 118)]
[(28, 60, 78), (30, 52, 84)]
[(28, 60, 90), (36, 42, 100)]
[(28, 60, 99), (35, 44, 108)]
[(28, 60, 132), (36, 44, 140)]
[(28, 62, 114), (38, 42, 124)]
[(28, 62, 115), (35, 46, 124)]
[(28, 62, 135), (31, 54, 140)]
[(28, 63, 130), (39, 42, 140)]
[(28, 65, 132), (33, 52, 140)]
[(28, 66, 68), (34, 44, 84)]
[(28, 66, 75), (35, 44, 90)]
[(28, 66, 84), (36, 44, 98)]
[(28, 68, 130), (34, 52, 140)]
[(28, 69, 74), (37, 42, 92)]
[(28, 69, 75), (35, 45, 92)]
[(28, 69, 87), (29, 63, 92)]
[(28, 70, 90), (30, 60, 98)]
[(28, 70, 135), (30, 63, 140)]
[(28, 74, 77), (37, 44, 98)]
[(28, 74, 125), (37, 50, 140)]
[(28, 74, 132), (42, 44, 148)]
[(28, 75, 78), (30, 60, 91)]
[(28, 75, 90), (35, 50, 108)]
[(28, 75, 126), (35, 54, 140)]
[(28, 75, 134), (30, 67, 140)]
[(28, 76, 117), (36, 52, 133)]
[(28, 77, 114), (42, 44, 133)]
[(28, 78, 108), (36, 52, 126)]
[(28, 81, 82), (41, 42, 108)]
[(28, 81, 84), (36, 49, 108)]
[(28, 81, 110), (33, 60, 126)]
[(28, 82, 99), (42, 44, 123)]
[(28, 85, 114), (34, 60, 133)]
[(28, 85, 122), (34, 61, 140)]
[(28, 86, 99), (43, 44, 126)]
[(28, 86, 115), (43, 46, 140)]
[(28, 90, 93), (42, 45, 124)]
[(28, 90, 102), (34, 60, 126)]
[(28, 90, 115), (35, 60, 138)]
[(28, 90, 116), (36, 58, 140)]
[(28, 90, 119), (34, 63, 140)]
[(28, 90, 121), (33, 66, 140)]
[(28, 92, 110), (44, 46, 140)]
[(28, 93, 110), (30, 77, 124)]
[(28, 93, 116), (29, 84, 124)]
[(28, 95, 102), (30, 76, 119)]
[(28, 95, 110), (38, 55, 140)]
[(28, 95, 124), (31, 76, 140)]
[(28, 98, 105), (42, 49, 140)]
[(28, 99, 100), (35, 60, 132)]
[(28, 100, 108), (36, 60, 140)]
[(28, 100, 126), (30, 84, 140)]
[(28, 102, 125), (30, 85, 140)]
[(28, 105, 110), (33, 70, 140), (44, 49, 150)]
[(28, 108, 110), (30, 84, 132)]
[(28, 108, 111), (36, 63, 148)]
[(28, 111, 124), (31, 84, 148)]
[(28, 115, 126), (30, 92, 147)]
[(28, 116, 125), (29, 100, 140)]
[(29, 50, 54), (30, 45, 58)]
[(29, 52, 111), (37, 39, 116)]
[(29, 55, 81), (33, 45, 87)]
[(29, 60, 108), (36, 45, 116)]
[(29, 62, 90), (30, 58, 93)]
[(29, 63, 74), (37, 42, 87)]
[(29, 63, 75), (35, 45, 87)]
[(29, 66, 70), (30, 58, 77)]
[(29, 68, 106), (34, 53, 116)]
[(29, 74, 100), (37, 50, 116)]
[(29, 75, 129), (43, 45, 145)]
[(29, 81, 125), (45, 45, 145)]
[(29, 84, 90), (42, 45, 116)]
[(29, 84, 110), (30, 77, 116)]
[(29, 84, 114), (36, 58, 133)]
[(29, 90, 91), (35, 58, 117)]
[(29, 90, 100), (36, 58, 125)]
[(29, 90, 111), (37, 58, 135)]
[(29, 94, 114), (38, 58, 141)]
[(29, 94, 135), (30, 87, 141)]
[(29, 95, 126), (30, 87, 133)]
[(29, 100, 102), (30, 85, 116)]
[(29, 105, 105), (45, 49, 145)]
[(29, 105, 106), (42, 53, 145)]
[(29, 105, 111), (37, 63, 145)]
[(29, 105, 115), (35, 69, 145)]
[(29, 105, 121), (33, 77, 145)]
[(30, 42, 51), (34, 35, 54)]
[(30, 42, 68), (34, 36, 70)]
[(30, 43, 84), (35, 36, 86)]
[(30, 44, 57), (33, 38, 60)]
[(30, 44, 108), (36, 36, 110)]
[(30, 45, 148), (36, 37, 150)]
[(30, 47, 91), (35, 39, 94)]
[(30, 47, 93), (31, 45, 94)]
[(30, 49, 66), (33, 42, 70)]
[(30, 49, 123), (35, 41, 126)]
[(30, 50, 147), (35, 42, 150)]
[(30, 51, 98), (35, 42, 102)]
[(30, 52, 57), (36, 38, 65)]
[(30, 52, 63), (36, 39, 70)]
[(30, 52, 95), (38, 39, 100)]
[(30, 57, 82), (38, 41, 90)]
[(30, 57, 98), (38, 42, 105)]
[(30, 60, 92), (36, 46, 100)]
[(30, 60, 133), (38, 45, 140)]
[(30, 60, 143), (39, 44, 150)]
[(30, 61, 114), (38, 45, 122)]
[(30, 62, 63), (31, 54, 70)]
[(30, 63, 117), (39, 45, 126)]
[(30, 63, 121), (33, 55, 126)]
[(30, 63, 124), (31, 60, 126)]
[(30, 65, 66), (33, 50, 78)]
[(30, 66, 76), (38, 44, 90)]
[(30, 66, 81), (33, 54, 90)]
[(30, 66, 98), (42, 42, 110)]
[(30, 66, 100), (36, 50, 110)]
[(30, 66, 102), (34, 54, 110)]
[(30, 66, 119), (34, 55, 126)]
[(30, 66, 140), (42, 44, 150)]
[(30, 66, 145), (33, 58, 150)]
[(30, 67, 126), (35, 54, 134)]
[(30, 68, 69), (36, 46, 85)]
[(30, 68, 90), (34, 54, 100), (36, 50, 102)]
[(30, 68, 91), (35, 52, 102)]
[(30, 68, 99), (36, 51, 110)]
[(30, 69, 74), (37, 46, 90)]
[(30, 69, 76), (38, 45, 92)]
[(30, 70, 99), (35, 54, 110)]
[(30, 70, 114), (38, 50, 126)]
[(30, 70, 138), (42, 46, 150)]
[(30, 71, 130), (39, 50, 142)]
[(30, 71, 132), (36, 55, 142)]
[(30, 74, 85), (37, 50, 102)]
[(30, 74, 95), (38, 50, 111)]
[(30, 74, 117), (37, 54, 130)]
[(30, 75, 84), (35, 54, 100)]
[(30, 75, 140), (35, 60, 150)]
[(30, 76, 90), (38, 50, 108)]
[(30, 76, 126), (38, 54, 140)]
[(30, 77, 90), (42, 45, 110)]
[(30, 77, 108), (44, 45, 126)]
[(30, 77, 111), (37, 55, 126)]
[(30, 78, 114), (38, 54, 130)]
[(30, 78, 135), (39, 54, 150)]
[(30, 81, 84), (36, 54, 105)]
[(30, 82, 105), (41, 50, 126)]
[(30, 84, 108), (36, 60, 126)]
[(30, 84, 121), (33, 70, 132)]
[(30, 84, 124), (36, 62, 140)]
[(30, 84, 130), (42, 52, 150)]
[(30, 84, 135), (36, 63, 150)]
[(30, 85, 138), (34, 69, 150)]
[(30, 87, 114), (38, 58, 135)]
[(30, 87, 130), (39, 58, 150)]
[(30, 90, 98), (42, 50, 126)]
[(30, 90, 119), (34, 70, 135)]
[(30, 90, 125), (45, 50, 150)]
[(30, 90, 126), (42, 54, 150)]
[(30, 90, 132), (36, 66, 150)]
[(30, 91, 93), (35, 62, 117)]
[(30, 91, 105), (35, 65, 126)]
[(30, 92, 93), (45, 46, 124)]
[(30, 92, 114), (38, 60, 138)]
[(30, 93, 100), (36, 62, 125)]
[(30, 93, 111), (37, 62, 135)]
[(30, 93, 119), (31, 85, 126)]
[(30, 95, 108), (38, 60, 135)]
[(30, 95, 126), (38, 63, 150)]
[(30, 98, 99), (35, 66, 126)]
[(30, 98, 102), (34, 70, 126)]
[(30, 98, 108), (42, 54, 140)]
[(30, 98, 115), (35, 70, 138), (46, 50, 147)]
[(30, 99, 105), (33, 75, 126)]
[(30, 100, 117), (45, 52, 150)]
[(30, 100, 126), (36, 70, 150)]
[(30, 102, 115), (46, 51, 150)]
[(30, 102, 130), (34, 78, 150)]
[(30, 105, 114), (42, 57, 150)]
[(30, 105, 116), (36, 70, 145)]
[(30, 105, 132), (33, 84, 150)]
[(30, 108, 110), (44, 54, 150)]
[(30, 110, 114), (38, 66, 150)]
[(30, 110, 129), (33, 86, 150)]
[(30, 119, 124), (31, 102, 140)]
[(30, 124, 135), (31, 108, 150)]
[(31, 45, 91), (35, 39, 93)]
[(31, 52, 54), (36, 39, 62)]
[(31, 60, 117), (39, 45, 124)]
[(31, 60, 121), (33, 55, 124)]
[(31, 66, 85), (34, 55, 93)]
[(31, 69, 78), (39, 46, 93)]
[(31, 74, 102), (34, 62, 111)]
[(31, 75, 77), (35, 55, 93)]
[(31, 75, 126), (35, 62, 135)]
[(31, 76, 110), (38, 55, 124)]
[(31, 77, 81), (33, 63, 93)]
[(31, 78, 108), (39, 54, 124)]
[(31, 78, 132), (36, 62, 143)]
[(31, 84, 102), (36, 62, 119)]
[(31, 84, 108), (36, 63, 124)]
[(31, 91, 126), (39, 62, 147)]
[(31, 92, 94), (46, 47, 124)]
[(31, 94, 117), (39, 62, 141)]
[(31, 117, 121), (33, 93, 143)]
[(33, 51, 98), (34, 49, 99)]
[(33, 52, 60), (36, 44, 65)]
[(33, 54, 76), (38, 44, 81)]
[(33, 55, 117), (39, 45, 121)]
[(33, 58, 140), (42, 44, 145)]
[(33, 60, 82), (41, 44, 90)]
[(33, 60, 98), (42, 44, 105)]
[(33, 63, 75), (35, 55, 81)]
[(33, 63, 91), (39, 49, 99)]
[(33, 63, 100), (36, 55, 105)]
[(33, 66, 116), (36, 58, 121)]
[(33, 66, 119), (34, 63, 121)]
[(33, 68, 123), (41, 51, 132)]
[(33, 68, 130), (34, 65, 132)]
[(33, 69, 110), (45, 46, 121)]
[(33, 70, 92), (44, 46, 105)]
[(33, 70, 95), (38, 55, 105)]
[(33, 70, 98), (42, 49, 110)]
[(33, 75, 82), (41, 50, 99)]
[(33, 75, 91), (35, 65, 99)]
[(33, 75, 98), (35, 66, 105)]
[(33, 76, 98), (44, 49, 114)]
[(33, 76, 110), (38, 60, 121)]
[(33, 77, 105), (45, 49, 121)]
[(33, 77, 106), (42, 53, 121)]
[(33, 77, 111), (37, 63, 121)]
[(33, 77, 115), (35, 69, 121)]
[(33, 78, 95), (39, 57, 110)]
[(33, 78, 100), (36, 65, 110)]
[(33, 82, 95), (41, 55, 114)]
[(33, 82, 116), (41, 58, 132)]
[(33, 84, 84), (44, 49, 108)]
[(33, 84, 90), (36, 66, 105)]
[(33, 84, 110), (36, 70, 121)]
[(33, 84, 114), (42, 57, 132)]
[(33, 85, 98), (34, 77, 105)]
[(33, 85, 99), (45, 51, 121)]
[(33, 86, 99), (43, 54, 121)]
[(33, 86, 108), (44, 54, 129)]
[(33, 86, 114), (38, 66, 129)]
[(33, 87, 125), (45, 55, 145)]
[(33, 87, 130), (39, 66, 145)]
[(33, 90, 102), (34, 81, 110)]
[(33, 91, 110), (35, 78, 121)]
[(33, 91, 119), (49, 51, 143)]
[(33, 91, 135), (35, 81, 143)]
[(33, 92, 114), (44, 57, 138)]
[(33, 95, 108), (44, 57, 135)]
[(33, 95, 117), (45, 57, 143)]
[(33, 98, 100), (49, 50, 132)]
[(33, 98, 123), (41, 66, 147)]
[(33, 99, 100), (36, 75, 121)]
[(33, 99, 105), (35, 81, 121)]
[(33, 100, 116), (44, 60, 145)]
[(33, 108, 108), (36, 81, 132)]
[(33, 111, 117), (37, 81, 143)]
[(33, 119, 130), (34, 105, 143)]
[(34, 45, 84), (36, 42, 85)]
[(34, 52, 63), (39, 42, 68)]
[(34, 54, 98), (42, 42, 102)]
[(34, 60, 60), (36, 50, 68)]
[(34, 60, 77), (42, 44, 85)]
[(34, 63, 91), (39, 51, 98)]
[(34, 63, 94), (42, 47, 102)]
[(34, 63, 116), (36, 58, 119)]
[(34, 65, 123), (41, 51, 130)]
[(34, 67, 126), (42, 51, 134)]
[(34, 69, 70), (42, 46, 85)]
[(34, 70, 90), (42, 50, 102)]
[(34, 70, 99), (35, 66, 102), (42, 51, 110)]
[(34, 75, 77), (35, 66, 85)]
[(34, 75, 84), (35, 68, 90), (42, 51, 100)]
[(34, 75, 86), (43, 50, 102)]
[(34, 75, 117), (45, 51, 130)]
[(34, 76, 99), (44, 51, 114)]
[(34, 76, 108), (36, 68, 114)]
[(34, 77, 111), (37, 66, 119)]
[(34, 78, 84), (42, 52, 102)]
[(34, 78, 87), (39, 58, 102)]
[(34, 78, 115), (46, 51, 130)]
[(34, 84, 84), (36, 68, 98)]
[(34, 84, 111), (36, 74, 119)]
[(34, 87, 98), (42, 58, 119)]
[(34, 90, 115), (50, 51, 138)]
[(34, 91, 105), (49, 51, 130)]
[(34, 91, 125), (35, 85, 130)]
[(34, 99, 100), (50, 51, 132)]
[(34, 100, 117), (36, 85, 130)]
[(34, 100, 126), (42, 68, 150)]
[(34, 105, 116), (42, 68, 145)]
[(34, 115, 126), (35, 102, 138)]
[(35, 45, 74), (37, 42, 75)]
[(35, 46, 114), (38, 42, 115)]
[(35, 52, 90), (36, 50, 91)]
[(35, 54, 68), (36, 51, 70)]
[(35, 57, 70), (38, 49, 75)]
[(35, 57, 102), (38, 51, 105)]
[(35, 60, 66), (42, 44, 75)]
[(35, 63, 65), (39, 49, 75)]
[(35, 63, 129), (43, 49, 135)]
[(35, 63, 141), (45, 47, 147)]
[(35, 63, 143), (39, 55, 147)]
[(35, 65, 82), (41, 50, 91)]
[(35, 66, 90), (42, 50, 99)]
[(35, 66, 140), (44, 50, 147)]
[(35, 68, 132), (44, 51, 140)]
[(35, 69, 78), (45, 46, 91)]
[(35, 69, 105), (45, 49, 115)]
[(35, 69, 106), (42, 53, 115)]
[(35, 69, 111), (37, 63, 115)]
[(35, 76, 78), (38, 60, 91)]
[(35, 76, 129), (43, 57, 140)]
[(35, 76, 134), (38, 67, 140)]
[(35, 77, 81), (45, 49, 99)]
[(35, 77, 135), (45, 55, 147)]
[(35, 78, 84), (36, 70, 91)]
[(35, 81, 85), (45, 51, 105)]
[(35, 81, 86), (43, 54, 105)]
[(35, 81, 100), (36, 75, 105)]
[(35, 81, 119), (49, 51, 135)]
[(35, 81, 133), (45, 57, 147)]
[(35, 82, 105), (49, 50, 123)]
[(35, 82, 108), (42, 60, 123)]
[(35, 84, 90), (36, 75, 98)]
[(35, 84, 130), (50, 52, 147)]
[(35, 84, 132), (44, 60, 147)]
[(35, 85, 105), (49, 51, 125)]
[(35, 85, 111), (37, 75, 119)]
[(35, 85, 114), (50, 51, 133)]
[(35, 86, 108), (43, 60, 126)]
[(35, 86, 124), (43, 62, 140)]
[(35, 86, 135), (43, 63, 150)]
[(35, 87, 129), (43, 63, 145)]
[(35, 90, 92), (42, 60, 115)]
[(35, 90, 102), (50, 51, 126)]
[(35, 90, 126), (50, 54, 147)]
[(35, 90, 134), (42, 67, 150)]
[(35, 91, 129), (43, 65, 147)]
[(35, 91, 135), (39, 75, 147)]
[(35, 92, 108), (36, 84, 115)]
[(35, 92, 118), (46, 59, 140)]
[(35, 92, 126), (46, 60, 147)]
[(35, 93, 126), (45, 62, 147)]
[(35, 95, 102), (38, 75, 119)]
[(35, 95, 117), (39, 75, 133)]
[(35, 98, 126), (42, 70, 147)]
[(35, 99, 119), (51, 55, 147)]
[(35, 100, 117), (36, 91, 125)]
[(35, 102, 108), (51, 54, 140)]
[(35, 102, 133), (38, 85, 147)]
[(35, 105, 114), (50, 57, 147)]
[(35, 105, 117), (45, 65, 147)]
[(35, 105, 118), (49, 59, 150)]
[(35, 105, 123), (41, 75, 147)]
[(35, 108, 132), (36, 99, 140)]
[(35, 108, 140), (36, 100, 147)]
[(35, 111, 117), (37, 91, 135)]
[(35, 111, 133), (37, 95, 147)]
[(35, 114, 126), (38, 90, 147)]
[(35, 117, 119), (39, 85, 147)]
[(35, 126, 132), (36, 110, 147)]
[(36, 49, 82), (41, 42, 84)]
[(36, 50, 98), (42, 42, 100)]
[(36, 52, 55), (39, 44, 60)]
[(36, 55, 130), (39, 50, 132)]
[(36, 55, 132), (44, 44, 135)]
[(36, 57, 78), (38, 52, 81)]
[(36, 60, 77), (44, 45, 84)]
[(36, 63, 78), (39, 54, 84)]
[(36, 63, 130), (42, 52, 135)]
[(36, 65, 82), (41, 52, 90)]
[(36, 65, 95), (39, 57, 100)]
[(36, 65, 98), (42, 52, 105)]
[(36, 66, 91), (42, 52, 99)]
[(36, 66, 100), (44, 50, 108)]
[(36, 66, 125), (45, 50, 132)]
[(36, 66, 126), (42, 54, 132)]
[(36, 68, 99), (44, 51, 108)]
[(36, 69, 70), (45, 46, 84)]
[(36, 69, 130), (45, 52, 138)]
[(36, 70, 76), (38, 60, 84)]
[(36, 70, 90), (42, 54, 100)]
[(36, 70, 95), (38, 63, 100)]
[(36, 70, 117), (45, 52, 126)]
[(36, 70, 132), (44, 54, 140)]
[(36, 74, 77), (37, 66, 84)]
[(36, 74, 85), (37, 68, 90)]
[(36, 74, 140), (42, 60, 148)]
[(36, 74, 143), (39, 66, 148)]
[(36, 75, 85), (45, 51, 100)]
[(36, 75, 86), (43, 54, 100)]
[(36, 76, 102), (38, 68, 108)]
[(36, 76, 121), (44, 57, 132)]
[(36, 77, 122), (42, 61, 132)]
[(36, 78, 85), (45, 52, 102)]
[(36, 78, 92), (46, 52, 108)]
[(36, 78, 119), (39, 68, 126)]
[(36, 82, 121), (41, 66, 132)]
[(36, 84, 90), (42, 60, 108)]
[(36, 84, 110), (44, 60, 126)]
[(36, 84, 125), (45, 60, 140)]
[(36, 87, 94), (47, 54, 116)]
[(36, 87, 98), (42, 63, 116)]
[(36, 90, 110), (50, 54, 132)]
[(36, 90, 119), (42, 68, 135)]
[(36, 91, 102), (51, 52, 126)]
[(36, 91, 126), (52, 54, 147)]
[(36, 92, 110), (46, 60, 132)]
[(36, 93, 100), (45, 60, 124)]
[(36, 93, 110), (45, 62, 132)]
[(36, 94, 117), (52, 54, 141)]
[(36, 94, 133), (38, 84, 141)]
[(36, 95, 126), (38, 84, 135)]
[(36, 98, 102), (42, 68, 126)]
[(36, 98, 110), (42, 70, 132)]
[(36, 99, 102), (51, 54, 132)]
[(36, 102, 125), (45, 68, 150)]
[(36, 110, 111), (54, 55, 148)]
[(36, 110, 114), (38, 90, 132)]
[(36, 111, 125), (37, 100, 135)]
[(36, 111, 130), (39, 90, 148)]
[(37, 55, 108), (44, 45, 111)]
[(37, 60, 66), (44, 45, 74)]
[(37, 63, 105), (45, 49, 111)]
[(37, 63, 106), (42, 53, 111)]
[(37, 78, 114), (38, 74, 117)]
[(37, 81, 95), (45, 57, 111)]
[(37, 84, 135), (45, 63, 148)]
[(37, 84, 138), (42, 69, 148)]
[(37, 84, 143), (39, 77, 148)]
[(37, 87, 90), (45, 58, 111)]
[(37, 90, 132), (45, 66, 148)]
[(37, 92, 132), (44, 69, 148)]
[(37, 95, 102), (38, 85, 111)]
[(37, 98, 114), (42, 74, 133)]
[(37, 98, 132), (42, 77, 148)]
[(37, 100, 122), (50, 61, 148)]
[(37, 100, 126), (45, 70, 148)]
[(37, 106, 116), (53, 58, 148)]
[(38, 55, 92), (44, 46, 95)]
[(38, 60, 69), (45, 46, 76)]
[(38, 63, 65), (39, 57, 70)]
[(38, 63, 90), (42, 54, 95)]
[(38, 66, 105), (42, 57, 110)]
[(38, 66, 108), (44, 54, 114)]
[(38, 67, 129), (43, 57, 134)]
[(38, 69, 106), (46, 53, 114)]
[(38, 69, 126), (46, 54, 133)]
[(38, 73, 138), (46, 57, 146)]
[(38, 77, 124), (44, 62, 133)]
[(38, 81, 85), (45, 57, 102)]
[(38, 81, 92), (46, 57, 108)]
[(38, 81, 98), (49, 54, 114)]
[(38, 82, 105), (41, 70, 114)]
[(38, 84, 117), (52, 54, 133)]
[(38, 90, 90), (50, 54, 114)]
[(38, 90, 92), (46, 60, 114)]
[(38, 90, 93), (45, 62, 114)]
[(38, 90, 98), (42, 70, 114)]
[(38, 90, 105), (50, 57, 126)]
[(38, 90, 140), (42, 76, 150)]
[(38, 98, 108), (42, 76, 126)]
[(38, 98, 117), (42, 78, 133)]
[(38, 100, 132), (44, 76, 150)]
[(38, 105, 108), (54, 57, 140)]
[(38, 108, 125), (45, 76, 150)]
[(38, 117, 119), (39, 102, 133)]
[(38, 130, 135), (39, 114, 150)]
[(39, 55, 141), (45, 47, 143)]
[(39, 58, 84), (42, 52, 87)]
[(39, 60, 132), (44, 52, 135)]
[(39, 66, 70), (42, 55, 78)]
[(39, 66, 125), (45, 55, 130)]
[(39, 66, 140), (42, 60, 143)]
[(39, 68, 94), (47, 52, 102)]
[(39, 69, 110), (46, 55, 117)]
[(39, 74, 100), (50, 52, 111)]
[(39, 74, 105), (42, 65, 111)]
[(39, 75, 77), (45, 55, 91)]
[(39, 75, 129), (43, 65, 135)]
[(39, 77, 105), (49, 55, 117)]
[(39, 77, 108), (44, 63, 117)]
[(39, 77, 135), (45, 63, 143)]
[(39, 77, 138), (42, 69, 143)]
[(39, 78, 132), (52, 54, 143)]
[(39, 81, 125), (45, 65, 135)]
[(39, 84, 102), (52, 54, 119)]
[(39, 84, 110), (52, 55, 126)]
[(39, 85, 99), (51, 55, 117)]
[(39, 85, 105), (45, 65, 119)]
[(39, 85, 132), (45, 68, 143)]
[(39, 90, 110), (54, 55, 130)]
[(39, 90, 116), (52, 58, 135)]
[(39, 90, 126), (42, 78, 135)]
[(39, 93, 94), (47, 62, 117)]
[(39, 94, 105), (47, 65, 126)]
[(39, 95, 121), (55, 57, 143)]
[(39, 98, 102), (42, 78, 119)]
[(39, 98, 105), (49, 63, 130)]
[(39, 98, 121), (49, 66, 143)]
[(39, 98, 132), (42, 84, 143)]
[(39, 99, 118), (54, 59, 143)]
[(39, 99, 119), (51, 63, 143)]
[(39, 99, 125), (45, 75, 143)]
[(39, 99, 129), (43, 81, 143)]
[(39, 100, 108), (52, 60, 135)]
[(39, 100, 126), (52, 63, 150)]
[(39, 105, 105), (49, 65, 135)]
[(39, 105, 116), (52, 63, 145)]
[(39, 105, 123), (41, 91, 135)]
[(39, 108, 110), (44, 78, 135), (54, 60, 143)]
[(39, 108, 121), (44, 81, 143)]
[(39, 110, 115), (46, 75, 143)]
[(39, 110, 117), (45, 78, 143)]
[(39, 121, 123), (41, 99, 143)]
[(41, 66, 76), (44, 57, 82)]
[(41, 75, 114), (50, 57, 123)]
[(41, 75, 117), (45, 65, 123)]
[(41, 78, 115), (46, 65, 123)]
[(41, 90, 98), (42, 82, 105)]
[(41, 91, 105), (49, 65, 123)]
[(41, 95, 99), (55, 57, 123)]
[(41, 98, 99), (49, 66, 123)]
[(41, 99, 108), (44, 81, 123)]
[(42, 53, 105), (45, 49, 106)]
[(42, 54, 125), (45, 50, 126)]
[(42, 55, 60), (44, 50, 63)]
[(42, 60, 105), (49, 50, 108)]
[(42, 63, 94), (47, 54, 98)]
[(42, 65, 70), (49, 50, 78)]
[(42, 65, 84), (49, 52, 90)]
[(42, 65, 100), (50, 52, 105)]
[(42, 65, 126), (49, 54, 130)]
[(42, 68, 75), (50, 51, 84)]
[(42, 68, 91), (51, 52, 98)]
[(42, 69, 135), (45, 63, 138)]
[(42, 70, 81), (49, 54, 90)]
[(42, 70, 90), (50, 54, 98)]
[(42, 70, 92), (46, 60, 98)]
[(42, 70, 93), (45, 62, 98)]
[(42, 70, 145), (49, 58, 150)]
[(42, 73, 140), (49, 60, 146)]
[(42, 75, 78), (50, 54, 91)]
[(42, 75, 86), (43, 70, 90)]
[(42, 75, 118), (50, 59, 126)]
[(42, 75, 140), (50, 60, 147)]
[(42, 76, 105), (49, 60, 114)]
[(42, 76, 110), (44, 70, 114)]
[(42, 76, 125), (50, 60, 133)]
[(42, 77, 90), (45, 66, 98)]
[(42, 77, 92), (44, 69, 98)]
[(42, 78, 84), (52, 54, 98)]
[(42, 78, 116), (52, 58, 126)]
[(42, 78, 125), (45, 70, 130)]
[(42, 84, 85), (45, 68, 98)]
[(42, 84, 121), (49, 66, 132)]
[(42, 85, 111), (45, 74, 119)]
[(42, 86, 91), (43, 78, 98)]
[(42, 86, 123), (43, 82, 126)]
[(42, 87, 100), (50, 63, 116)]
[(42, 87, 102), (54, 58, 119)]
[(42, 87, 110), (55, 58, 126)]
[(42, 90, 95), (50, 63, 114)]
[(42, 90, 110), (50, 66, 126)]
[(42, 91, 132), (52, 66, 147)]
[(42, 92, 125), (50, 69, 140)]
[(42, 92, 132), (44, 84, 138)]
[(42, 94, 95), (47, 70, 114)]
[(42, 94, 111), (47, 74, 126)]
[(42, 94, 125), (50, 70, 141)]
[(42, 99, 102), (51, 66, 126)]
[(42, 99, 126), (54, 66, 147)]
[(42, 99, 140), (44, 90, 147)]
[(42, 100, 102), (50, 68, 126)]
[(42, 100, 110), (50, 70, 132)]
[(42, 100, 116), (58, 60, 140)]
[(42, 100, 117), (45, 84, 130)]
[(42, 100, 132), (44, 90, 140)]
[(42, 102, 115), (51, 70, 138)]
[(42, 105, 111), (49, 74, 135)]
[(42, 105, 115), (49, 75, 138)]
[(42, 108, 110), (44, 90, 126), (54, 66, 140)]
[(42, 108, 125), (45, 90, 140)]
[(42, 110, 125), (50, 77, 150)]
[(42, 110, 140), (44, 98, 150)]
[(42, 111, 116), (58, 63, 148)]
[(42, 115, 117), (45, 91, 138)]
[(42, 115, 126), (46, 90, 147)]
[(42, 115, 129), (43, 105, 138)]
[(42, 125, 126), (45, 98, 150)]
[(43, 54, 85), (45, 51, 86)]
[(43, 68, 78), (51, 52, 86)]
[(43, 81, 118), (54, 59, 129)]
[(43, 81, 119), (51, 63, 129)]
[(43, 81, 125), (45, 75, 129)]
[(43, 92, 110), (44, 86, 115)]
[(43, 102, 105), (51, 70, 129)]
[(43, 105, 105), (49, 75, 129)]
[(43, 105, 117), (45, 91, 129)]
[(43, 108, 121), (44, 99, 129)]
[(44, 60, 130), (50, 52, 132)]
[(44, 63, 105), (49, 55, 108)]
[(44, 69, 70), (46, 60, 77)]
[(44, 69, 90), (45, 66, 92)]
[(44, 70, 105), (49, 60, 110)]
[(44, 70, 135), (54, 55, 140)]
[(44, 70, 138), (46, 66, 140)]
[(44, 75, 90), (50, 60, 99)]
[(44, 75, 102), (51, 60, 110)]
[(44, 78, 100), (52, 60, 110)]
[(44, 78, 124), (52, 62, 132)]
[(44, 81, 95), (55, 57, 108)]
[(44, 81, 98), (49, 66, 108)]
[(44, 81, 110), (54, 60, 121)]
[(44, 84, 130), (52, 66, 140)]
[(44, 87, 90), (55, 58, 108)]
[(44, 87, 100), (55, 60, 116)]
[(44, 87, 130), (58, 60, 143)]
[(44, 90, 90), (50, 66, 108)]
[(44, 90, 95), (55, 60, 114)]
[(44, 90, 116), (58, 60, 132)]
[(44, 92, 117), (52, 69, 132)]
[(44, 92, 126), (46, 84, 132)]
[(44, 93, 106), (53, 66, 124)]
[(44, 94, 95), (47, 76, 110)]
[(44, 95, 130), (50, 76, 143)]
[(44, 98, 125), (50, 77, 140)]
[(44, 100, 108), (60, 60, 132)]
[(44, 100, 114), (50, 76, 132)]
[(44, 100, 119), (55, 68, 140)]
[(44, 102, 108), (54, 68, 132)]
[(44, 105, 114), (57, 66, 140)]
[(44, 108, 125), (45, 100, 132)]
[(44, 115, 126), (46, 99, 140)]
[(44, 117, 135), (45, 108, 143)]
[(44, 125, 126), (45, 110, 140)]
[(45, 60, 106), (50, 53, 108)]
[(45, 62, 90), (50, 54, 93)]
[(45, 62, 92), (46, 60, 93)]
[(45, 65, 114), (50, 57, 117)]
[(45, 66, 70), (50, 54, 77)]
[(45, 68, 78), (52, 54, 85)]
[(45, 70, 122), (50, 61, 126)]
[(45, 75, 118), (54, 59, 125)]
[(45, 75, 119), (51, 63, 125)]
[(45, 76, 106), (53, 60, 114)]
[(45, 76, 126), (54, 60, 133)]
[(45, 78, 108), (54, 60, 117)]
[(45, 78, 115), (46, 75, 117)]
[(45, 78, 122), (54, 61, 130)]
[(45, 82, 115), (50, 69, 123)]
[(45, 85, 115), (51, 69, 125)]
[(45, 87, 122), (58, 61, 135)]
[(45, 90, 92), (50, 69, 108)]
[(45, 90, 110), (54, 66, 125)]
[(45, 91, 102), (51, 70, 117)]
[(45, 91, 105), (49, 75, 117)]
[(45, 92, 102), (46, 85, 108)]
[(45, 92, 122), (60, 61, 138)]
[(45, 92, 126), (54, 69, 140)]
[(45, 94, 119), (47, 85, 126)]
[(45, 94, 124), (60, 62, 141)]
[(45, 94, 126), (54, 70, 141)]
[(45, 94, 130), (50, 78, 141)]
[(45, 94, 138), (46, 90, 141)]
[(45, 95, 105), (57, 63, 125)]
[(45, 98, 110), (50, 77, 126)]
[(45, 99, 119), (51, 77, 135)]
[(45, 100, 100), (60, 60, 125)]
[(45, 100, 102), (54, 68, 125)]
[(45, 105, 105), (49, 81, 125)]
[(45, 105, 114), (50, 81, 133)]
[(45, 105, 119), (49, 85, 135)]
[(45, 106, 111), (53, 74, 135)]
[(45, 106, 115), (53, 75, 138)]
[(45, 110, 115), (46, 99, 125)]
[(45, 110, 122), (61, 66, 150)]
[(45, 110, 126), (54, 77, 150)]
[(45, 115, 118), (59, 69, 150)]
[(46, 60, 90), (50, 54, 92)]
[(46, 66, 135), (54, 55, 138)]
[(46, 71, 141), (47, 69, 142)]
[(46, 75, 108), (54, 60, 115)]
[(46, 76, 81), (54, 57, 92)]
[(46, 77, 105), (49, 69, 110)]
[(46, 81, 130), (54, 65, 138)]
[(46, 84, 117), (52, 69, 126)]
[(46, 84, 130), (52, 70, 138)]
[(46, 85, 90), (50, 69, 102)]
[(46, 85, 99), (51, 69, 110)]
[(46, 90, 99), (54, 66, 115)]
[(46, 90, 117), (54, 69, 130)]
[(46, 90, 124), (60, 62, 138)]
[(46, 90, 126), (54, 70, 138)]
[(46, 90, 130), (50, 78, 138)]
[(46, 91, 100), (52, 70, 115)]
[(46, 91, 105), (49, 78, 115)]
[(46, 93, 108), (54, 69, 124)]
[(46, 93, 122), (61, 62, 138)]
[(46, 98, 129), (49, 86, 138)]
[(46, 105, 114), (57, 70, 138)]
[(46, 105, 140), (49, 92, 150)]
[(46, 106, 117), (53, 78, 138)]
[(46, 108, 114), (54, 76, 138)]
[(46, 108, 125), (60, 69, 150)]
[(47, 70, 90), (50, 63, 94)]
[(47, 77, 135), (55, 63, 141)]
[(47, 78, 84), (52, 63, 94)]
[(47, 81, 133), (57, 63, 141)]
[(47, 85, 132), (55, 68, 141)]
[(47, 93, 126), (62, 63, 141)]
[(47, 99, 125), (55, 75, 141)]
[(47, 105, 117), (63, 65, 141)]
[(47, 105, 126), (49, 94, 135)]
[(47, 105, 133), (49, 95, 141)]
[(47, 110, 117), (55, 78, 141)]
[(47, 110, 130), (50, 94, 143)]
[(47, 114, 125), (50, 95, 141)]
[(47, 116, 117), (52, 87, 141)]
[(49, 66, 95), (55, 57, 98)]
[(49, 75, 102), (51, 70, 105)]
[(49, 75, 143), (55, 65, 147)]
[(49, 75, 146), (50, 73, 147)]
[(49, 76, 90), (57, 60, 98)]
[(49, 76, 135), (57, 63, 140)]
[(49, 78, 90), (54, 65, 98)]
[(49, 78, 100), (52, 70, 105)]
[(49, 81, 95), (57, 63, 105)]
[(49, 85, 99), (51, 77, 105)]
[(49, 87, 90), (58, 63, 105)]
[(49, 87, 135), (63, 63, 145)]
[(49, 90, 90), (50, 81, 98)]
[(49, 90, 100), (50, 84, 105)]
[(49, 91, 135), (63, 65, 147)]
[(49, 95, 102), (57, 70, 119)]
[(49, 95, 117), (63, 65, 133)]
[(49, 99, 130), (65, 66, 147)]
[(49, 99, 133), (57, 77, 147)]
[(49, 99, 135), (55, 81, 147)]
[(49, 114, 123), (57, 82, 147)]
[(49, 114, 125), (50, 105, 133)]
[(49, 115, 117), (65, 69, 147)]
[(49, 116, 130), (52, 98, 145)]
[(50, 66, 87), (55, 58, 90)]
[(50, 68, 99), (51, 66, 100)]
[(50, 73, 143), (55, 65, 146)]
[(50, 76, 81), (57, 60, 90)]
[(50, 76, 87), (58, 60, 95)]
[(50, 76, 108), (60, 60, 114)]
[(50, 78, 81), (54, 65, 90)]
[(50, 78, 84), (52, 70, 90)]
[(50, 78, 124), (60, 62, 130)]
[(50, 78, 126), (54, 70, 130)]
[(50, 78, 145), (58, 65, 150)]
[(50, 78, 148), (52, 74, 150)]
[(50, 84, 84), (60, 60, 98)]
[(50, 84, 87), (58, 63, 100)]
[(50, 84, 91), (52, 75, 98)]
[(50, 84, 132), (60, 66, 140)]
[(50, 85, 116), (58, 68, 125)]
[(50, 85, 123), (51, 82, 125)]
[(50, 87, 126), (58, 70, 135)]
[(50, 87, 142), (58, 71, 150)]
[(50, 91, 118), (59, 70, 130)]
[(50, 92, 99), (60, 66, 115)]
[(50, 92, 117), (60, 69, 130)]
[(50, 92, 126), (60, 70, 138)]
[(50, 93, 110), (62, 66, 125)]
[(50, 95, 99), (55, 75, 114)]
[(50, 99, 102), (51, 90, 110)]
[(50, 99, 116), (58, 75, 132)]
[(50, 99, 134), (66, 67, 150)]
[(50, 100, 117), (52, 90, 125)]
[(50, 102, 117), (54, 85, 130)]
[(50, 102, 132), (66, 68, 150)]
[(50, 102, 147), (51, 98, 150)]
[(50, 106, 117), (53, 90, 130)]
[(50, 108, 111), (60, 74, 135)]
[(50, 108, 115), (60, 75, 138)]
[(50, 108, 126), (54, 90, 140)]
[(50, 110, 126), (66, 70, 150)]
[(50, 110, 135), (55, 90, 150)]
[(50, 111, 126), (63, 74, 150)]
[(50, 111, 132), (55, 90, 148)]
[(50, 116, 126), (58, 84, 150)]
[(50, 118, 123), (59, 82, 150)]
[(50, 126, 126), (54, 98, 150)]
[(51, 63, 118), (54, 59, 119)]
[(51, 78, 84), (54, 68, 91)]
[(51, 78, 100), (52, 75, 102)]
[(51, 82, 116), (58, 68, 123)]
[(51, 84, 118), (59, 68, 126)]
[(51, 84, 140), (60, 68, 147)]
[(51, 92, 100), (60, 68, 115)]
[(51, 95, 105), (57, 75, 119)]
[(51, 98, 132), (66, 68, 147)]
[(51, 100, 134), (67, 68, 150)]
[(51, 105, 133), (57, 85, 147)]
[(51, 118, 125), (59, 85, 150)]
[(51, 126, 126), (54, 102, 147)]
[(52, 70, 81), (54, 65, 84)]
[(52, 74, 145), (58, 65, 148)]
[(52, 75, 84), (60, 60, 91)]
[(52, 81, 100), (60, 65, 108)]
[(52, 85, 108), (60, 68, 117)]
[(52, 85, 122), (61, 68, 130)]
[(52, 87, 105), (63, 65, 116)]
[(52, 87, 110), (55, 78, 116)]
[(52, 90, 119), (63, 68, 130)]
[(52, 90, 121), (65, 66, 132)]
[(52, 90, 126), (54, 84, 130)]
[(52, 93, 102), (62, 68, 117)]
[(52, 95, 132), (60, 76, 143)]
[(52, 99, 118), (59, 78, 132)]
[(52, 99, 126), (54, 91, 132)]
[(52, 100, 114), (60, 76, 130)]
[(52, 100, 126), (60, 78, 140)]
[(52, 102, 105), (65, 68, 126)]
[(52, 105, 110), (65, 70, 132)]
[(52, 105, 114), (57, 84, 130)]
[(52, 106, 125), (53, 100, 130)]
[(52, 108, 110), (60, 78, 132)]
[(52, 110, 119), (68, 70, 143)]
[(52, 110, 135), (54, 100, 143)]
[(52, 111, 126), (63, 78, 148)]
[(53, 90, 92), (60, 69, 106)]
[(53, 90, 102), (54, 85, 106)]
[(53, 114, 126), (54, 106, 133)]
[(54, 65, 76), (57, 60, 78)]
[(54, 68, 100), (60, 60, 102)]
[(54, 70, 124), (60, 62, 126)]
[(54, 71, 140), (60, 63, 142)]
[(54, 76, 105), (57, 70, 108)]
[(54, 77, 122), (61, 66, 126)]
[(54, 84, 100), (60, 70, 108)]
[(54, 84, 119), (63, 68, 126)]
[(54, 85, 92), (60, 69, 102)]
[(54, 87, 130), (58, 78, 135)]
[(54, 90, 145), (58, 81, 150)]
[(54, 91, 118), (59, 78, 126)]
[(54, 91, 140), (60, 78, 147)]
[(54, 92, 93), (62, 69, 108)]
[(54, 92, 130), (60, 78, 138)]
[(54, 95, 98), (63, 70, 114)]
[(54, 95, 124), (62, 76, 135)]
[(54, 95, 129), (57, 86, 135)]
[(54, 95, 140), (63, 76, 150)]
[(54, 95, 145), (57, 87, 150)]
[(54, 98, 110), (66, 70, 126)]
[(54, 98, 111), (63, 74, 126)]
[(54, 98, 116), (58, 84, 126)]
[(54, 100, 119), (68, 70, 135)]
[(54, 100, 140), (60, 84, 150)]
[(54, 105, 108), (60, 81, 126)]
[(54, 105, 114), (57, 90, 126)]
[(54, 105, 124), (62, 81, 140)]
[(54, 105, 135), (63, 81, 150)]
[(54, 110, 119), (55, 102, 126)]
[(54, 110, 130), (66, 78, 150)]
[(54, 115, 125), (69, 75, 150)]
[(54, 119, 125), (63, 85, 150)]
[(54, 122, 125), (61, 90, 150)]
[(54, 124, 125), (60, 93, 150)]
[(54, 125, 143), (55, 117, 150)]
[(55, 70, 108), (60, 63, 110)]
[(55, 74, 108), (60, 66, 111)]
[(55, 76, 90), (60, 66, 95)]
[(55, 78, 105), (63, 65, 110)]
[(55, 78, 140), (60, 70, 143)]
[(55, 81, 91), (63, 65, 99)]
[(55, 81, 98), (63, 66, 105)]
[(55, 81, 130), (65, 66, 135)]
[(55, 81, 133), (57, 77, 135)]
[(55, 84, 90), (63, 66, 100)]
[(55, 84, 102), (63, 68, 110)]
[(55, 84, 126), (63, 70, 132)]
[(55, 90, 126), (66, 70, 135)]
[(55, 90, 142), (66, 71, 150)]
[(55, 91, 134), (67, 70, 143)]
[(55, 91, 135), (63, 75, 143)]
[(55, 93, 126), (62, 77, 135)]
[(55, 98, 102), (66, 70, 119)]
[(55, 98, 117), (63, 77, 130)]
[(55, 99, 105), (63, 75, 121)]
[(55, 99, 130), (66, 75, 143)]
[(55, 105, 117), (65, 77, 135)]
[(55, 108, 114), (66, 76, 135)]
[(55, 108, 116), (60, 87, 132)]
[(55, 108, 130), (60, 90, 143)]
[(55, 114, 116), (58, 95, 132)]
[(55, 115, 117), (69, 75, 143)]
[(55, 116, 130), (58, 100, 143)]
[(55, 117, 119), (63, 85, 143)]
[(55, 117, 122), (61, 90, 143)]
[(55, 117, 124), (60, 93, 143)]
[(57, 77, 130), (65, 66, 133)]
[(57, 84, 100), (60, 76, 105)]
[(57, 86, 124), (62, 76, 129)]
[(57, 87, 90), (58, 81, 95)]
[(57, 87, 140), (63, 76, 145)]
[(57, 90, 108), (60, 81, 114)]
[(57, 91, 125), (65, 75, 133)]
[(57, 91, 140), (65, 76, 147)]
[(57, 92, 130), (65, 76, 138)]
[(57, 93, 126), (62, 81, 133)]
[(57, 105, 117), (65, 81, 133)]
[(58, 84, 110), (66, 70, 116)]
[(58, 84, 111), (63, 74, 116)]
[(58, 92, 135), (60, 87, 138)]
[(58, 95, 108), (60, 87, 114)]
[(58, 99, 100), (66, 75, 116)]
[(58, 100, 108), (60, 90, 116)]
[(58, 105, 132), (66, 84, 145)]
[(58, 105, 135), (63, 90, 145)]
[(58, 105, 140), (60, 98, 145)]
[(58, 110, 129), (66, 86, 145)]
[(58, 110, 135), (66, 87, 150)]
[(58, 111, 132), (66, 87, 148)]
[(59, 90, 110), (66, 75, 118)]
[(59, 100, 102), (68, 75, 118)]
[(59, 108, 110), (60, 99, 118)]
[(59, 126, 140), (60, 118, 147)]
[(60, 77, 138), (66, 69, 140)]
[(60, 78, 105), (65, 70, 108)]
[(60, 84, 95), (63, 76, 100)]
[(60, 84, 102), (68, 70, 108)]
[(60, 85, 92), (68, 69, 100)]
[(60, 90, 99), (66, 75, 108)]
[(60, 91, 134), (67, 78, 140)]
[(60, 92, 133), (69, 76, 140)]
[(60, 93, 102), (62, 85, 108)]
[(60, 93, 115), (69, 75, 124)]
[(60, 93, 119), (63, 85, 124)]
[(60, 93, 122), (61, 90, 124)]
[(60, 94, 133), (70, 76, 141)]
[(60, 95, 126), (70, 76, 135)]
[(60, 95, 142), (71, 76, 150)]
[(60, 98, 132), (66, 84, 140)]
[(60, 98, 135), (63, 90, 140)]
[(60, 102, 140), (68, 84, 150)]
[(60, 105, 126), (70, 81, 140)]
[(60, 105, 130), (65, 90, 140)]
[(60, 108, 119), (68, 84, 135)]
[(60, 110, 124), (62, 100, 132)]
[(60, 110, 133), (76, 77, 150)]
[(60, 110, 138), (66, 92, 150)]
[(60, 111, 114), (74, 76, 135)]
[(60, 111, 140), (63, 100, 148)]
[(60, 114, 115), (75, 76, 138)]
[(60, 115, 134), (67, 92, 150)]
[(60, 116, 119), (68, 87, 140)]
[(60, 117, 122), (61, 108, 130)]
[(60, 119, 126), (63, 102, 140)]
[(60, 122, 133), (61, 114, 140)]
[(60, 124, 126), (62, 108, 140)]
[(60, 126, 135), (63, 108, 150)]
[(61, 90, 115), (69, 75, 122)]
[(61, 90, 119), (63, 85, 122)]
[(61, 92, 114), (69, 76, 122)]
[(61, 98, 110), (70, 77, 122)]
[(62, 77, 90), (66, 70, 93)]
[(62, 84, 85), (68, 70, 93)]
[(62, 92, 117), (69, 78, 124)]
[(62, 105, 108), (70, 81, 124)]
[(62, 105, 117), (65, 93, 126)]
[(62, 108, 119), (63, 102, 124)]
[(62, 125, 126), (70, 93, 150)]
[(62, 135, 140), (63, 124, 150)]
[(63, 74, 110), (66, 70, 111)]
[(63, 75, 134), (67, 70, 135)]
[(63, 85, 115), (69, 75, 119)]
[(63, 85, 132), (68, 77, 135)]
[(63, 90, 132), (66, 84, 135)]
[(63, 91, 142), (71, 78, 147)]
[(63, 91, 145), (65, 87, 147)]
[(63, 99, 125), (75, 77, 135)]
[(63, 99, 130), (66, 91, 135)]
[(63, 100, 126), (70, 84, 135)]
[(63, 100, 142), (71, 84, 150)]
[(63, 102, 105), (70, 81, 119)]
[(63, 102, 116), (68, 87, 126)]
[(63, 102, 125), (70, 85, 135)]
[(63, 105, 130), (65, 98, 135)]
[(63, 110, 114), (66, 95, 126)]
[(63, 110, 116), (70, 87, 132)]
[(63, 110, 117), (77, 78, 135)]
[(63, 110, 130), (70, 90, 143)]
[(63, 115, 117), (69, 91, 135)]
[(63, 115, 133), (69, 95, 147)]
[(63, 117, 121), (77, 81, 143)]
[(63, 121, 130), (66, 105, 143)]
[(65, 84, 102), (68, 78, 105)]
[(65, 86, 126), (70, 78, 129)]
[(65, 87, 142), (71, 78, 145)]
[(65, 90, 126), (70, 81, 130)]
[(65, 98, 99), (66, 91, 105)]
[(65, 99, 110), (75, 78, 121)]
[(65, 99, 135), (75, 81, 143)]
[(65, 108, 114), (76, 81, 130)]
[(65, 108, 126), (78, 81, 140)]
[(65, 116, 126), (78, 84, 145)]
[(65, 119, 132), (68, 105, 143)]
[(66, 84, 85), (68, 77, 90)]
[(66, 91, 125), (75, 77, 130)]
[(66, 92, 133), (76, 77, 138)]
[(66, 100, 102), (68, 90, 110)]
[(66, 100, 123), (75, 82, 132)]
[(66, 100, 126), (70, 90, 132)]
[(66, 105, 110), (70, 90, 121)]
[(66, 105, 117), (77, 81, 130)]
[(66, 111, 116), (74, 87, 132)]
[(66, 111, 130), (74, 90, 143)]
[(66, 115, 117), (69, 99, 130)]
[(66, 115, 126), (70, 99, 138)]
[(66, 115, 134), (67, 110, 138)]
[(66, 125, 126), (77, 90, 150)]
[(67, 100, 126), (75, 84, 134)]
[(67, 102, 125), (75, 85, 134)]
[(67, 102, 132), (68, 99, 134)]
[(67, 110, 126), (70, 99, 134)]
[(68, 98, 111), (74, 84, 119)]
[(68, 99, 125), (75, 85, 132)]
[(68, 100, 133), (76, 85, 140)]
[(68, 110, 117), (78, 85, 132)]
[(68, 110, 126), (70, 102, 132)]
[(68, 111, 142), (71, 102, 148)]
[(68, 125, 126), (84, 85, 150)]
[(69, 91, 110), (77, 78, 115)]
[(69, 94, 140), (70, 92, 141)]
[(69, 98, 132), (77, 84, 138)]
[(69, 99, 105), (77, 81, 115)]
[(69, 102, 130), (78, 85, 138)]
[(69, 110, 140), (77, 92, 150)]
[(69, 114, 124), (76, 93, 138)]
[(69, 126, 130), (70, 117, 138)]
[(70, 85, 99), (75, 77, 102)]
[(70, 90, 91), (75, 78, 98)]
[(70, 90, 123), (75, 82, 126)]
[(70, 90, 148), (74, 84, 150)]
[(70, 99, 100), (75, 84, 110)]
[(70, 100, 117), (78, 84, 125)]
[(70, 102, 117), (78, 85, 126)]
[(70, 105, 146), (73, 98, 150)]
[(70, 108, 114), (76, 90, 126)]
[(70, 108, 115), (75, 92, 126)]
[(70, 108, 129), (81, 86, 140)]
[(70, 108, 130), (78, 90, 140)]
[(70, 108, 140), (84, 84, 150)]
[(70, 110, 141), (77, 94, 150)]
[(70, 111, 114), (74, 95, 126)]
[(70, 114, 117), (78, 90, 133)]
[(70, 114, 140), (76, 98, 150)]
[(70, 116, 129), (84, 86, 145)]
[(70, 116, 135), (84, 87, 150)]
[(70, 117, 124), (78, 93, 140)]
[(70, 123, 130), (82, 91, 150)]
[(70, 125, 132), (77, 100, 150)]
[(70, 126, 130), (78, 98, 150)]
[(70, 135, 142), (71, 126, 150)]
[(71, 110, 133), (77, 95, 142)]
[(71, 116, 126), (84, 87, 142)]
[(73, 108, 138), (81, 92, 146)]
[(73, 114, 135), (81, 95, 146)]
[(73, 114, 140), (76, 105, 146)]
[(73, 126, 130), (78, 105, 146)]
[(74, 95, 108), (76, 90, 111)]
[(74, 100, 147), (75, 98, 148)]
[(74, 108, 140), (84, 90, 148)]
[(74, 115, 135), (75, 111, 138)]
[(74, 116, 135), (87, 90, 148)]
[(74, 123, 132), (82, 99, 148)]
[(74, 132, 133), (77, 114, 148)]
[(75, 92, 114), (76, 90, 115)]
[(75, 105, 117), (81, 91, 125)]
[(75, 110, 117), (78, 99, 125)]
[(75, 117, 119), (85, 91, 135)]
[(75, 119, 133), (85, 95, 147)]
[(75, 126, 130), (90, 91, 150)]
[(75, 126, 132), (84, 99, 150)]
[(75, 133, 140), (76, 125, 147)]
[(76, 98, 108), (84, 84, 114)]
[(76, 105, 135), (81, 95, 140)]
[(76, 111, 140), (84, 95, 148)]
[(76, 117, 126), (78, 108, 133)]
[(76, 119, 125), (85, 95, 140)]
[(76, 126, 130), (78, 114, 140)]
[(77, 100, 102), (84, 85, 110)]
[(77, 108, 124), (84, 93, 132)]
[(77, 114, 123), (82, 99, 133)]
[(77, 119, 130), (85, 98, 143)]
[(78, 90, 129), (81, 86, 130)]
[(78, 98, 123), (82, 91, 126)]
[(78, 99, 105), (81, 91, 110)]
[(78, 100, 147), (84, 91, 150)]
[(78, 115, 140), (91, 92, 150)]
[(78, 119, 132), (84, 102, 143)]
[(78, 121, 135), (81, 110, 143)]
[(81, 98, 100), (84, 90, 105)]
[(81, 116, 140), (84, 108, 145)]
[(81, 119, 125), (85, 105, 135)]
[(82, 108, 115), (90, 92, 123)]
[(84, 99, 130), (90, 91, 132)]
[(84, 100, 138), (90, 92, 140)]
[(84, 102, 125), (85, 100, 126)]
[(84, 110, 129), (86, 105, 132)]
[(84, 111, 145), (87, 105, 148)]
[(84, 114, 125), (90, 100, 133)]
[(84, 115, 130), (91, 100, 138)]
[(84, 115, 132), (92, 99, 140)]
[(84, 115, 140), (92, 100, 147)]
[(84, 116, 135), (87, 108, 140)]
[(84, 124, 125), (93, 100, 140)]
[(85, 114, 126), (90, 102, 133)]
[(85, 124, 126), (93, 102, 140)]
[(86, 135, 145), (87, 129, 150)]
[(87, 100, 114), (90, 95, 116)]
[(87, 130, 132), (90, 116, 143)]
[(90, 110, 147), (98, 99, 150)]
[(90, 115, 132), (99, 100, 138)]
[(90, 117, 124), (93, 108, 130)]
[(90, 119, 126), (98, 102, 135)]
[(90, 124, 133), (93, 114, 140)]
[(90, 126, 140), (98, 108, 150)]
[(91, 121, 135), (99, 105, 143)]
[(91, 126, 141), (94, 117, 147)]
[(91, 133, 135), (95, 117, 147)]
[(91, 138, 140), (92, 130, 147)]
[(92, 114, 135), (95, 108, 138)]
[(94, 125, 132), (100, 110, 141)]
[(94, 133, 135), (95, 126, 141)]
[(95, 130, 132), (100, 114, 143)]
[(99, 126, 140), (108, 110, 147)]
[(99, 140, 140), (100, 132, 147)]
[(100, 121, 126), (105, 110, 132)]
[(100, 126, 132), (108, 110, 140)]
[(100, 126, 145), (105, 116, 150)]
[(102, 135, 140), (108, 119, 150)]
[(105, 132, 132), (108, 121, 140)]
[(108, 130, 133), (114, 117, 140)]
[(110, 132, 145), (116, 121, 150)]
[(110, 135, 148), (111, 132, 150)]
