[(2, 28, 84), (4, 12, 98)]
[(2, 30, 30), (6, 6, 50)]
[(2, 35, 77), (5, 11, 98)]
[(2, 37, 52), (4, 13, 74)]
[(2, 49, 75), (3, 25, 98)]
[(2, 51, 78), (3, 26, 102)]
[(2, 52, 75), (3, 26, 100)]
[(2, 56, 56), (8, 8, 98)]
[(2, 61, 78), (6, 13, 122)]
[(2, 73, 100), (4, 25, 146)]
[(2, 78, 100), (4, 26, 150)]
[(3, 28, 140), (4, 20, 147)]
[(3, 30, 34), (6, 10, 51)]
[(3, 30, 60), (6, 12, 75)]
[(3, 33, 81), (9, 9, 99)]
[(3, 35, 55), (7, 11, 75)]
[(3, 41, 102), (6, 17, 123)]
[(3, 42, 126), (6, 18, 147)]
[(3, 45, 77), (5, 21, 99)]
[(3, 49, 125), (5, 25, 147)]
[(3, 50, 52), (4, 26, 75)]
[(3, 52, 54), (4, 27, 78)]
[(3, 54, 66), (6, 18, 99)]
[(3, 54, 125), (5, 27, 150)]
[(3, 55, 63), (7, 15, 99)]
[(3, 56, 112), (8, 16, 147)]
[(3, 60, 82), (10, 12, 123)]
[(3, 63, 105), (9, 15, 147)]
[(3, 77, 105), (5, 33, 147)]
[(3, 78, 98), (6, 26, 147)]
[(3, 84, 84), (12, 12, 147)]
[(3, 98, 100), (4, 50, 147)]
[(3, 100, 102), (4, 51, 150)]
[(4, 30, 39), (6, 15, 52)]
[(4, 30, 90), (6, 18, 100)]
[(4, 31, 112), (7, 16, 124)]
[(4, 36, 57), (9, 12, 76)]
[(4, 37, 130), (10, 13, 148)]
[(4, 38, 56), (8, 14, 76)]
[(4, 40, 77), (5, 28, 88)]
[(4, 40, 80), (8, 16, 100)]
[(4, 50, 78), (6, 26, 100)]
[(4, 54, 75), (6, 27, 100)]
[(4, 54, 84), (6, 28, 108)]
[(4, 55, 70), (7, 22, 100)]
[(4, 56, 78), (6, 28, 104)]
[(4, 56, 93), (8, 21, 124)]
[(4, 60, 60), (12, 12, 100)]
[(4, 60, 111), (12, 15, 148)]
[(4, 62, 84), (12, 14, 124)]
[(4, 74, 104), (8, 26, 148)]
[(4, 74, 125), (5, 50, 148)]
[(4, 78, 111), (6, 39, 148)]
[(4, 78, 125), (5, 52, 150)]
[(5, 33, 63), (9, 15, 77)]
[(5, 35, 110), (11, 14, 125)]
[(5, 44, 56), (8, 20, 77)]
[(5, 45, 105), (9, 21, 125)]
[(5, 49, 55), (7, 25, 77)]
[(5, 50, 104), (8, 26, 125)]
[(5, 55, 105), (7, 33, 125)]
[(5, 56, 100), (8, 28, 125)]
[(5, 56, 116), (8, 29, 140)]
[(5, 58, 104), (8, 29, 130)]
[(5, 60, 90), (12, 18, 125)]
[(5, 65, 85), (13, 17, 125)]
[(5, 75, 81), (9, 27, 125)]
[(5, 75, 102), (6, 51, 125)]
[(5, 78, 100), (6, 52, 125)]
[(5, 78, 106), (6, 53, 130)]
[(5, 80, 80), (8, 32, 125)]
[(5, 81, 87), (9, 29, 135)]
[(6, 34, 65), (10, 17, 78)]
[(6, 34, 90), (10, 18, 102)]
[(6, 36, 36), (12, 12, 54)]
[(6, 36, 112), (12, 16, 126)]
[(6, 39, 60), (12, 15, 78)]
[(6, 39, 85), (13, 15, 102)]
[(6, 42, 55), (7, 30, 66)]
[(6, 42, 108), (12, 18, 126)]
[(6, 45, 104), (8, 30, 117)]
[(6, 50, 130), (10, 26, 150)]
[(6, 51, 81), (9, 27, 102)]
[(6, 52, 56), (8, 28, 78)]
[(6, 54, 105), (9, 30, 126)]
[(6, 55, 140), (7, 44, 150)]
[(6, 56, 60), (8, 30, 84)]
[(6, 56, 108), (8, 36, 126)]
[(6, 57, 90), (9, 30, 114)]
[(6, 58, 125), (10, 29, 150)]
[(6, 60, 68), (12, 20, 102)]
[(6, 60, 81), (9, 30, 108)]
[(6, 63, 90), (15, 18, 126)]
[(6, 63, 104), (8, 39, 126)]
[(6, 70, 110), (14, 22, 150)]
[(6, 75, 82), (10, 30, 123)]
[(6, 75, 108), (12, 27, 150)]
[(6, 81, 84), (9, 36, 126)]
[(6, 84, 100), (12, 28, 150)]
[(6, 90, 90), (18, 18, 150)]
[(6, 90, 105), (9, 42, 150)]
[(6, 100, 104), (8, 52, 150)]
[(7, 33, 45), (9, 21, 55)]
[(7, 80, 88), (8, 55, 112)]
[(7, 99, 105), (9, 55, 147)]
[(8, 35, 44), (11, 20, 56)]
[(8, 36, 42), (12, 18, 56)]
[(8, 38, 91), (14, 19, 104)]
[(8, 39, 90), (15, 18, 104)]
[(8, 40, 64), (16, 16, 80)]
[(8, 52, 84), (12, 28, 104)]
[(8, 60, 78), (12, 30, 104)]
[(8, 64, 84), (12, 32, 112)]
[(8, 65, 68), (17, 20, 104)]
[(8, 65, 82), (10, 41, 104)]
[(8, 78, 81), (9, 54, 104)]
[(8, 81, 84), (9, 56, 108)]
[(9, 35, 99), (11, 27, 105)]
[(9, 38, 42), (14, 18, 57)]
[(9, 42, 90), (18, 18, 105)]
[(9, 43, 114), (18, 19, 129)]
[(9, 45, 63), (15, 21, 81)]
[(9, 54, 60), (12, 30, 81)]
[(9, 60, 66), (12, 33, 90)]
[(9, 60, 84), (12, 36, 105)]
[(9, 63, 75), (15, 27, 105)]
[(9, 63, 110), (14, 33, 135)]
[(9, 66, 70), (18, 22, 105)]
[(9, 84, 86), (14, 36, 129)]
[(10, 41, 68), (17, 20, 82)]
[(10, 42, 117), (18, 21, 130)]
[(10, 51, 60), (12, 34, 75)]
[(10, 52, 85), (13, 34, 100)]
[(10, 52, 112), (16, 28, 130)]
[(10, 53, 87), (15, 29, 106)]
[(10, 60, 117), (12, 45, 130)]
[(10, 63, 102), (15, 34, 126)]
[(10, 64, 104), (16, 32, 130)]
[(10, 65, 102), (17, 30, 130)]
[(10, 68, 87), (15, 34, 116)]
[(10, 68, 112), (16, 34, 140)]
[(10, 76, 91), (19, 28, 130)]
[(10, 78, 90), (18, 30, 130)]
[(10, 78, 108), (12, 54, 130)]
[(10, 84, 104), (12, 56, 130)]
[(10, 84, 116), (12, 58, 140)]
[(10, 86, 91), (14, 43, 130)]
[(10, 87, 108), (12, 58, 135)]
[(10, 90, 102), (18, 34, 150)]
[(11, 40, 84), (12, 35, 88)]
[(11, 42, 60), (12, 35, 66)]
[(11, 49, 110), (14, 35, 121)]
[(11, 60, 112), (16, 35, 132)]
[(11, 63, 75), (15, 35, 99)]
[(11, 65, 119), (17, 35, 143)]
[(11, 84, 90), (18, 35, 132)]
[(11, 91, 95), (19, 35, 143)]
[(12, 39, 50), (15, 26, 60)]
[(12, 42, 45), (18, 21, 60)]
[(12, 44, 70), (20, 22, 84)]
[(12, 54, 90), (18, 30, 108)]
[(12, 54, 112), (16, 36, 126)]
[(12, 56, 64), (16, 32, 84)]
[(12, 60, 63), (15, 36, 84)]
[(12, 63, 90), (15, 42, 108)]
[(12, 66, 81), (18, 33, 108)]
[(12, 66, 108), (18, 36, 132)]
[(12, 66, 112), (16, 42, 132)]
[(12, 78, 85), (13, 60, 102)]
[(12, 84, 110), (14, 60, 132)]
[(12, 86, 105), (14, 60, 129)]
[(12, 88, 90), (18, 40, 132)]
[(12, 90, 92), (20, 36, 138)]
[(12, 100, 111), (15, 60, 148)]
[(13, 45, 111), (15, 37, 117)]
[(13, 50, 68), (20, 26, 85)]
[(13, 63, 114), (18, 39, 133)]
[(13, 76, 98), (26, 28, 133)]
[(13, 76, 112), (16, 52, 133)]
[(13, 110, 119), (14, 85, 143)]
[(14, 43, 76), (19, 28, 86)]
[(14, 44, 100), (20, 28, 110)]
[(14, 45, 99), (21, 27, 110)]
[(14, 54, 114), (18, 38, 126)]
[(14, 55, 93), (21, 31, 110)]
[(14, 57, 90), (18, 38, 105)]
[(14, 66, 90), (18, 42, 110)]
[(14, 67, 114), (19, 42, 134)]
[(14, 68, 95), (20, 38, 119)]
[(14, 69, 114), (21, 38, 138)]
[(14, 76, 93), (21, 38, 124)]
[(14, 80, 88), (16, 56, 110)]
[(14, 92, 95), (23, 38, 140)]
[(15, 42, 54), (18, 30, 63)]
[(15, 45, 49), (21, 25, 63)]
[(15, 45, 126), (21, 30, 135)]
[(15, 51, 65), (17, 39, 75)]
[(15, 52, 90), (18, 39, 100)]
[(15, 57, 91), (19, 39, 105)]
[(15, 58, 68), (20, 34, 87)]
[(15, 63, 117), (21, 39, 135)]
[(15, 68, 78), (20, 39, 102)]
[(15, 69, 91), (21, 39, 115)]
[(15, 74, 78), (26, 30, 111)]
[(15, 74, 90), (18, 50, 111)]
[(15, 81, 99), (27, 33, 135)]
[(15, 81, 114), (18, 57, 135)]
[(15, 90, 108), (18, 60, 135)]
[(15, 90, 126), (18, 63, 150)]
[(15, 108, 112), (16, 84, 135)]
[(15, 112, 116), (16, 87, 140)]
[(16, 42, 108), (18, 36, 112)]
[(16, 44, 80), (20, 32, 88)]
[(16, 44, 105), (20, 33, 112)]
[(16, 49, 100), (25, 28, 112)]
[(16, 52, 98), (26, 28, 112)]
[(16, 70, 88), (22, 40, 112)]
[(16, 70, 92), (20, 46, 112)]
[(16, 76, 91), (19, 52, 112)]
[(16, 80, 102), (30, 32, 136)]
[(16, 84, 90), (18, 60, 112)]
[(17, 78, 90), (18, 65, 102)]
[(17, 91, 95), (19, 65, 119)]
[(18, 44, 60), (20, 36, 66)]
[(18, 45, 84), (21, 36, 90)]
[(18, 46, 132), (22, 36, 138)]
[(18, 50, 78), (26, 30, 90)]
[(18, 54, 75), (27, 30, 90)]
[(18, 57, 99), (27, 33, 114)]
[(18, 66, 70), (22, 42, 90)]
[(18, 68, 75), (20, 51, 90)]
[(18, 69, 70), (21, 46, 90)]
[(18, 69, 95), (23, 45, 114)]
[(18, 69, 126), (21, 54, 138)]
[(18, 75, 126), (27, 42, 150)]
[(18, 76, 84), (28, 36, 114)]
[(18, 78, 98), (26, 42, 126)]
[(18, 84, 99), (27, 42, 132)]
[(18, 92, 99), (27, 44, 138)]
[(18, 114, 115), (19, 90, 138)]
[(19, 46, 110), (22, 38, 115)]
[(19, 69, 105), (21, 57, 115)]
[(19, 92, 100), (20, 76, 115)]
[(20, 46, 88), (22, 40, 92)]
[(20, 51, 54), (27, 30, 68)]
[(20, 56, 128), (32, 32, 140)]
[(20, 58, 102), (30, 34, 116)]
[(20, 60, 121), (25, 44, 132)]
[(20, 60, 126), (30, 36, 140)]
[(20, 69, 84), (21, 60, 92)]
[(20, 70, 132), (22, 60, 140)]
[(20, 77, 100), (28, 44, 125)]
[(20, 77, 116), (29, 44, 140)]
[(20, 78, 87), (30, 39, 116)]
[(20, 80, 112), (32, 40, 140)]
[(20, 84, 108), (36, 36, 140)]
[(20, 88, 102), (30, 44, 136)]
[(20, 88, 105), (33, 40, 140)]
[(20, 92, 119), (23, 68, 140)]
[(20, 98, 100), (28, 50, 140)]
[(20, 98, 104), (26, 56, 140)]
[(21, 46, 66), (22, 42, 69)]
[(21, 47, 138), (23, 42, 141)]
[(21, 52, 108), (28, 36, 117)]
[(21, 62, 76), (28, 38, 93)]
[(21, 75, 81), (27, 45, 105)]
[(21, 75, 126), (30, 45, 147)]
[(21, 76, 90), (28, 45, 114)]
[(21, 78, 90), (30, 42, 117)]
[(21, 94, 132), (22, 84, 141)]
[(21, 99, 105), (33, 45, 147)]
[(22, 47, 92), (23, 44, 94)]
[(22, 59, 105), (33, 35, 118)]
[(22, 71, 138), (23, 66, 142)]
[(22, 92, 105), (33, 46, 140)]
[(23, 70, 76), (28, 46, 95)]
[(23, 70, 102), (30, 46, 119)]
[(23, 99, 117), (27, 69, 143)]
[(25, 52, 98), (26, 49, 100)]
[(25, 54, 147), (27, 49, 150)]
[(25, 58, 136), (34, 40, 145)]
[(25, 63, 126), (30, 49, 135)]
[(25, 77, 105), (33, 49, 125)]
[(25, 78, 146), (26, 73, 150)]
[(25, 84, 126), (36, 49, 150)]
[(25, 87, 117), (39, 45, 145)]
[(25, 87, 126), (30, 63, 145)]
[(25, 88, 88), (40, 40, 121)]
[(25, 88, 116), (40, 44, 145)]
[(25, 99, 99), (27, 75, 121)]
[(25, 102, 116), (30, 68, 145)]
[(26, 54, 75), (27, 50, 78)]
[(26, 56, 100), (28, 50, 104)]
[(26, 58, 125), (29, 50, 130)]
[(26, 61, 111), (37, 39, 122)]
[(26, 63, 84), (36, 39, 98)]
[(26, 80, 80), (32, 50, 104)]
[(26, 95, 110), (38, 50, 143)]
[(26, 100, 111), (39, 50, 148)]
[(27, 55, 93), (31, 45, 99)]
[(27, 60, 60), (36, 36, 75)]
[(27, 60, 88), (36, 40, 99)]
[(27, 60, 102), (30, 51, 108)]
[(27, 66, 84), (36, 42, 99)]
[(27, 77, 87), (29, 63, 99)]
[(27, 82, 102), (34, 54, 123)]
[(27, 84, 100), (28, 75, 108)]
[(27, 84, 102), (36, 51, 126)]
[(27, 84, 126), (36, 54, 147)]
[(27, 85, 111), (37, 51, 135)]
[(27, 87, 125), (29, 75, 135)]
[(27, 105, 126), (30, 81, 147)]
[(28, 57, 66), (33, 42, 76)]
[(28, 60, 78), (30, 52, 84)]
[(28, 60, 90), (36, 42, 100)]
[(28, 62, 114), (38, 42, 124)]
[(28, 64, 104), (32, 52, 112)]
[(28, 68, 130), (34, 52, 140)]
[(28, 78, 108), (36, 52, 126)]
[(28, 80, 80), (32, 56, 100)]
[(28, 90, 93), (42, 45, 124)]
[(28, 95, 102), (30, 76, 119)]
[(28, 104, 111), (39, 56, 148)]
[(28, 108, 111), (36, 63, 148)]
[(28, 116, 125), (29, 100, 140)]
[(29, 68, 106), (34, 53, 116)]
[(29, 105, 121), (33, 77, 145)]
[(30, 63, 117), (39, 45, 126)]
[(30, 66, 81), (33, 54, 90)]
[(30, 66, 140), (42, 44, 150)]
[(30, 68, 88), (40, 44, 102)]
[(30, 70, 138), (42, 46, 150)]
[(30, 74, 85), (37, 50, 102)]
[(30, 75, 136), (40, 51, 150)]
[(30, 78, 135), (39, 54, 150)]
[(30, 81, 84), (36, 54, 105)]
[(30, 84, 108), (36, 60, 126)]
[(30, 84, 135), (36, 63, 150)]
[(30, 87, 130), (39, 58, 150)]
[(30, 88, 108), (40, 54, 132)]
[(30, 90, 98), (42, 50, 126)]
[(30, 90, 126), (42, 54, 150)]
[(30, 90, 132), (36, 66, 150)]
[(30, 99, 105), (33, 75, 126)]
[(30, 100, 117), (45, 52, 150)]
[(30, 102, 130), (34, 78, 150)]
[(30, 105, 114), (42, 57, 150)]
[(30, 105, 132), (33, 84, 150)]
[(30, 110, 114), (38, 66, 150)]
[(30, 110, 129), (33, 86, 150)]
[(31, 76, 110), (38, 55, 124)]
[(31, 88, 100), (40, 55, 124)]
[(32, 80, 112), (40, 56, 128)]
[(32, 88, 105), (33, 80, 112)]
[(33, 70, 92), (44, 46, 105)]
[(33, 84, 90), (36, 66, 105)]
[(33, 84, 114), (42, 57, 132)]
[(33, 86, 114), (38, 66, 129)]
[(33, 92, 114), (44, 57, 138)]
[(33, 95, 117), (45, 57, 143)]
[(33, 108, 108), (36, 81, 132)]
[(33, 119, 130), (34, 105, 143)]
[(34, 65, 123), (41, 51, 130)]
[(34, 75, 117), (45, 51, 130)]
[(34, 78, 87), (39, 58, 102)]
[(34, 88, 116), (44, 58, 136)]
[(35, 92, 118), (46, 59, 140)]
[(36, 63, 78), (39, 54, 84)]
[(36, 63, 104), (39, 56, 108)]
[(36, 66, 126), (42, 54, 132)]
[(36, 68, 99), (44, 51, 108)]
[(36, 69, 70), (45, 46, 84)]
[(36, 75, 88), (40, 60, 99)]
[(36, 84, 90), (42, 60, 108)]
[(36, 88, 90), (40, 66, 108)]
[(36, 93, 100), (45, 60, 124)]
[(36, 93, 110), (45, 62, 132)]
[(36, 99, 102), (51, 54, 132)]
[(36, 110, 114), (38, 90, 132)]
[(37, 98, 114), (42, 74, 133)]
[(37, 100, 122), (50, 61, 148)]
[(37, 100, 136), (40, 85, 148)]
[(38, 66, 105), (42, 57, 110)]
[(38, 67, 129), (43, 57, 134)]
[(38, 88, 100), (40, 76, 110)]
[(38, 90, 93), (45, 62, 114)]
[(39, 74, 100), (50, 52, 111)]
[(39, 90, 126), (42, 78, 135)]
[(39, 99, 119), (51, 63, 143)]
[(39, 100, 108), (52, 60, 135)]
[(39, 100, 126), (52, 63, 150)]
[(40, 66, 84), (42, 60, 88)]
[(40, 68, 132), (44, 60, 136)]
[(40, 80, 98), (50, 56, 112)]
[(40, 85, 122), (50, 61, 136)]
[(40, 94, 119), (47, 70, 136)]
[(40, 102, 108), (54, 60, 136)]
[(40, 102, 117), (45, 78, 136)]
[(40, 114, 119), (42, 95, 136)]
[(40, 116, 121), (44, 88, 145)]
[(41, 75, 117), (45, 65, 123)]
[(42, 69, 135), (45, 63, 138)]
[(42, 76, 104), (52, 56, 114)]
[(42, 84, 121), (49, 66, 132)]
[(42, 92, 132), (44, 84, 138)]
[(42, 94, 95), (47, 70, 114)]
[(42, 99, 102), (51, 66, 126)]
[(42, 99, 126), (54, 66, 147)]
[(42, 99, 140), (44, 90, 147)]
[(42, 115, 117), (45, 91, 138)]
[(42, 115, 129), (43, 105, 138)]
[(43, 92, 110), (44, 86, 115)]
[(43, 105, 117), (45, 91, 129)]
[(44, 69, 90), (45, 66, 92)]
[(44, 70, 138), (46, 66, 140)]
[(44, 90, 126), (54, 66, 140)]
[(44, 98, 125), (50, 77, 140)]
[(44, 102, 108), (54, 68, 132)]
[(44, 104, 119), (56, 68, 143)]
[(44, 105, 114), (57, 66, 140)]
[(45, 78, 108), (54, 60, 117)]
[(45, 84, 104), (56, 60, 117)]
[(45, 92, 126), (54, 69, 140)]
[(45, 94, 126), (54, 70, 141)]
[(45, 94, 138), (46, 90, 141)]
[(46, 71, 141), (47, 69, 142)]
[(46, 90, 126), (54, 70, 138)]
[(46, 91, 100), (52, 70, 115)]
[(46, 105, 114), (57, 70, 138)]
[(49, 75, 146), (50, 73, 147)]
[(49, 87, 135), (63, 63, 145)]
[(50, 78, 148), (52, 74, 150)]
[(50, 84, 84), (60, 60, 98)]
[(50, 102, 147), (51, 98, 150)]
[(50, 108, 111), (60, 74, 135)]
[(50, 111, 126), (63, 74, 150)]
[(50, 126, 126), (54, 98, 150)]
[(51, 78, 100), (52, 75, 102)]
[(51, 82, 116), (58, 68, 123)]
[(51, 84, 140), (60, 68, 147)]
[(51, 95, 105), (57, 75, 119)]
[(51, 105, 133), (57, 85, 147)]
[(51, 126, 126), (54, 102, 147)]
[(52, 95, 132), (60, 76, 143)]
[(52, 106, 125), (53, 100, 130)]
[(52, 111, 126), (63, 78, 148)]
[(54, 84, 104), (56, 78, 108)]
[(54, 87, 130), (58, 78, 135)]
[(54, 98, 111), (63, 74, 126)]
[(54, 105, 108), (60, 81, 126)]
[(54, 105, 114), (57, 90, 126)]
[(54, 105, 135), (63, 81, 150)]
[(56, 116, 130), (58, 104, 140)]
[(57, 84, 100), (60, 76, 105)]
[(57, 86, 124), (62, 76, 129)]
[(57, 90, 108), (60, 81, 114)]
[(60, 88, 128), (64, 80, 132)]
[(60, 90, 99), (66, 75, 108)]
[(60, 102, 140), (68, 84, 150)]
[(60, 110, 124), (62, 100, 132)]
[(60, 126, 135), (63, 108, 150)]
[(63, 90, 132), (66, 84, 135)]
[(63, 99, 125), (75, 77, 135)]
[(63, 102, 116), (68, 87, 126)]
[(63, 115, 117), (69, 91, 135)]
[(66, 92, 136), (68, 88, 138)]
[(66, 115, 134), (67, 110, 138)]
[(66, 125, 126), (77, 90, 150)]
[(68, 100, 133), (76, 85, 140)]
[(69, 94, 140), (70, 92, 141)]
[(69, 114, 124), (76, 93, 138)]
[(74, 100, 147), (75, 98, 148)]
[(75, 119, 133), (85, 95, 147)]
[(75, 126, 132), (84, 99, 150)]
[(78, 115, 140), (91, 92, 150)]
[(78, 119, 132), (84, 102, 143)]
[(84, 110, 129), (86, 105, 132)]
[(84, 116, 135), (87, 108, 140)]
[(85, 114, 126), (90, 102, 133)]
