[(2, 19, 108), (3, 12, 114)]
[(2, 20, 40), (4, 8, 50)]
[(2, 21, 55), (5, 7, 66)]
[(2, 22, 54), (6, 6, 66)]
[(2, 25, 36), (4, 9, 50)]
[(2, 25, 117), (5, 9, 130)]
[(2, 28, 84), (4, 12, 98)]
[(2, 30, 35), (3, 14, 50)]
[(2, 30, 99), (3, 18, 110)]
[(2, 33, 51), (3, 17, 66)]
[(2, 35, 54), (3, 18, 70)]
[(2, 35, 84), (3, 20, 98)]
[(2, 35, 117), (3, 21, 130)]
[(2, 36, 44), (4, 12, 66)]
[(2, 36, 51), (3, 18, 68)]
[(2, 36, 95), (4, 15, 114)]
[(2, 38, 90), (6, 10, 114)]
[(2, 38, 99), (3, 22, 114)]
[(2, 39, 105), (7, 9, 130)]
[(2, 39, 115), (3, 23, 130)]
[(2, 40, 104), (8, 8, 130)]
[(2, 41, 54), (6, 9, 82)]
[(2, 42, 70), (6, 10, 98)]
[(2, 45, 100), (4, 18, 125)]
[(2, 49, 68), (4, 17, 98)]
[(2, 52, 72), (4, 18, 104)]
[(2, 52, 100), (4, 20, 130)]
[(2, 54, 68), (4, 18, 102)]
[(2, 54, 76), (6, 12, 114)]
[(2, 55, 91), (7, 11, 130)]
[(2, 56, 56), (8, 8, 98)]
[(2, 57, 72), (8, 9, 114)]
[(2, 65, 85), (5, 17, 130)]
[(2, 65, 99), (3, 33, 130)]
[(2, 67, 102), (3, 34, 134)]
[(2, 68, 99), (3, 34, 132)]
[(2, 69, 90), (5, 18, 138)]
[(2, 70, 78), (6, 14, 130)]
[(2, 72, 85), (5, 18, 136)]
[(2, 73, 90), (9, 10, 146)]
[(2, 73, 100), (4, 25, 146)]
[(3, 20, 28), (4, 12, 35)]
[(3, 21, 25), (5, 9, 35)]
[(3, 21, 140), (5, 12, 147)]
[(3, 22, 90), (6, 10, 99)]
[(3, 23, 105), (7, 9, 115)]
[(3, 24, 88), (8, 8, 99)]
[(3, 33, 85), (5, 17, 99)]
[(3, 34, 36), (4, 18, 51)]
[(3, 35, 133), (5, 19, 147)]
[(3, 36, 38), (4, 19, 54)]
[(3, 36, 88), (4, 24, 99)]
[(3, 37, 95), (5, 19, 111)]
[(3, 38, 85), (5, 19, 102)]
[(3, 39, 77), (7, 13, 99)]
[(3, 40, 92), (8, 12, 115)]
[(3, 44, 72), (8, 12, 99)]
[(3, 44, 84), (4, 28, 99)]
[(3, 46, 100), (4, 30, 115)]
[(3, 49, 119), (7, 17, 147)]
[(3, 49, 132), (4, 33, 147)]
[(3, 54, 66), (6, 18, 99)]
[(3, 54, 76), (6, 19, 108)]
[(3, 55, 63), (7, 15, 99)]
[(3, 55, 69), (5, 23, 99)]
[(3, 56, 100), (4, 35, 120)]
[(3, 57, 70), (6, 19, 105)]
[(3, 60, 84), (4, 35, 108)]
[(3, 63, 105), (9, 15, 147)]
[(3, 66, 68), (4, 34, 99)]
[(3, 68, 70), (4, 35, 102)]
[(3, 69, 70), (6, 21, 115)]
[(3, 69, 75), (5, 27, 115)]
[(3, 70, 105), (6, 25, 147)]
[(3, 72, 98), (8, 18, 147)]
[(3, 77, 91), (11, 13, 147)]
[(3, 85, 98), (5, 34, 147)]
[(3, 98, 100), (4, 50, 147)]
[(3, 100, 102), (4, 51, 150)]
[(4, 21, 30), (5, 14, 36)]
[(4, 22, 27), (6, 11, 36)]
[(4, 22, 126), (6, 14, 132)]
[(4, 24, 24), (8, 8, 36)]
[(4, 25, 90), (9, 10, 100)]
[(4, 26, 40), (8, 10, 52)]
[(4, 27, 121), (9, 11, 132)]
[(4, 28, 39), (7, 12, 52)]
[(4, 28, 72), (8, 12, 84)]
[(4, 29, 104), (8, 13, 116)]
[(4, 33, 119), (7, 17, 132)]
[(4, 34, 54), (6, 18, 68)]
[(4, 36, 70), (6, 20, 84)]
[(4, 37, 140), (5, 28, 148)]
[(4, 38, 51), (6, 19, 68)]
[(4, 38, 60), (6, 20, 76)]
[(4, 40, 54), (6, 20, 72)]
[(4, 40, 63), (8, 15, 84)]
[(4, 40, 119), (7, 20, 136)]
[(4, 42, 60), (10, 12, 84)]
[(4, 42, 110), (10, 14, 132)]
[(4, 44, 75), (11, 12, 100)]
[(4, 44, 108), (12, 12, 132)]
[(4, 50, 72), (8, 18, 100)]
[(4, 50, 85), (5, 34, 100)]
[(4, 50, 104), (8, 20, 130)]
[(4, 50, 117), (5, 36, 130)]
[(4, 53, 90), (5, 36, 106)]
[(4, 54, 56), (6, 24, 84)]
[(4, 54, 75), (6, 27, 100)]
[(4, 54, 85), (5, 36, 102)]
[(4, 54, 110), (6, 30, 132)]
[(4, 55, 56), (7, 20, 88)]
[(4, 55, 70), (7, 22, 100)]
[(4, 55, 105), (7, 25, 132)]
[(4, 55, 117), (5, 39, 132)]
[(4, 56, 87), (7, 24, 116)]
[(4, 57, 99), (9, 19, 132)]
[(4, 60, 60), (12, 12, 100)]
[(4, 60, 69), (5, 36, 92)]
[(4, 60, 70), (6, 28, 100)]
[(4, 60, 72), (8, 20, 108)]
[(4, 60, 105), (9, 20, 140)]
[(4, 60, 111), (12, 15, 148)]
[(4, 66, 90), (10, 18, 132)]
[(4, 66, 102), (6, 34, 132)]
[(4, 69, 110), (5, 46, 132)]
[(4, 70, 99), (6, 35, 132)]
[(4, 70, 108), (6, 36, 140)]
[(4, 72, 88), (8, 24, 132)]
[(4, 72, 102), (6, 36, 136)]
[(4, 74, 100), (10, 20, 148)]
[(4, 74, 104), (8, 26, 148)]
[(4, 77, 78), (13, 14, 132)]
[(4, 77, 87), (7, 29, 132)]
[(4, 81, 86), (6, 36, 129)]
[(4, 85, 99), (5, 51, 132)]
[(4, 85, 104), (5, 52, 136)]
[(5, 23, 63), (7, 15, 69)]
[(5, 26, 108), (10, 12, 117)]
[(5, 27, 70), (6, 21, 75)]
[(5, 28, 54), (6, 21, 60)]
[(5, 34, 72), (8, 18, 85)]
[(5, 36, 104), (8, 20, 117)]
[(5, 38, 126), (6, 30, 133)]
[(5, 39, 49), (7, 21, 65)]
[(5, 39, 105), (7, 25, 117)]
[(5, 40, 68), (8, 20, 85)]
[(5, 40, 84), (8, 21, 100)]
[(5, 42, 46), (10, 14, 69)]
[(5, 42, 72), (8, 21, 90)]
[(5, 42, 114), (10, 18, 133)]
[(5, 45, 105), (9, 21, 125)]
[(5, 46, 54), (6, 30, 69)]
[(5, 51, 57), (9, 19, 85)]
[(5, 51, 70), (6, 35, 85)]
[(5, 52, 90), (10, 20, 117)]
[(5, 54, 68), (6, 36, 85)]
[(5, 54, 74), (6, 37, 90)]
[(5, 54, 104), (6, 40, 117)]
[(5, 56, 90), (10, 21, 120)]
[(5, 57, 63), (9, 21, 95)]
[(5, 57, 105), (9, 25, 133)]
[(5, 58, 84), (10, 21, 116)]
[(5, 63, 74), (10, 21, 111)]
[(5, 63, 78), (14, 15, 117)]
[(5, 63, 95), (15, 15, 133)]
[(5, 66, 91), (11, 21, 130)]
[(5, 70, 108), (12, 21, 150)]
[(5, 70, 114), (6, 50, 133)]
[(5, 72, 78), (8, 30, 117)]
[(5, 75, 77), (11, 21, 125)]
[(5, 76, 84), (12, 20, 133)]
[(6, 25, 63), (9, 15, 70)]
[(6, 26, 45), (10, 13, 54)]
[(6, 27, 44), (11, 12, 54)]
[(6, 28, 55), (7, 22, 60)]
[(6, 28, 60), (12, 12, 70)]
[(6, 30, 42), (10, 14, 54)]
[(6, 30, 140), (12, 14, 150)]
[(6, 33, 72), (8, 22, 81)]
[(6, 34, 90), (10, 18, 102)]
[(6, 35, 57), (9, 19, 70)]
[(6, 36, 40), (8, 20, 54)]
[(6, 36, 121), (9, 22, 132)]
[(6, 39, 42), (7, 26, 54)]
[(6, 40, 44), (8, 22, 60)]
[(6, 40, 56), (8, 24, 70)]
[(6, 40, 140), (8, 28, 150)]
[(6, 41, 66), (9, 22, 82)]
[(6, 42, 50), (10, 18, 70)]
[(6, 42, 85), (10, 21, 102)]
[(6, 42, 110), (10, 22, 126)]
[(6, 43, 66), (11, 18, 86)]
[(6, 43, 72), (8, 27, 86)]
[(6, 44, 57), (9, 22, 76)]
[(6, 44, 90), (10, 22, 108)]
[(6, 45, 130), (13, 18, 150)]
[(6, 49, 55), (7, 33, 70)]
[(6, 50, 126), (14, 18, 150)]
[(6, 50, 136), (8, 34, 150)]
[(6, 51, 76), (12, 19, 102)]
[(6, 52, 125), (13, 20, 150)]
[(6, 55, 58), (10, 22, 87)]
[(6, 55, 108), (12, 22, 135)]
[(6, 55, 140), (7, 44, 150)]
[(6, 58, 125), (10, 29, 150)]
[(6, 59, 88), (11, 24, 118)]
[(6, 59, 90), (10, 27, 118)]
[(6, 60, 68), (12, 20, 102)]
[(6, 60, 88), (12, 22, 120)]
[(6, 60, 120), (12, 24, 150)]
[(6, 66, 76), (12, 22, 114)]
[(6, 67, 95), (15, 19, 134)]
[(6, 67, 105), (9, 35, 134)]
[(6, 67, 119), (7, 51, 134)]
[(6, 68, 72), (8, 36, 102)]
[(6, 70, 110), (14, 22, 150)]
[(6, 70, 135), (7, 54, 150)]
[(6, 71, 126), (7, 54, 142)]
[(6, 72, 76), (8, 38, 108)]
[(6, 72, 119), (7, 54, 136)]
[(6, 72, 125), (8, 45, 150)]
[(6, 73, 114), (9, 38, 146)]
[(6, 75, 108), (12, 27, 150)]
[(6, 75, 110), (11, 30, 150)]
[(6, 76, 105), (9, 38, 140)]
[(6, 77, 78), (13, 22, 126)]
[(6, 77, 94), (14, 22, 141)]
[(6, 84, 87), (7, 54, 116)]
[(6, 90, 100), (10, 36, 150)]
[(6, 90, 105), (9, 42, 150)]
[(6, 100, 104), (8, 52, 150)]
[(6, 100, 119), (7, 68, 150)]
[(7, 26, 30), (10, 14, 39)]
[(7, 29, 78), (13, 14, 87)]
[(7, 30, 44), (12, 14, 55)]
[(7, 30, 126), (14, 14, 135)]
[(7, 34, 108), (12, 18, 119)]
[(7, 35, 138), (10, 23, 147)]
[(7, 40, 44), (8, 28, 55)]
[(7, 44, 102), (12, 22, 119)]
[(7, 45, 117), (13, 21, 135)]
[(7, 46, 108), (12, 23, 126)]
[(7, 51, 95), (15, 19, 119)]
[(7, 51, 105), (9, 35, 119)]
[(7, 52, 72), (8, 39, 84)]
[(7, 54, 110), (14, 22, 135)]
[(7, 57, 102), (9, 38, 119)]
[(7, 57, 117), (9, 39, 133)]
[(7, 58, 60), (10, 28, 87)]
[(7, 58, 72), (8, 42, 87)]
[(7, 60, 108), (12, 28, 135)]
[(7, 62, 92), (14, 23, 124)]
[(7, 63, 85), (15, 21, 119)]
[(7, 63, 115), (15, 23, 147)]
[(7, 68, 90), (10, 36, 119)]
[(7, 68, 104), (8, 52, 119)]
[(7, 69, 78), (14, 23, 117)]
[(7, 69, 95), (15, 23, 133)]
[(7, 72, 102), (8, 54, 119)]
[(7, 72, 110), (8, 55, 126)]
[(7, 72, 120), (8, 56, 135)]
[(7, 74, 85), (10, 37, 119)]
[(7, 75, 99), (11, 35, 135)]
[(7, 78, 90), (10, 39, 126), (14, 26, 135)]
[(7, 81, 85), (17, 21, 135)]
[(7, 81, 105), (9, 49, 135)]
[(7, 90, 90), (10, 42, 135)]
[(7, 91, 99), (11, 39, 147)]
[(7, 99, 105), (9, 55, 147)]
[(8, 25, 36), (9, 20, 40)]
[(8, 26, 100), (10, 20, 104)]
[(8, 27, 66), (11, 18, 72)]
[(8, 28, 30), (12, 14, 40)]
[(8, 30, 63), (14, 15, 72)]
[(8, 34, 126), (14, 18, 136)]
[(8, 36, 60), (12, 20, 72)]
[(8, 39, 92), (12, 23, 104)]
[(8, 40, 42), (10, 24, 56)]
[(8, 40, 108), (12, 24, 120)]
[(8, 42, 60), (10, 28, 72)]
[(8, 44, 54), (12, 22, 72)]
[(8, 44, 72), (12, 24, 88)]
[(8, 44, 91), (11, 28, 104)]
[(8, 45, 52), (13, 20, 72)]
[(8, 45, 58), (10, 29, 72)]
[(8, 45, 104), (13, 24, 120)]
[(8, 46, 119), (14, 23, 136)]
[(8, 51, 114), (18, 19, 136)]
[(8, 52, 90), (10, 36, 104)]
[(8, 54, 57), (9, 38, 72)]
[(8, 56, 78), (14, 24, 104)]
[(8, 57, 60), (9, 40, 76)]
[(8, 58, 100), (10, 40, 116)]
[(8, 60, 78), (12, 30, 104)]
[(8, 60, 90), (10, 40, 108)]
[(8, 65, 68), (17, 20, 104)]
[(8, 66, 102), (18, 22, 136)]
[(8, 68, 100), (20, 20, 136)]
[(8, 68, 108), (12, 36, 136)]
[(8, 72, 105), (9, 56, 120)]
[(8, 75, 88), (11, 40, 120)]
[(8, 76, 102), (12, 38, 136)]
[(8, 84, 85), (20, 21, 136)]
[(8, 85, 106), (10, 53, 136)]
[(8, 90, 92), (12, 40, 138)]
[(8, 90, 102), (10, 54, 136)]
[(8, 102, 105), (9, 70, 136)]
[(8, 105, 108), (9, 72, 140)]
[(9, 28, 100), (12, 20, 105)]
[(9, 30, 98), (14, 18, 105)]
[(9, 33, 75), (11, 25, 81)]
[(9, 35, 95), (15, 19, 105)]
[(9, 35, 140), (12, 25, 147)]
[(9, 38, 44), (12, 22, 57)]
[(9, 39, 125), (13, 25, 135)]
[(9, 40, 60), (12, 25, 72)]
[(9, 42, 100), (10, 36, 105)]
[(9, 44, 50), (12, 25, 66)]
[(9, 44, 110), (12, 30, 121)]
[(9, 45, 65), (13, 25, 81)]
[(9, 45, 91), (13, 27, 105)]
[(9, 47, 125), (15, 25, 141)]
[(9, 49, 85), (17, 21, 105)]
[(9, 50, 84), (18, 20, 105)]
[(9, 50, 95), (15, 25, 114)]
[(9, 55, 91), (11, 39, 105)]
[(9, 55, 123), (11, 41, 135)]
[(9, 60, 84), (12, 36, 105)]
[(9, 63, 75), (15, 27, 105)]
[(9, 65, 77), (13, 33, 105)]
[(9, 65, 85), (17, 25, 117)]
[(9, 66, 70), (18, 22, 105)]
[(9, 66, 88), (18, 24, 121)]
[(9, 66, 100), (18, 25, 132)]
[(9, 70, 76), (12, 38, 105)]
[(9, 70, 90), (10, 54, 105)]
[(9, 74, 95), (10, 57, 111)]
[(9, 75, 77), (11, 45, 105)]
[(9, 75, 82), (18, 25, 123)]
[(9, 76, 82), (12, 41, 114)]
[(9, 76, 90), (10, 57, 108)]
[(10, 27, 88), (11, 24, 90)]
[(10, 28, 36), (12, 20, 42)]
[(10, 29, 52), (13, 20, 58)]
[(10, 30, 84), (14, 20, 90)]
[(10, 34, 81), (17, 18, 90)]
[(10, 37, 63), (15, 21, 74)]
[(10, 39, 44), (12, 26, 55)]
[(10, 42, 78), (14, 26, 90)]
[(10, 44, 81), (12, 33, 90)]
[(10, 45, 78), (13, 30, 90)]
[(10, 46, 126), (14, 30, 138)]
[(10, 47, 78), (15, 26, 94)]
[(10, 52, 63), (15, 26, 84)]
[(10, 53, 84), (20, 21, 106)]
[(10, 54, 66), (18, 22, 90)]
[(10, 54, 76), (12, 38, 90)]
[(10, 54, 130), (18, 26, 150)]
[(10, 54, 140), (12, 42, 150)]
[(10, 56, 108), (12, 42, 120)]
[(10, 57, 115), (19, 25, 138)]
[(10, 60, 63), (15, 28, 90)]
[(10, 60, 72), (12, 40, 90)]
[(10, 60, 84), (12, 42, 100)]
[(10, 61, 104), (13, 40, 122)]
[(10, 61, 108), (12, 45, 122)]
[(10, 62, 63), (14, 31, 90)]
[(10, 63, 76), (12, 42, 95)]
[(10, 63, 115), (15, 35, 138)]
[(10, 65, 68), (17, 26, 100)]
[(10, 65, 116), (20, 26, 145)]
[(10, 66, 75), (11, 50, 90)]
[(10, 66, 78), (18, 26, 110)]
[(10, 68, 104), (20, 26, 136)]
[(10, 69, 105), (21, 25, 138)]
[(10, 69, 111), (15, 37, 138)]
[(10, 70, 117), (21, 26, 150)]
[(10, 70, 126), (14, 42, 150)]
[(10, 77, 78), (13, 42, 110)]
[(10, 78, 84), (20, 26, 126)]
[(10, 78, 98), (14, 42, 130)]
[(10, 84, 92), (20, 28, 138)]
[(10, 84, 111), (15, 42, 148)]
[(10, 87, 108), (12, 58, 135)]
[(10, 92, 108), (12, 60, 138)]
[(11, 30, 70), (14, 22, 75)]
[(11, 30, 108), (12, 27, 110)]
[(11, 36, 126), (14, 27, 132)]
[(11, 39, 45), (13, 27, 55)]
[(11, 45, 63), (15, 27, 77)]
[(11, 45, 65), (13, 33, 75)]
[(11, 49, 78), (14, 33, 91)]
[(11, 50, 54), (18, 22, 75)]
[(11, 51, 81), (17, 27, 99)]
[(11, 52, 70), (20, 22, 91)]
[(11, 57, 99), (19, 27, 121)]
[(11, 60, 60), (12, 44, 75)]
[(11, 63, 65), (15, 33, 91)]
[(11, 63, 117), (21, 27, 143)]
[(11, 70, 108), (22, 27, 140)]
[(11, 72, 102), (22, 27, 136)]
[(11, 81, 82), (18, 33, 123)]
[(11, 81, 86), (22, 27, 129)]
[(11, 82, 108), (12, 66, 123)]
[(11, 100, 108), (12, 75, 132)]
[(12, 30, 56), (14, 24, 60)]
[(12, 30, 105), (14, 25, 108)]
[(12, 31, 120), (15, 24, 124)]
[(12, 33, 34), (17, 18, 44)]
[(12, 33, 102), (17, 22, 108)]
[(12, 35, 133), (19, 21, 140)]
[(12, 36, 50), (18, 20, 60)]
[(12, 36, 100), (20, 20, 108)]
[(12, 38, 66), (18, 22, 76)]
[(12, 38, 99), (19, 22, 108)]
[(12, 40, 63), (15, 28, 72)]
[(12, 42, 130), (18, 26, 140)]
[(12, 45, 52), (13, 36, 60)]
[(12, 45, 104), (13, 40, 108)]
[(12, 46, 84), (14, 36, 92)]
[(12, 49, 68), (17, 28, 84)]
[(12, 50, 57), (18, 25, 76)]
[(12, 50, 84), (18, 28, 100)]
[(12, 50, 126), (18, 30, 140)]
[(12, 52, 77), (13, 44, 84)]
[(12, 52, 90), (20, 26, 108)]
[(12, 54, 88), (22, 24, 108)]
[(12, 54, 95), (15, 38, 108)]
[(12, 55, 126), (14, 44, 135)]
[(12, 56, 66), (18, 28, 88)]
[(12, 56, 69), (21, 24, 92)]
[(12, 56, 100), (20, 28, 120)]
[(12, 56, 110), (14, 44, 120)]
[(12, 56, 120), (24, 24, 140)]
[(12, 60, 84), (20, 28, 108)]
[(12, 62, 77), (14, 44, 93)]
[(12, 62, 100), (20, 30, 124)]
[(12, 63, 90), (15, 42, 108)]
[(12, 63, 94), (14, 47, 108)]
[(12, 63, 110), (15, 44, 126)]
[(12, 63, 125), (15, 45, 140)]
[(12, 65, 119), (17, 39, 140)]
[(12, 66, 81), (18, 33, 108)]
[(12, 66, 95), (15, 44, 114)]
[(12, 68, 70), (20, 28, 102)]
[(12, 68, 81), (17, 36, 108)]
[(12, 70, 88), (22, 28, 120)]
[(12, 70, 110), (22, 30, 140)]
[(12, 70, 114), (18, 38, 140)]
[(12, 70, 120), (24, 28, 150)]
[(12, 70, 126), (14, 54, 140)]
[(12, 72, 72), (24, 24, 108)]
[(12, 75, 105), (25, 27, 140)]
[(12, 77, 130), (13, 66, 140)]
[(12, 78, 84), (14, 52, 108)]
[(12, 78, 93), (13, 62, 108)]
[(12, 82, 105), (18, 41, 140)]
[(12, 84, 88), (24, 28, 132)]
[(12, 84, 100), (20, 36, 140)]
[(12, 84, 110), (14, 60, 132)]
[(12, 85, 98), (21, 34, 140)]
[(12, 90, 91), (26, 27, 140)]
[(12, 90, 98), (18, 42, 140)]
[(12, 91, 125), (13, 75, 140)]
[(12, 93, 104), (13, 72, 124)]
[(12, 95, 105), (15, 57, 140)]
[(12, 98, 99), (18, 44, 147)]
[(12, 98, 110), (14, 66, 140)]
[(12, 100, 111), (15, 60, 148)]
[(13, 30, 42), (14, 26, 45)]
[(13, 31, 90), (15, 26, 93)]
[(13, 42, 66), (18, 26, 77)]
[(13, 47, 135), (15, 39, 141)]
[(13, 50, 116), (20, 29, 130)]
[(13, 50, 126), (14, 45, 130)]
[(13, 55, 63), (15, 39, 77)]
[(13, 62, 84), (14, 52, 93)]
[(13, 63, 75), (15, 45, 91)]
[(13, 69, 87), (23, 29, 117)]
[(13, 74, 116), (26, 29, 148)]
[(13, 75, 90), (26, 27, 125)]
[(13, 81, 85), (17, 45, 117)]
[(13, 87, 90), (26, 29, 135)]
[(13, 90, 94), (26, 30, 141)]
[(13, 94, 126), (14, 78, 141)]
[(13, 95, 99), (19, 45, 143)]
[(13, 98, 110), (14, 77, 130)]
[(14, 31, 60), (15, 28, 62)]
[(14, 36, 120), (20, 24, 126)]
[(14, 39, 69), (21, 23, 78)]
[(14, 42, 117), (21, 26, 126)]
[(14, 44, 100), (20, 28, 110)]
[(14, 45, 66), (18, 30, 77)]
[(14, 45, 116), (20, 29, 126)]
[(14, 47, 90), (15, 42, 94)]
[(14, 50, 54), (18, 30, 70)]
[(14, 50, 84), (20, 30, 98)]
[(14, 50, 99), (18, 35, 110)]
[(14, 50, 117), (21, 30, 130)]
[(14, 51, 65), (17, 35, 78)]
[(14, 51, 114), (19, 34, 126)]
[(14, 52, 60), (20, 28, 78)]
[(14, 52, 75), (20, 30, 91)]
[(14, 53, 90), (21, 30, 106)]
[(14, 54, 85), (21, 30, 102)]
[(14, 54, 110), (22, 30, 126)]
[(14, 54, 114), (18, 38, 126)]
[(14, 55, 92), (23, 28, 110)]
[(14, 55, 102), (22, 30, 119)]
[(14, 56, 108), (24, 28, 126)]
[(14, 60, 69), (21, 30, 92)]
[(14, 60, 88), (24, 28, 110)]
[(14, 60, 105), (25, 28, 126)]
[(14, 60, 120), (24, 30, 140)]
[(14, 63, 65), (15, 49, 78)]
[(14, 63, 120), (15, 56, 126)]
[(14, 66, 70), (22, 30, 98)]
[(14, 66, 85), (21, 34, 110)]
[(14, 66, 90), (18, 42, 110)]
[(14, 66, 102), (22, 34, 126)]
[(14, 66, 108), (18, 44, 126)]
[(14, 69, 114), (18, 46, 133)]
[(14, 70, 99), (22, 35, 126)]
[(14, 71, 115), (23, 35, 142)]
[(14, 71, 117), (21, 39, 142)]
[(14, 72, 100), (20, 40, 126)]
[(14, 75, 108), (27, 30, 140)]
[(14, 76, 99), (19, 44, 126)]
[(14, 76, 115), (19, 46, 140)]
[(14, 78, 90), (26, 30, 126)]
[(14, 81, 88), (24, 33, 126)]
[(14, 81, 98), (18, 49, 126)]
[(14, 81, 102), (17, 54, 126)]
[(14, 84, 90), (20, 42, 126)]
[(14, 84, 115), (20, 46, 147)]
[(14, 90, 92), (28, 30, 138)]
[(14, 90, 111), (15, 74, 126)]
[(14, 92, 100), (20, 46, 140)]
[(14, 95, 108), (15, 76, 126)]
[(14, 95, 117), (15, 78, 133)]
[(15, 35, 57), (19, 25, 63)]
[(15, 36, 56), (20, 24, 63)]
[(15, 37, 105), (21, 25, 111)]
[(15, 38, 88), (22, 24, 95)]
[(15, 42, 52), (20, 26, 63)]
[(15, 49, 51), (17, 35, 63)]
[(15, 52, 62), (20, 31, 78)]
[(15, 52, 132), (20, 36, 143)]
[(15, 56, 76), (24, 28, 95)]
[(15, 56, 124), (24, 31, 140)]
[(15, 57, 75), (25, 27, 95)]
[(15, 57, 82), (18, 41, 95)]
[(15, 62, 88), (24, 31, 110)]
[(15, 62, 105), (25, 31, 126)]
[(15, 65, 121), (25, 33, 143)]
[(15, 66, 76), (18, 44, 95)]
[(15, 66, 94), (18, 47, 110)]
[(15, 66, 130), (18, 50, 143)]
[(15, 70, 124), (28, 31, 150)]
[(15, 74, 78), (26, 30, 111)]
[(15, 74, 84), (20, 42, 111)]
[(15, 75, 93), (27, 31, 125)]
[(15, 77, 117), (21, 45, 143)]
[(15, 78, 110), (30, 30, 143)]
[(15, 81, 119), (17, 63, 135)]
[(15, 84, 94), (20, 47, 126)]
[(15, 87, 93), (29, 31, 135)]
[(15, 88, 104), (24, 40, 143)]
[(15, 91, 99), (27, 35, 143)]
[(15, 93, 94), (30, 31, 141)]
[(15, 98, 108), (18, 63, 140)]
[(17, 36, 66), (18, 33, 68)]
[(17, 38, 99), (19, 33, 102)]
[(17, 40, 132), (20, 33, 136)]
[(17, 50, 52), (20, 34, 65)]
[(17, 54, 66), (22, 34, 81)]
[(17, 54, 88), (24, 33, 102)]
[(17, 54, 98), (18, 49, 102)]
[(17, 55, 69), (23, 33, 85)]
[(17, 55, 105), (25, 33, 119)]
[(17, 58, 130), (26, 34, 145)]
[(17, 70, 84), (20, 49, 102)]
[(17, 72, 110), (30, 33, 136)]
[(17, 72, 130), (18, 65, 136)]
[(17, 77, 87), (29, 33, 119)]
[(17, 86, 99), (22, 51, 129)]
[(17, 87, 115), (23, 51, 145)]
[(17, 98, 99), (33, 34, 147)]
[(17, 100, 104), (20, 65, 136)]
[(17, 100, 116), (20, 68, 145)]
[(18, 38, 51), (19, 34, 54)]
[(18, 38, 110), (22, 30, 114)]
[(18, 40, 40), (24, 24, 50)]
[(18, 40, 68), (20, 34, 72)]
[(18, 41, 75), (25, 27, 82)]
[(18, 42, 85), (21, 34, 90)]
[(18, 42, 91), (26, 27, 98)]
[(18, 44, 56), (24, 28, 66)]
[(18, 44, 102), (22, 34, 108)]
[(18, 46, 55), (23, 30, 66)]
[(18, 46, 119), (23, 34, 126)]
[(18, 49, 88), (24, 33, 98)]
[(18, 51, 88), (24, 34, 99)]
[(18, 52, 55), (20, 39, 66)]
[(18, 52, 120), (24, 36, 130)]
[(18, 52, 125), (20, 45, 130)]
[(18, 56, 68), (24, 34, 84)]
[(18, 56, 84), (24, 36, 98)]
[(18, 57, 100), (25, 36, 114)]
[(18, 59, 102), (27, 34, 118)]
[(18, 60, 100), (20, 50, 108)]
[(18, 60, 119), (28, 34, 135)]
[(18, 62, 95), (30, 31, 114)]
[(18, 65, 110), (30, 33, 130)]
[(18, 68, 75), (27, 34, 100)]
[(18, 68, 110), (30, 34, 132)]
[(18, 70, 77), (22, 45, 98)]
[(18, 70, 84), (20, 54, 98)]
[(18, 70, 85), (21, 50, 102)]
[(18, 70, 110), (22, 50, 126)]
[(18, 70, 117), (21, 54, 130)]
[(18, 73, 123), (27, 41, 146)]
[(18, 73, 125), (25, 45, 146)]
[(18, 73, 133), (21, 57, 146)]
[(18, 75, 104), (27, 40, 130)]
[(18, 76, 84), (28, 36, 114)]
[(18, 76, 88), (24, 44, 114)]
[(18, 76, 99), (19, 66, 108)]
[(18, 76, 100), (20, 60, 114)]
[(18, 78, 85), (30, 34, 117)]
[(18, 78, 100), (30, 36, 130)]
[(18, 84, 95), (20, 63, 114)]
[(18, 84, 110), (20, 66, 126)]
[(18, 88, 100), (20, 66, 120), (24, 50, 132)]
[(18, 90, 91), (27, 42, 130)]
[(18, 100, 102), (34, 36, 150)]
[(18, 100, 104), (20, 72, 130)]
[(19, 44, 70), (22, 35, 76)]
[(19, 50, 105), (25, 35, 114)]
[(19, 54, 88), (24, 38, 99)]
[(19, 56, 60), (24, 35, 76)]
[(19, 60, 68), (20, 51, 76)]
[(19, 60, 98), (28, 35, 114)]
[(19, 63, 75), (27, 35, 95)]
[(19, 63, 85), (21, 51, 95)]
[(19, 66, 102), (22, 51, 114)]
[(19, 69, 105), (21, 57, 115)]
[(19, 69, 119), (23, 51, 133)]
[(19, 70, 92), (28, 38, 115)]
[(19, 70, 126), (30, 38, 147)]
[(19, 84, 140), (20, 76, 147)]
[(19, 85, 98), (34, 35, 133)]
[(19, 85, 105), (25, 51, 133)]
[(19, 92, 100), (20, 76, 115)]
[(19, 98, 102), (34, 38, 147)]
[(19, 105, 105), (25, 57, 147)]
[(20, 37, 147), (21, 35, 148)]
[(20, 39, 46), (23, 30, 52)]
[(20, 42, 78), (26, 30, 84)]
[(20, 44, 54), (22, 36, 60)]
[(20, 44, 126), (28, 30, 132)]
[(20, 45, 120), (24, 36, 125)]
[(20, 51, 56), (24, 35, 68)]
[(20, 52, 90), (26, 36, 100)]
[(20, 54, 56), (24, 36, 70)]
[(20, 54, 77), (22, 45, 84)]
[(20, 54, 140), (28, 36, 150)]
[(20, 55, 92), (23, 44, 100)]
[(20, 56, 72), (24, 40, 84)]
[(20, 56, 90), (24, 42, 100)]
[(20, 56, 108), (28, 36, 120)]
[(20, 56, 117), (21, 52, 120)]
[(20, 57, 60), (25, 36, 76)]
[(20, 57, 70), (25, 38, 84)]
[(20, 58, 104), (26, 40, 116)]
[(20, 58, 105), (25, 42, 116)]
[(20, 60, 84), (28, 36, 100)]
[(20, 60, 88), (24, 44, 100)]
[(20, 60, 121), (25, 44, 132)]
[(20, 60, 126), (30, 36, 140)]
[(20, 62, 63), (30, 31, 84)]
[(20, 62, 108), (30, 36, 124)]
[(20, 63, 76), (28, 36, 95)]
[(20, 63, 124), (31, 36, 140)]
[(20, 66, 70), (22, 50, 84)]
[(20, 70, 76), (28, 38, 100)]
[(20, 70, 88), (22, 56, 100)]
[(20, 72, 75), (27, 40, 100)]
[(20, 72, 78), (30, 36, 104)]
[(20, 72, 104), (24, 52, 120)]
[(20, 72, 110), (30, 40, 132)]
[(20, 73, 130), (25, 52, 146)]
[(20, 74, 126), (30, 42, 148)]
[(20, 74, 130), (26, 50, 148)]
[(20, 77, 108), (28, 45, 132)]
[(20, 78, 87), (30, 39, 116)]
[(20, 78, 88), (24, 52, 110)]
[(20, 78, 105), (25, 52, 126)]
[(20, 81, 88), (33, 36, 120)]
[(20, 81, 116), (36, 36, 145)]
[(20, 84, 85), (21, 68, 100)]
[(20, 84, 99), (35, 36, 132)]
[(20, 84, 108), (36, 36, 140)]
[(20, 87, 88), (24, 55, 116)]
[(20, 87, 92), (23, 60, 116)]
[(20, 88, 102), (22, 68, 120)]
[(20, 88, 105), (25, 56, 132)]
[(20, 88, 108), (24, 60, 132)]
[(20, 91, 108), (27, 52, 140)]
[(20, 92, 119), (23, 68, 140)]
[(20, 93, 111), (31, 45, 148)]
[(20, 94, 111), (30, 47, 148)]
[(20, 98, 117), (21, 84, 130)]
[(20, 102, 120), (24, 68, 150)]
[(20, 105, 111), (25, 63, 148)]
[(20, 111, 133), (21, 95, 148)]
[(21, 38, 132), (22, 36, 133)]
[(21, 39, 115), (23, 35, 117)]
[(21, 46, 60), (28, 30, 69)]
[(21, 51, 75), (27, 35, 85)]
[(21, 52, 74), (26, 37, 84)]
[(21, 52, 108), (28, 36, 117)]
[(21, 57, 123), (27, 41, 133)]
[(21, 57, 125), (25, 45, 133)]
[(21, 60, 68), (28, 36, 85)]
[(21, 60, 74), (28, 37, 90)]
[(21, 60, 104), (28, 40, 117)]
[(21, 62, 111), (31, 37, 126)]
[(21, 65, 99), (33, 35, 117)]
[(21, 65, 105), (25, 49, 117)]
[(21, 68, 114), (34, 36, 133)]
[(21, 72, 104), (24, 56, 117)]
[(21, 74, 115), (35, 37, 138)]
[(21, 75, 114), (27, 50, 133)]
[(21, 76, 110), (30, 44, 133)]
[(21, 76, 120), (24, 60, 133)]
[(21, 78, 90), (30, 42, 117)]
[(21, 78, 92), (28, 46, 117)]
[(21, 78, 106), (26, 53, 126)]
[(21, 81, 91), (27, 49, 117)]
[(21, 88, 114), (24, 66, 133)]
[(21, 92, 106), (28, 53, 138)]
[(21, 92, 120), (24, 69, 140)]
[(21, 93, 95), (31, 45, 133)]
[(21, 94, 95), (30, 47, 133)]
[(21, 95, 105), (25, 63, 133)]
[(21, 102, 110), (22, 85, 126)]
[(21, 105, 115), (25, 69, 147)]
[(21, 115, 119), (23, 85, 147)]
[(22, 42, 65), (26, 33, 70)]
[(22, 43, 81), (27, 33, 86)]
[(22, 45, 145), (29, 33, 150)]
[(22, 49, 60), (28, 33, 70)]
[(22, 50, 57), (25, 38, 66)]
[(22, 56, 60), (24, 44, 70)]
[(22, 56, 76), (28, 38, 88)]
[(22, 57, 110), (30, 38, 121)]
[(22, 59, 108), (27, 44, 118)]
[(22, 60, 140), (28, 44, 150)]
[(22, 62, 95), (31, 38, 110)]
[(22, 65, 114), (33, 38, 130)]
[(22, 65, 135), (33, 39, 150)]
[(22, 68, 81), (33, 36, 102)]
[(22, 68, 114), (34, 38, 132)]
[(22, 72, 72), (24, 54, 88)]
[(22, 75, 129), (33, 43, 150)]
[(22, 75, 135), (27, 55, 150)]
[(22, 76, 81), (33, 38, 108)]
[(22, 78, 90), (26, 54, 110)]
[(22, 81, 125), (33, 45, 150)]
[(22, 84, 108), (28, 54, 132)]
[(22, 84, 120), (24, 70, 132)]
[(22, 87, 125), (29, 55, 150)]
[(22, 88, 105), (24, 70, 121)]
[(22, 90, 130), (26, 66, 150)]
[(22, 95, 104), (38, 40, 143)]
[(22, 100, 105), (25, 70, 132)]
[(22, 100, 108), (36, 44, 150)]
[(22, 105, 125), (25, 77, 150)]
[(22, 115, 135), (23, 99, 150)]
[(22, 120, 120), (24, 88, 150)]
[(23, 58, 78), (26, 46, 87)]
[(23, 60, 78), (30, 39, 92)]
[(23, 60, 88), (24, 55, 92)]
[(23, 60, 126), (28, 46, 135)]
[(23, 65, 99), (33, 39, 115)]
[(23, 74, 117), (37, 39, 138)]
[(23, 75, 99), (27, 55, 115)]
[(23, 81, 110), (33, 46, 135)]
[(23, 85, 105), (25, 69, 119)]
[(23, 90, 104), (39, 40, 138)]
[(23, 90, 110), (30, 55, 138)]
[(23, 90, 117), (26, 69, 135)]
[(23, 108, 120), (24, 92, 135)]
[(24, 42, 52), (26, 36, 56)]
[(24, 44, 49), (28, 33, 56)]
[(24, 44, 84), (28, 36, 88)]
[(24, 45, 116), (29, 36, 120)]
[(24, 55, 78), (30, 39, 88)]
[(24, 56, 60), (28, 40, 72)]
[(24, 58, 77), (29, 42, 88)]
[(24, 60, 77), (28, 45, 88)]
[(24, 60, 105), (25, 56, 108)]
[(24, 60, 110), (30, 44, 120)]
[(24, 65, 88), (33, 40, 104)]
[(24, 66, 68), (34, 36, 88)]
[(24, 66, 75), (27, 50, 88)]
[(24, 68, 120), (36, 40, 136)]
[(24, 70, 108), (28, 54, 120)]
[(24, 70, 140), (28, 56, 150)]
[(24, 72, 91), (27, 56, 104)]
[(24, 72, 100), (36, 40, 120)]
[(24, 75, 84), (27, 56, 100)]
[(24, 75, 108), (27, 60, 120)]
[(24, 76, 98), (28, 56, 114)]
[(24, 76, 105), (28, 57, 120)]
[(24, 77, 116), (29, 56, 132)]
[(24, 78, 100), (30, 52, 120)]
[(24, 84, 90), (36, 42, 120)]
[(24, 84, 110), (30, 56, 132)]
[(24, 88, 100), (40, 40, 132)]
[(24, 90, 104), (26, 72, 120)]
[(24, 100, 105), (25, 84, 120)]
[(24, 100, 121), (25, 88, 132)]
[(24, 105, 110), (25, 88, 126)]
[(25, 42, 104), (26, 40, 105)]
[(25, 45, 123), (27, 41, 125)]
[(25, 49, 99), (33, 35, 105)]
[(25, 51, 98), (34, 35, 105)]
[(25, 60, 98), (28, 50, 105)]
[(25, 63, 93), (31, 45, 105)]
[(25, 63, 94), (30, 47, 105)]
[(25, 66, 110), (30, 50, 121)]
[(25, 68, 82), (34, 41, 100)]
[(25, 72, 84), (36, 40, 105)]
[(25, 76, 84), (28, 57, 100)]
[(25, 76, 126), (30, 57, 140)]
[(25, 77, 81), (33, 45, 105)]
[(25, 77, 87), (29, 55, 105)]
[(25, 77, 99), (35, 45, 121)]
[(25, 78, 84), (30, 52, 105)]
[(25, 78, 114), (30, 57, 130)]
[(25, 81, 91), (27, 65, 105)]
[(25, 82, 104), (40, 41, 130)]
[(25, 86, 123), (41, 43, 150)]
[(25, 88, 88), (40, 40, 121)]
[(25, 90, 91), (26, 75, 105)]
[(25, 93, 95), (31, 57, 125)]
[(25, 102, 114), (34, 57, 150)]
[(26, 45, 87), (29, 39, 90)]
[(26, 46, 135), (30, 39, 138)]
[(26, 49, 60), (28, 42, 65)]
[(26, 50, 126), (30, 42, 130)]
[(26, 55, 81), (33, 39, 90)]
[(26, 60, 84), (28, 52, 90)]
[(26, 61, 116), (29, 52, 122)]
[(26, 62, 63), (31, 42, 78)]
[(26, 63, 132), (36, 42, 143)]
[(26, 70, 114), (38, 42, 130)]
[(26, 70, 135), (39, 42, 150)]
[(26, 71, 126), (39, 42, 142)]
[(26, 72, 84), (36, 42, 104)]
[(26, 72, 119), (39, 42, 136)]
[(26, 75, 81), (27, 65, 90)]
[(26, 82, 105), (41, 42, 130)]
[(26, 84, 87), (39, 42, 116)]
[(26, 84, 115), (35, 52, 138)]
[(26, 90, 98), (42, 42, 130)]
[(26, 92, 126), (28, 78, 138)]
[(26, 110, 111), (30, 74, 143)]
[(27, 50, 68), (34, 36, 75)]
[(27, 52, 84), (36, 36, 91)]
[(27, 55, 65), (33, 39, 75)]
[(27, 55, 129), (33, 43, 135)]
[(27, 60, 70), (28, 54, 75)]
[(27, 65, 77), (33, 45, 91)]
[(27, 68, 86), (36, 43, 102)]
[(27, 70, 78), (30, 54, 91)]
[(27, 76, 86), (38, 43, 108)]
[(27, 82, 100), (36, 50, 123)]
[(27, 82, 102), (34, 54, 123)]
[(27, 82, 110), (30, 66, 123)]
[(27, 86, 125), (43, 45, 150)]
[(27, 87, 125), (29, 75, 135)]
[(27, 94, 125), (30, 75, 141)]
[(27, 100, 110), (30, 75, 132)]
[(27, 100, 118), (36, 59, 150)]
[(28, 45, 58), (29, 42, 60)]
[(28, 46, 90), (30, 42, 92)]
[(28, 50, 51), (34, 35, 60)]
[(28, 50, 136), (34, 40, 140)]
[(28, 52, 135), (36, 39, 140)]
[(28, 60, 99), (35, 44, 108)]
[(28, 60, 132), (36, 44, 140)]
[(28, 62, 115), (35, 46, 124)]
[(28, 62, 120), (30, 56, 124)]
[(28, 65, 132), (33, 52, 140)]
[(28, 66, 68), (34, 44, 84)]
[(28, 66, 84), (36, 44, 98)]
[(28, 68, 130), (34, 52, 140)]
[(28, 69, 74), (37, 42, 92)]
[(28, 72, 90), (40, 42, 108)]
[(28, 72, 110), (40, 44, 126)]
[(28, 72, 125), (40, 45, 140)]
[(28, 74, 132), (42, 44, 148)]
[(28, 75, 78), (30, 60, 91)]
[(28, 81, 84), (36, 49, 108)]
[(28, 81, 88), (33, 56, 108)]
[(28, 81, 110), (33, 60, 126)]
[(28, 84, 120), (36, 56, 140)]
[(28, 85, 114), (34, 60, 133)]
[(28, 88, 90), (42, 44, 120)]
[(28, 90, 93), (42, 45, 124)]
[(28, 90, 115), (35, 60, 138)]
[(28, 90, 116), (36, 58, 140)]
[(28, 92, 110), (44, 46, 140)]
[(28, 93, 110), (30, 77, 124)]
[(28, 93, 116), (29, 84, 124)]
[(28, 95, 124), (31, 76, 140)]
[(28, 99, 100), (35, 60, 132)]
[(28, 100, 104), (40, 52, 140)]
[(28, 100, 108), (36, 60, 140)]
[(28, 100, 126), (30, 84, 140)]
[(28, 110, 120), (30, 88, 140)]
[(28, 115, 126), (30, 92, 147)]
[(28, 116, 125), (29, 100, 140)]
[(29, 55, 81), (33, 45, 87)]
[(29, 62, 90), (30, 58, 93)]
[(29, 65, 135), (39, 45, 145)]
[(29, 72, 100), (40, 45, 116)]
[(29, 75, 129), (43, 45, 145)]
[(29, 81, 125), (45, 45, 145)]
[(29, 84, 90), (42, 45, 116)]
[(29, 84, 110), (30, 77, 116)]
[(29, 90, 100), (36, 58, 125)]
[(29, 94, 135), (30, 87, 141)]
[(30, 47, 93), (31, 45, 94)]
[(30, 52, 72), (36, 40, 78)]
[(30, 55, 104), (39, 40, 110)]
[(30, 56, 115), (35, 46, 120)]
[(30, 56, 120), (40, 40, 126)]
[(30, 63, 124), (31, 60, 126)]
[(30, 65, 66), (33, 50, 78)]
[(30, 66, 100), (36, 50, 110)]
[(30, 66, 102), (34, 54, 110)]
[(30, 66, 119), (34, 55, 126)]
[(30, 68, 69), (36, 46, 85)]
[(30, 68, 99), (36, 51, 110)]
[(30, 69, 74), (37, 46, 90)]
[(30, 69, 104), (40, 46, 117)]
[(30, 70, 99), (35, 54, 110)]
[(30, 70, 114), (38, 50, 126)]
[(30, 70, 138), (42, 46, 150)]
[(30, 71, 130), (39, 50, 142)]
[(30, 71, 132), (36, 55, 142)]
[(30, 72, 92), (40, 46, 108)]
[(30, 77, 90), (42, 45, 110)]
[(30, 77, 108), (44, 45, 126)]
[(30, 82, 105), (41, 50, 126)]
[(30, 84, 88), (36, 56, 110)]
[(30, 84, 104), (40, 52, 126)]
[(30, 84, 108), (36, 60, 126)]
[(30, 84, 124), (36, 62, 140)]
[(30, 88, 92), (44, 46, 120)]
[(30, 90, 98), (42, 50, 126)]
[(30, 92, 93), (45, 46, 124)]
[(30, 93, 100), (36, 62, 125)]
[(30, 98, 99), (35, 66, 126)]
[(30, 98, 102), (34, 70, 126)]
[(30, 98, 115), (46, 50, 147)]
[(30, 102, 115), (46, 51, 150)]
[(30, 102, 130), (34, 78, 150)]
[(31, 77, 81), (33, 63, 93)]
[(31, 78, 132), (36, 62, 143)]
[(31, 84, 108), (36, 63, 124)]
[(31, 92, 94), (46, 47, 124)]
[(31, 104, 110), (40, 62, 143)]
[(33, 51, 98), (34, 49, 99)]
[(33, 52, 60), (36, 44, 65)]
[(33, 54, 76), (38, 44, 81)]
[(33, 56, 84), (36, 49, 88)]
[(33, 58, 140), (42, 44, 145)]
[(33, 60, 72), (40, 44, 81)]
[(33, 68, 130), (34, 65, 132)]
[(33, 70, 140), (44, 49, 150)]
[(33, 76, 98), (44, 49, 114)]
[(33, 77, 105), (45, 49, 121)]
[(33, 78, 100), (36, 65, 110)]
[(33, 86, 108), (44, 54, 129)]
[(33, 86, 114), (38, 66, 129)]
[(33, 87, 125), (45, 55, 145)]
[(33, 87, 130), (39, 66, 145)]
[(33, 98, 100), (49, 50, 132)]
[(33, 99, 105), (35, 81, 121)]
[(33, 100, 104), (40, 65, 132)]
[(33, 111, 117), (37, 81, 143)]
[(33, 116, 120), (36, 88, 145)]
[(34, 54, 100), (36, 50, 102)]
[(34, 70, 90), (42, 50, 102)]
[(34, 70, 99), (35, 66, 102)]
[(34, 72, 125), (45, 50, 136)]
[(34, 72, 132), (36, 66, 136)]
[(34, 75, 86), (43, 50, 102)]
[(34, 76, 99), (44, 51, 114)]
[(34, 78, 115), (46, 51, 130)]
[(34, 84, 84), (36, 68, 98)]
[(34, 88, 120), (40, 66, 136)]
[(34, 90, 115), (50, 51, 138)]
[(34, 99, 100), (50, 51, 132)]
[(34, 100, 104), (40, 68, 130), (50, 52, 136)]
[(34, 100, 117), (36, 85, 130)]
[(35, 54, 68), (36, 51, 70)]
[(35, 57, 102), (38, 51, 105)]
[(35, 60, 136), (40, 51, 140)]
[(35, 63, 141), (45, 47, 147)]
[(35, 66, 90), (42, 50, 99)]
[(35, 66, 140), (44, 50, 147)]
[(35, 68, 72), (40, 51, 84)]
[(35, 68, 90), (42, 51, 100)]
[(35, 69, 106), (42, 53, 115)]
[(35, 69, 111), (37, 63, 115)]
[(35, 72, 88), (40, 56, 99)]
[(35, 72, 140), (40, 60, 147)]
[(35, 76, 134), (38, 67, 140)]
[(35, 77, 81), (45, 49, 99)]
[(35, 77, 135), (45, 55, 147)]
[(35, 81, 119), (49, 51, 135)]
[(35, 84, 130), (50, 52, 147)]
[(35, 84, 136), (40, 68, 147)]
[(35, 85, 114), (50, 51, 133)]
[(35, 88, 92), (44, 56, 115)]
[(35, 90, 92), (42, 60, 115)]
[(35, 90, 134), (42, 67, 150)]
[(35, 91, 129), (43, 65, 147)]
[(35, 91, 135), (39, 75, 147)]
[(35, 92, 126), (46, 60, 147)]
[(35, 93, 126), (45, 62, 147)]
[(35, 98, 120), (50, 56, 147)]
[(35, 99, 119), (51, 55, 147)]
[(35, 102, 108), (51, 54, 140)]
[(35, 102, 120), (51, 56, 150)]
[(35, 102, 133), (38, 85, 147)]
[(35, 104, 126), (40, 78, 147)]
[(35, 105, 114), (50, 57, 147)]
[(35, 105, 123), (41, 75, 147)]
[(35, 108, 132), (36, 99, 140)]
[(35, 111, 133), (37, 95, 147)]
[(35, 117, 119), (39, 85, 147)]
[(35, 126, 132), (36, 110, 147)]
[(36, 55, 130), (39, 50, 132)]
[(36, 60, 77), (44, 45, 84)]
[(36, 60, 104), (40, 52, 108)]
[(36, 65, 72), (40, 52, 81)]
[(36, 66, 125), (45, 50, 132)]
[(36, 70, 72), (40, 54, 84)]
[(36, 70, 76), (38, 60, 84)]
[(36, 70, 90), (42, 54, 100)]
[(36, 70, 95), (38, 63, 100)]
[(36, 74, 85), (37, 68, 90)]
[(36, 74, 140), (42, 60, 148)]
[(36, 75, 86), (43, 54, 100)]
[(36, 76, 102), (38, 68, 108)]
[(36, 76, 121), (44, 57, 132)]
[(36, 77, 120), (45, 56, 132)]
[(36, 77, 122), (42, 61, 132)]
[(36, 78, 92), (46, 52, 108)]
[(36, 78, 119), (39, 68, 126)]
[(36, 82, 121), (41, 66, 132)]
[(36, 85, 104), (40, 68, 117)]
[(36, 87, 104), (39, 72, 116)]
[(36, 88, 120), (40, 72, 132)]
[(36, 90, 119), (42, 68, 135)]
[(36, 92, 110), (46, 60, 132)]
[(36, 93, 110), (45, 62, 132)]
[(36, 99, 102), (51, 54, 132)]
[(36, 102, 104), (52, 54, 136)]
[(36, 102, 125), (45, 68, 150)]
[(36, 104, 110), (40, 78, 132)]
[(36, 104, 119), (39, 84, 136)]
[(37, 63, 106), (42, 53, 111)]
[(37, 84, 138), (42, 69, 148)]
[(37, 90, 104), (40, 74, 117)]
[(37, 92, 132), (44, 69, 148)]
[(37, 95, 102), (38, 85, 111)]
[(37, 100, 136), (40, 85, 148)]
[(37, 106, 116), (53, 58, 148)]
[(38, 60, 72), (40, 54, 76)]
[(38, 63, 90), (42, 54, 95)]
[(38, 66, 108), (44, 54, 114)]
[(38, 69, 126), (46, 54, 133)]
[(38, 81, 98), (49, 54, 114)]
[(38, 82, 105), (41, 70, 114)]
[(38, 84, 117), (52, 54, 133)]
[(38, 90, 98), (42, 70, 114)]
[(38, 90, 140), (42, 76, 150)]
[(38, 105, 108), (54, 57, 140)]
[(38, 105, 120), (56, 57, 150)]
[(38, 108, 125), (45, 76, 150)]
[(38, 117, 119), (39, 102, 133)]
[(38, 130, 135), (39, 114, 150)]
[(39, 58, 84), (42, 52, 87)]
[(39, 60, 132), (44, 52, 135)]
[(39, 66, 125), (45, 55, 130)]
[(39, 69, 110), (46, 55, 117)]
[(39, 75, 77), (45, 55, 91)]
[(39, 75, 129), (43, 65, 135)]
[(39, 81, 125), (45, 65, 135)]
[(39, 84, 102), (52, 54, 119)]
[(39, 84, 110), (52, 55, 126)]
[(39, 84, 120), (52, 56, 135)]
[(39, 85, 99), (51, 55, 117)]
[(39, 88, 100), (52, 55, 120)]
[(39, 90, 116), (52, 58, 135)]
[(39, 90, 126), (42, 78, 135)]
[(39, 95, 121), (55, 57, 143)]
[(39, 100, 108), (52, 60, 135)]
[(39, 105, 123), (41, 91, 135)]
[(39, 108, 110), (44, 78, 135)]
[(39, 120, 120), (40, 104, 135)]
[(40, 60, 66), (44, 50, 72)]
[(40, 65, 98), (49, 50, 104)]
[(40, 72, 77), (45, 56, 88)]
[(40, 78, 92), (46, 60, 104)]
[(40, 78, 93), (45, 62, 104)]
[(40, 84, 90), (42, 72, 100)]
[(40, 84, 104), (52, 56, 120)]
[(40, 86, 91), (43, 70, 104)]
[(40, 88, 108), (44, 72, 120)]
[(40, 88, 119), (55, 56, 136)]
[(40, 90, 91), (42, 75, 104)]
[(40, 92, 99), (44, 72, 115)]
[(40, 92, 126), (46, 72, 140)]
[(40, 93, 108), (45, 72, 124)]
[(40, 98, 104), (56, 56, 130)]
[(40, 102, 108), (54, 60, 136)]
[(41, 66, 76), (44, 57, 82)]
[(41, 75, 114), (50, 57, 123)]
[(41, 90, 98), (42, 82, 105)]
[(42, 60, 88), (44, 56, 90)]
[(42, 61, 120), (45, 56, 122)]
[(42, 65, 84), (49, 52, 90)]
[(42, 70, 81), (49, 54, 90)]
[(42, 70, 145), (49, 58, 150)]
[(42, 75, 86), (43, 70, 90)]
[(42, 78, 116), (52, 58, 126)]
[(42, 87, 102), (54, 58, 119)]
[(42, 87, 110), (55, 58, 126)]
[(42, 87, 120), (56, 58, 135)]
[(42, 88, 116), (56, 58, 132)]
[(42, 92, 120), (56, 60, 138)]
[(42, 92, 132), (44, 84, 138)]
[(42, 94, 111), (47, 74, 126)]
[(42, 99, 140), (44, 90, 147)]
[(42, 102, 115), (51, 70, 138)]
[(42, 108, 110), (44, 90, 126)]
[(42, 108, 125), (45, 90, 140)]
[(42, 111, 116), (58, 63, 148)]
[(42, 115, 126), (46, 90, 147)]
[(43, 81, 118), (54, 59, 129)]
[(43, 81, 125), (45, 75, 129)]
[(44, 70, 135), (54, 55, 140)]
[(44, 78, 100), (52, 60, 110)]
[(44, 81, 98), (49, 66, 108)]
[(44, 84, 120), (56, 60, 132)]
[(44, 84, 130), (52, 66, 140)]
[(44, 87, 90), (55, 58, 108)]
[(44, 87, 100), (55, 60, 116)]
[(44, 88, 105), (56, 60, 121)]
[(44, 90, 116), (58, 60, 132)]
[(44, 93, 120), (45, 88, 124)]
[(44, 94, 95), (47, 76, 110)]
[(44, 95, 130), (50, 76, 143)]
[(44, 98, 120), (56, 66, 140)]
[(44, 98, 125), (50, 77, 140)]
[(44, 100, 108), (60, 60, 132)]
[(44, 100, 114), (50, 76, 132)]
[(44, 100, 119), (55, 68, 140)]
[(44, 105, 114), (57, 66, 140)]
[(44, 115, 126), (46, 99, 140)]
[(44, 125, 126), (45, 110, 140)]
[(45, 62, 92), (46, 60, 93)]
[(45, 66, 70), (50, 54, 77)]
[(45, 70, 120), (54, 56, 125)]
[(45, 75, 118), (54, 59, 125)]
[(45, 85, 115), (51, 69, 125)]
[(45, 87, 122), (58, 61, 135)]
[(45, 92, 122), (60, 61, 138)]
[(45, 94, 124), (60, 62, 141)]
[(45, 94, 130), (50, 78, 141)]
[(45, 94, 138), (46, 90, 141)]
[(45, 95, 105), (57, 63, 125)]
[(45, 98, 110), (50, 77, 126)]
[(45, 99, 119), (51, 77, 135)]
[(45, 100, 102), (54, 68, 125)]
[(45, 100, 104), (52, 72, 125)]
[(45, 110, 115), (46, 99, 125)]
[(46, 84, 117), (52, 69, 126)]
[(46, 85, 99), (51, 69, 110)]
[(46, 90, 124), (60, 62, 138)]
[(46, 90, 130), (50, 78, 138)]
[(46, 93, 122), (61, 62, 138)]
[(46, 106, 117), (53, 78, 138)]
[(47, 77, 135), (55, 63, 141)]
[(47, 78, 84), (52, 63, 94)]
[(47, 93, 126), (62, 63, 141)]
[(47, 110, 130), (50, 94, 143)]
[(47, 114, 125), (50, 95, 141)]
[(49, 72, 72), (56, 56, 81)]
[(49, 78, 120), (56, 65, 126)]
[(49, 86, 120), (56, 70, 129)]
[(49, 95, 117), (63, 65, 133)]
[(49, 99, 130), (65, 66, 147)]
[(49, 99, 135), (55, 81, 147)]
[(49, 108, 120), (56, 81, 140)]
[(49, 115, 117), (65, 69, 147)]
[(49, 116, 120), (56, 84, 145)]
[(49, 116, 130), (52, 98, 145)]
[(50, 68, 99), (51, 66, 100)]
[(50, 76, 108), (60, 60, 114)]
[(50, 77, 120), (56, 66, 125)]
[(50, 78, 124), (60, 62, 130)]
[(50, 84, 88), (56, 66, 100)]
[(50, 84, 91), (52, 75, 98)]
[(50, 88, 108), (60, 66, 120)]
[(50, 91, 118), (59, 70, 130)]
[(50, 91, 120), (56, 75, 130)]
[(50, 92, 99), (60, 66, 115)]
[(50, 92, 117), (60, 69, 130)]
[(50, 93, 110), (62, 66, 125)]
[(50, 99, 134), (66, 67, 150)]
[(50, 102, 117), (54, 85, 130)]
[(50, 102, 132), (66, 68, 150)]
[(50, 102, 147), (51, 98, 150)]
[(50, 104, 108), (60, 72, 130)]
[(50, 106, 117), (53, 90, 130)]
[(50, 118, 123), (59, 82, 150)]
[(51, 72, 134), (54, 67, 136)]
[(51, 84, 88), (56, 68, 99)]
[(51, 84, 140), (60, 68, 147)]
[(51, 92, 100), (60, 68, 115)]
[(51, 98, 132), (66, 68, 147)]
[(51, 100, 134), (67, 68, 150)]
[(51, 104, 132), (52, 99, 136)]
[(51, 105, 133), (57, 85, 147)]
[(52, 70, 81), (54, 65, 84)]
[(52, 72, 102), (54, 68, 104)]
[(52, 74, 145), (58, 65, 148)]
[(52, 85, 108), (60, 68, 117)]
[(52, 87, 110), (55, 78, 116)]
[(52, 88, 126), (56, 78, 132)]
[(52, 98, 120), (56, 84, 130)]
[(52, 105, 114), (57, 84, 130)]
[(52, 108, 110), (60, 78, 132)]
[(52, 111, 126), (63, 78, 148)]
[(53, 90, 92), (60, 69, 106)]
[(53, 90, 102), (54, 85, 106)]
[(54, 76, 105), (57, 70, 108)]
[(54, 85, 92), (60, 69, 102)]
[(54, 90, 145), (58, 81, 150)]
[(54, 95, 98), (63, 70, 114)]
[(54, 95, 140), (63, 76, 150)]
[(54, 98, 110), (66, 70, 126)]
[(54, 100, 119), (68, 70, 135)]
[(54, 100, 136), (68, 72, 150)]
[(54, 100, 140), (60, 84, 150)]
[(54, 110, 119), (55, 102, 126)]
[(54, 110, 130), (66, 78, 150)]
[(54, 119, 120), (56, 102, 135)]
[(54, 120, 120), (72, 72, 150)]
[(54, 120, 140), (56, 108, 150)]
[(54, 122, 125), (61, 90, 150)]
[(54, 124, 125), (60, 93, 150)]
[(55, 81, 130), (65, 66, 135)]
[(55, 93, 126), (62, 77, 135)]
[(55, 98, 102), (66, 70, 119)]
[(55, 108, 114), (66, 76, 135)]
[(55, 108, 116), (60, 87, 132)]
[(55, 108, 120), (60, 88, 135)]
[(55, 120, 126), (56, 110, 135)]
[(56, 75, 118), (59, 70, 120)]
[(56, 90, 111), (63, 74, 120)]
[(56, 90, 116), (58, 84, 120)]
[(56, 93, 110), (62, 77, 120)]
[(56, 95, 108), (63, 76, 120)]
[(56, 99, 140), (60, 88, 147)]
[(56, 100, 102), (68, 70, 120)]
[(56, 100, 108), (60, 84, 120)]
[(56, 102, 120), (70, 72, 136)]
[(56, 105, 114), (57, 98, 120)]
[(56, 108, 110), (60, 88, 126)]
[(56, 108, 120), (72, 72, 140)]
[(56, 110, 124), (62, 88, 140)]
[(56, 111, 132), (63, 88, 148)]
[(58, 84, 111), (63, 74, 116)]
[(58, 92, 135), (60, 87, 138)]
[(58, 100, 108), (60, 90, 116)]
[(59, 100, 102), (68, 75, 118)]
[(60, 81, 104), (65, 72, 108)]
[(60, 84, 95), (63, 76, 100)]
[(60, 84, 102), (68, 70, 108)]
[(60, 84, 136), (68, 72, 140)]
[(60, 88, 114), (66, 76, 120)]
[(60, 92, 133), (69, 76, 140)]
[(60, 93, 122), (61, 90, 124)]
[(60, 98, 132), (66, 84, 140)]
[(60, 104, 114), (72, 76, 130)]
[(60, 104, 126), (72, 78, 140)]
[(60, 115, 134), (67, 92, 150)]
[(60, 116, 119), (68, 87, 140)]
[(60, 124, 126), (62, 108, 140)]
[(62, 92, 117), (69, 78, 124)]
[(62, 104, 108), (72, 78, 124)]
[(63, 104, 132), (72, 84, 143)]
[(63, 110, 114), (66, 95, 126)]
[(63, 115, 133), (69, 95, 147)]
[(63, 121, 130), (66, 105, 143)]
[(65, 86, 126), (70, 78, 129)]
[(65, 87, 142), (71, 78, 145)]
[(65, 108, 114), (76, 81, 130)]
[(65, 108, 126), (78, 81, 140)]
[(65, 116, 126), (78, 84, 145)]
[(65, 116, 136), (68, 104, 145)]
[(66, 91, 125), (75, 77, 130)]
[(66, 100, 123), (75, 82, 132)]
[(66, 104, 120), (72, 88, 130)]
[(66, 115, 117), (69, 99, 130)]
[(67, 102, 132), (68, 99, 134)]
[(68, 104, 126), (78, 84, 136)]
[(68, 110, 117), (78, 85, 132)]
[(68, 120, 120), (72, 100, 136)]
[(69, 90, 136), (72, 85, 138)]
[(69, 104, 108), (72, 92, 117)]
[(70, 90, 148), (74, 84, 150)]
[(70, 105, 146), (73, 98, 150)]
[(70, 108, 129), (81, 86, 140)]
[(70, 108, 136), (72, 102, 140)]
[(70, 110, 141), (77, 94, 150)]
[(70, 114, 140), (76, 98, 150)]
[(70, 116, 129), (84, 86, 145)]
[(70, 116, 135), (84, 87, 150)]
[(70, 120, 132), (84, 88, 150)]
[(70, 123, 130), (82, 91, 150)]
[(70, 125, 132), (77, 100, 150)]
[(70, 126, 130), (78, 98, 150)]
[(70, 135, 136), (72, 119, 150)]
[(70, 135, 142), (71, 126, 150)]
[(71, 116, 126), (84, 87, 142)]
[(71, 126, 136), (72, 119, 142)]
[(72, 91, 100), (75, 84, 104)]
[(72, 102, 129), (81, 86, 136)]
[(72, 104, 110), (78, 88, 120)]
[(72, 116, 119), (84, 87, 136)]
[(73, 114, 140), (76, 105, 146)]
[(73, 126, 130), (78, 105, 146)]
[(74, 95, 108), (76, 90, 111)]
[(74, 116, 135), (87, 90, 148)]
[(74, 120, 132), (88, 90, 148)]
[(75, 117, 119), (85, 91, 135)]
[(76, 117, 126), (78, 108, 133)]
[(76, 126, 130), (78, 114, 140)]
[(77, 100, 120), (84, 88, 125)]
[(77, 120, 124), (88, 93, 140)]
[(78, 98, 123), (82, 91, 126)]
[(81, 116, 140), (84, 108, 145)]
[(84, 110, 120), (88, 100, 126)]
[(84, 115, 140), (92, 100, 147)]
[(84, 120, 121), (88, 105, 132)]
[(84, 124, 125), (93, 100, 140)]
[(86, 135, 145), (87, 129, 150)]
[(87, 120, 132), (88, 116, 135)]
[(88, 108, 115), (92, 99, 120)]
[(90, 115, 132), (99, 100, 138)]
[(94, 125, 132), (100, 110, 141)]
[(95, 130, 132), (100, 114, 143)]
[(99, 126, 140), (108, 110, 147)]
[(100, 121, 126), (105, 110, 132)]
[(102, 135, 140), (108, 119, 150)]
[(108, 130, 133), (114, 117, 140)]
