5 9 3 3 10
6 6 3 3 8
7 12 3 4 14
8 9 3 4 12
8 30 3 5 32
9 15 3 5 18
9 24 4 4 27
10 12 3 5 16
10 16 4 4 20
10 27 3 6 30
11 18 3 6 22
11 40 4 5 44
11 63 3 7 66
12 12 4 4 18
12 15 3 6 20
12 25 4 5 30
12 28 3 7 32
13 20 4 5 26
13 21 3 7 26
13 48 3 8 52
13 60 4 6 65
13 125 5 5 130
14 18 3 7 24
14 30 3 8 35
14 36 4 6 42
14 50 5 5 56
14 108 3 9 112
15 16 4 5 24
15 24 3 8 30
15 28 4 6 35
15 35 5 5 42
15 45 3 9 50
15 84 4 7 90
16 21 3 8 28
16 24 4 6 32
16 49 4 7 56
16 75 3 10 80
16 105 5 6 112
17 25 5 5 34
17 27 3 9 34
17 45 3 10 51
17 60 5 6 68
17 112 4 8 119
17 165 3 11 170
18 18 3 8 27
18 20 4 6 30
18 24 3 9 32
18 35 3 10 42
18 45 5 6 54
18 64 4 8 72
18 66 3 11 72
18 280 5 7 288
19 28 4 7 38
19 30 3 10 38
19 48 4 8 57
19 105 5 7 114
19 108 3 12 114
19 144 4 9 152
19 162 6 6 171
20 20 5 5 32
20 27 3 10 36
20 33 5 6 44
20 40 4 8 50
20 63 3 12 70
20 70 5 7 80
20 81 4 9 90
20 90 6 6 100
20 234 3 13 240
21 24 4 7 36
21 25 3 10 35
21 30 5 6 42
21 33 3 11 42
21 48 3 12 56
21 55 5 7 66
21 60 4 9 70
21 66 6 6 77
21 91 3 13 98
21 180 4 10 189
21 200 5 8 210
22 30 3 11 40
22 32 4 8 44
22 54 6 6 66
22 100 4 10 110
22 110 5 8 121
22 147 3 14 154
22 231 6 7 242
23 36 3 12 46
23 80 5 8 92
23 84 3 14 92
23 126 6 7 138
23 220 4 11 230
23 315 3 15 322
24 25 5 6 40
24 28 4 8 42
24 33 3 12 44
24 39 4 9 52
24 42 6 6 56
24 60 4 10 72
24 63 3 14 72
24 65 5 8 78
24 91 6 7 104
24 120 3 15 128
24 121 4 11 132
24 180 5 9 192
25 35 5 7 50
25 36 4 9 50
25 39 3 13 50
25 52 4 10 65
25 56 5 8 70
25 81 3 15 90
25 88 4 11 100
25 117 5 9 130
25 192 3 16 200
25 264 4 12 275
25 312 6 8 325
26 36 3 13 48
26 36 6 6 52
26 50 5 8 65
26 63 6 7 78
26 90 5 9 104
26 108 3 16 117
26 144 4 12 156
26 168 6 8 182
26 325 5 10 338
27 28 3 12 42
27 32 4 9 48
27 34 6 6 51
27 42 3 14 54
27 55 3 15 66
27 56 6 7 72
27 75 5 9 90
27 80 3 16 90
27 104 4 12 117
27 120 6 8 135
27 147 7 7 162
27 153 3 17 162
27 175 5 10 189
27 312 4 13 324
28 30 5 7 48
28 39 3 14 52
28 40 4 10 56
28 51 6 7 68
28 55 4 11 70
28 66 3 16 77
28 84 4 12 98
28 96 6 8 112
28 102 3 17 112
28 112 7 7 128
28 125 5 10 140
28 169 4 13 182
28 243 3 18 252
29 40 5 8 58
29 45 3 15 58
29 72 4 12 87
29 100 5 10 116
29 135 3 18 145
29 216 6 9 232
29 275 5 11 290
29 364 4 14 377
30 30 6 6 50
30 35 3 14 50
30 36 4 10 54
30 38 5 8 57
30 42 3 15 56
30 52 3 16 65
30 54 5 9 72
30 64 4 12 80
30 68 3 17 80
30 72 6 8 90
30 85 5 10 102
30 99 3 18 110
30 153 6 9 170
30 176 5 11 192
30 190 3 19 200
30 196 4 14 210
30 238 7 8 255
31 42 6 7 62
31 44 4 11 62
31 48 3 16 62
31 75 5 10 93
31 81 3 18 93
31 140 4 14 155
31 168 7 8 186
31 300 3 20 310
32 35 5 8 56
32 45 3 16 60
32 54 4 12 72
32 60 6 8 80
32 110 5 11 128
32 112 4 14 128
32 133 7 8 152
32 165 3 20 176
32 225 4 15 240
32 255 5 12 272
32 270 6 10 288
33 40 4 11 60
33 45 5 9 66
33 51 3 17 66
33 56 6 8 77
33 63 3 18 77
33 90 6 9 110
33 95 5 11 114
33 112 7 8 132
33 120 3 20 132
33 160 4 15 176
33 180 5 12 198
33 190 6 10 209
33 231 3 21 242
34 48 3 17 64
34 48 4 12 68
34 81 6 9 102
34 84 4 14 102
34 98 7 8 119
34 150 6 10 170
34 252 7 9 272
34 256 4 16 272
34 320 8 8 340
34 363 3 22 374
35 36 6 7 60
35 54 3 18 70
35 55 5 10 77
35 76 4 14 95
35 77 5 11 98
35 84 3 20 98
35 88 7 8 110
35 108 4 15 126
35 117 3 21 130
35 120 5 12 140
35 126 6 10 147
35 189 7 9 210
35 198 3 22 210
35 224 8 8 245
35 247 5 13 266
35 330 6 11 350
36 38 3 16 57
36 40 5 9 64
36 44 4 12 66
36 48 6 8 72
36 51 3 18 68
36 69 6 9 92
36 70 4 14 90
36 75 3 20 90
36 95 4 15 114
36 98 3 21 112
36 105 5 12 126
36 110 6 10 132
36 143 3 22 156
36 144 4 16 162
36 154 7 9 176
36 176 8 8 198
36 231 6 11 252
36 276 3 23 288
36 289 4 17 306
37 49 7 7 74
37 50 5 10 74
37 52 4 13 74
37 57 3 19 74
37 204 4 17 222
37 350 5 14 370
38 54 3 19 72
38 70 7 8 95
38 90 6 10 114
38 99 3 22 114
38 128 8 8 152
38 130 5 13 152
38 138 3 23 152
38 234 3 24 247
38 245 5 14 266
38 324 4 18 342
39 40 4 12 65
39 45 3 18 65
39 48 4 13 72
39 60 3 20 78
39 80 5 12 104
39 88 3 22 104
39 96 4 16 117
39 105 7 9 130
39 115 3 23 130
39 115 5 13 138
39 132 6 11 156
39 136 4 17 156
39 168 3 24 182
39 210 7 10 234
39 228 4 18 247
39 276 6 12 299
39 288 8 9 312
39 325 3 25 338
40 42 6 8 70
40 45 5 10 72
40 56 4 14 80
40 57 3 20 76
40 63 7 8 90
40 69 4 15 92
40 75 5 12 100
40 78 6 10 104
40 88 4 16 110
40 104 5 13 128
40 104 8 8 130
40 119 4 17 140
40 135 3 24 150
40 161 5 14 184
40 175 7 10 200
40 180 4 18 200
40 210 3 25 224
40 216 6 12 240
40 225 8 9 250
40 330 5 15 352
40 361 4 19 380
41 54 6 9 82
41 55 5 11 82
41 63 3 21 82
41 96 8 8 123
41 140 5 14 164
41 180 6 12 205
41 273 3 26 287
42 42 7 7 72
42 52 4 14 78
42 58 7 8 87
42 60 3 21 80
42 70 6 10 98
42 84 7 9 112
42 99 6 11 126
42 102 3 24 119
42 125 5 14 150
42 132 4 18 154
42 135 7 10 162
42 156 6 12 182
42 162 8 9 189
42 195 3 26 210
42 200 5 15 224
42 286 7 11 312
42 325 6 13 350
42 378 3 27 392
43 56 7 8 86
43 60 4 15 86
43 66 3 22 86
43 144 8 9 172
43 156 3 26 172
43 231 7 11 258
43 243 3 27 258
43 280 4 20 301
43 320 5 16 344
43 360 8 10 387
44 49 4 14 77
44 50 5 11 80
44 63 3 22 84
44 80 8 8 110
44 85 4 17 110
44 87 6 11 116
44 105 5 14 132
44 108 4 18 132
44 126 6 12 154
44 150 5 15 176
44 196 7 11 224
44 220 4 20 242
44 250 5 16 275
44 280 8 10 308
44 315 3 28 330
44 324 9 9 352
45 48 3 20 72
45 48 6 9 80
45 56 4 15 84
45 60 5 12 90
45 62 6 10 93
45 69 3 23 90
45 80 3 24 100
45 95 3 25 114
45 98 5 14 126
45 100 4 18 125
45 105 7 10 135
45 116 6 12 145
45 117 3 26 135
45 120 8 9 150
45 135 5 15 162
45 153 3 27 170
45 182 6 13 210
45 184 4 20 207
45 208 5 16 234
45 224 3 28 240
45 232 8 10 261
45 261 9 9 290
45 308 4 21 330
46 60 6 10 92
46 64 4 16 92
46 66 3 23 88
46 108 6 12 138
46 154 7 11 184
46 160 4 20 184
46 180 5 16 207
46 200 8 10 230
46 294 6 14 322
47 72 3 24 94
47 160 5 16 188
47 252 7 12 282
47 255 5 17 282
47 360 3 30 376
48 49 7 8 84
48 55 3 22 80
48 55 5 12 88
48 60 4 16 90
48 68 8 8 102
48 69 3 24 92
48 84 4 18 112
48 91 3 26 112
48 96 6 12 128
48 99 8 9 132
48 108 3 27 128
48 130 4 20 156
48 133 3 28 152
48 145 5 16 174
48 160 8 10 192
48 174 3 29 192
48 175 4 21 200
48 210 6 14 240
48 217 7 12 248
48 255 3 30 272
48 264 4 22 288
48 341 8 11 372
49 63 7 9 98
49 65 5 13 98
49 68 4 17 98
49 75 3 25 98
49 80 5 14 112
49 85 7 10 119
49 120 3 28 140
49 120 4 20 147
49 121 7 11 154
49 156 4 21 182
49 186 6 14 217
49 192 7 12 224
49 220 4 22 245
49 315 5 18 343
49 360 9 10 392
49 368 4 23 392
50 54 6 10 90
50 64 8 8 100
50 72 3 25 96
50 77 5 14 110
50 90 8 9 125
50 96 5 15 128
50 112 4 20 140
50 117 6 13 150
50 124 5 16 155
50 136 8 10 170
50 168 6 14 200
50 170 5 17 200
50 171 3 30 190
50 242 8 11 275
50 261 5 18 290
50 279 6 15 310
50 297 9 10 330
51 64 4 17 96
51 66 6 11 102
51 78 3 26 102
51 84 6 12 119
51 135 9 9 170
51 150 3 30 170
51 154 6 14 187
51 155 5 17 186
51 225 5 18 255
51 240 6 15 272
51 255 9 10 289
51 273 7 13 306
51 288 3 32 306
52 60 5 13 96
52 72 4 18 104
52 75 3 26 100
52 81 6 12 117
52 100 4 20 130
52 105 6 13 140
52 110 5 16 143
52 120 8 10 156
52 135 3 30 156
52 147 7 12 182
52 154 4 22 182
52 207 4 23 234
52 225 9 10 260
52 228 3 32 247
52 238 7 13 272
52 312 4 24 338
53 70 5 14 106
53 81 3 27 106
53 176 8 11 212
53 180 5 18 212
53 184 4 23 212
53 192 3 32 212
53 336 8 12 371
54 56 7 9 96
54 58 3 24 87
54 68 4 18 102
54 76 6 12 114
54 78 3 27 104
54 78 8 9 117
54 100 5 16 135
54 114 9 9 152
54 115 3 30 138
54 126 6 14 162
54 132 4 22 162
54 165 5 18 198
54 168 3 32 189
54 175 6 15 210
54 185 9 10 222
54 220 3 33 240
54 224 4 24 252
54 272 6 16 306
54 288 8 12 324
54 323 3 34 342
54 343 7 14 378
55 60 6 11 100
55 70 7 10 110
55 76 4 19 110
55 84 3 28 110
55 88 4 20 121
55 91 7 11 130
55 96 5 16 132
55 104 8 10 143
55 108 3 30 132
55 119 5 17 154
55 124 4 22 155
55 152 8 11 190
55 153 5 18 187
55 162 6 15 198
55 171 9 10 209
55 189 3 33 210
55 209 5 19 242
55 240 6 16 275
55 255 3 34 275
55 280 4 25 308
55 294 7 14 330
55 320 5 20 352
55 333 9 11 370
56 56 8 8 98
56 65 5 14 104
56 72 6 12 112
56 81 3 28 108
56 85 4 20 119
56 88 7 11 128
56 99 4 21 132
56 100 8 10 140
56 114 6 14 152
56 117 7 12 156
56 138 3 32 161
56 143 8 11 182
56 180 4 24 210
56 190 5 19 224
56 216 6 16 252
56 228 8 12 266
56 259 7 14 296
56 275 5 20 308
56 300 3 35 320
56 357 6 17 392
56 364 4 26 392
57 65 3 26 95
57 72 4 19 108
57 72 8 9 114
57 75 5 15 114
57 87 3 29 114
57 112 7 12 152
57 128 3 32 152
57 135 5 18 171
57 150 9 10 190
57 175 5 19 210
57 187 3 34 209
57 208 8 12 247
57 245 3 35 266
57 306 6 17 342
57 360 3 36 380
58 80 4 20 116
58 84 3 29 112
58 105 6 14 145
58 120 3 32 145
58 135 6 15 174
58 192 8 12 232
58 210 3 35 232
58 250 10 10 290
58 260 4 26 290
58 338 8 13 377
59 90 3 30 118
59 135 9 10 177
59 144 4 24 177
59 153 3 34 177
59 196 7 14 236
59 200 5 20 236
59 315 7 15 354
59 324 4 27 354
59 333 3 37 354
60 60 4 18 100
60 63 7 10 108
60 66 6 12 110
60 70 5 15 112
60 76 4 20 114
60 82 5 16 123
60 87 3 30 116
60 88 8 10 132
60 98 6 14 140
60 99 4 22 135
60 108 3 32 135
60 115 4 23 150
60 117 5 18 156
60 123 6 15 164
60 129 9 10 172
60 136 4 24 170
60 160 6 16 200
60 165 4 25 198
60 168 3 35 192
60 168 8 12 210
60 185 5 20 222
60 198 9 11 240
60 207 3 36 230
60 208 4 26 240
60 210 10 10 252
60 221 6 17 260
60 252 5 21 288
60 279 4 27 310
60 280 7 15 320
60 342 6 18 380
61 77 7 11 122
61 78 6 13 122
61 80 5 16 122
61 84 4 21 122
61 93 3 31 122
61 204 6 17 244
61 324 9 12 366
61 330 5 22 366
62 90 3 31 120
62 110 8 11 155
62 144 6 16 186
62 210 5 21 248
62 270 6 18 310
63 63 3 27 98
63 64 8 9 112
63 68 3 28 102
63 80 3 30 112
63 80 4 21 120
63 90 6 14 135
63 92 7 12 138
63 96 3 32 126
63 105 5 18 147
63 110 6 15 154
63 115 9 10 161
63 117 7 13 162
63 119 3 34 147
63 135 3 35 162
63 144 8 12 189
63 154 7 14 198
63 156 3 36 182
63 165 9 11 210
63 185 3 37 210
63 195 5 21 234
63 204 4 27 238
63 208 8 13 252
63 215 7 15 258
63 228 3 38 252
63 246 6 18 287
63 264 4 28 297
63 264 9 12 308
63 299 3 39 322
63 336 7 16 378
63 344 8 14 387
64 70 4 20 112
64 75 5 16 120
64 80 8 10 128
64 88 4 22 128
64 93 3 32 124
64 114 4 24 152
64 132 6 16 176
64 138 8 12 184
64 147 7 14 192
64 156 4 26 192
64 189 4 27 224
64 195 8 13 240
64 238 4 28 272
64 243 9 12 288
64 275 10 11 320
64 301 7 16 344
64 308 8 14 352
64 319 4 29 352
64 345 3 40 368
65 72 6 13 120
65 81 9 9 130
65 85 5 17 130
65 99 3 33 130
65 99 5 18 143
65 108 9 10 156
65 140 5 20 182
65 148 4 26 185
65 184 8 13 230
65 189 7 15 234
65 220 5 22 260
65 225 3 39 250
65 253 10 11 299
65 280 8 14 325
65 288 3 40 312
65 299 5 23 338
66 70 7 11 120
66 75 3 30 110
66 84 4 22 126
66 84 6 14 132
66 88 3 32 121
66 96 3 33 128
66 98 8 11 147
66 105 9 10 154
66 128 8 12 176
66 144 9 11 192
66 148 3 37 176
66 150 10 10 198
66 153 6 17 198
66 171 3 38 198
66 198 6 18 242
66 205 5 22 246
66 235 10 11 282
66 250 3 40 275
66 252 7 16 297
66 328 3 41 352
66 340 4 30 374
67 84 7 12 134
67 92 4 23 134
67 102 3 34 134
67 220 10 11 268
67 232 4 29 268
67 300 4 30 335
68 70 5 16 119
68 80 5 17 128
68 84 3 32 119
68 99 3 34 132
68 120 8 12 170
68 125 5 20 170
68 130 4 26 170
68 141 6 17 188
68 189 9 12 238
68 224 8 14 272
68 230 5 23 272
68 246 3 41 272
68 270 4 30 306
68 315 3 42 340
68 322 7 17 368
68 330 6 20 374
69 88 4 23 132
69 90 5 18 138
69 105 3 35 138
69 112 6 16 161
69 136 6 17 184
69 144 4 27 184
69 168 4 28 207
69 180 9 12 230
69 215 5 23 258
69 273 3 42 299
69 273 9 13 322
69 280 5 24 322
69 300 6 20 345
69 320 8 15 368
70 72 8 10 126
70 78 6 14 130
70 96 4 24 140
70 102 3 35 136
70 119 7 14 170
70 130 10 10 182
70 138 5 21 184
70 150 7 15 200
70 160 4 28 200
70 162 6 18 210
70 165 5 22 210
70 174 3 40 203
70 187 10 11 238
70 196 7 16 245
70 200 8 14 250
70 228 4 30 266
70 243 3 42 270
70 258 5 24 301
70 272 7 17 320
70 276 6 20 322
70 294 8 15 343
70 300 10 12 350
70 350 5 25 392
71 88 8 11 142
71 90 6 15 142
71 108 3 36 142
71 240 5 24 284
72 72 9 9 128
72 77 7 12 132
72 78 3 32 117
72 85 5 18 136
72 92 4 24 138
72 104 6 16 156
72 105 3 36 140
72 108 8 12 162
72 129 4 27 172
72 140 7 15 192
72 147 4 28 189
72 150 6 18 200
72 155 3 40 186
72 159 9 12 212
72 182 8 14 234
72 200 4 30 240
72 203 3 42 232
72 225 5 24 270
72 238 7 17 288
72 240 6 20 288
72 255 8 15 306
72 260 10 12 312
72 297 3 44 324
72 304 4 32 342
72 329 6 21 376
72 343 7 18 392
73 90 9 10 146
73 91 7 13 146
73 95 5 19 146
73 100 4 25 146
73 111 3 37 146
73 165 10 11 219
73 189 3 42 219
73 240 8 15 292
73 264 3 44 292
73 315 7 18 365
74 108 3 37 144
74 130 8 13 185
74 168 8 14 222
74 171 6 19 222
74 180 4 30 222
74 242 11 11 296
74 250 5 25 296
74 256 4 32 296
74 325 5 26 370
75 81 5 18 135
75 84 6 15 140
75 85 3 34 125
75 87 9 10 145
75 91 3 35 130
75 96 4 25 144
75 104 5 20 156
75 114 3 38 150
75 114 10 10 171
75 119 5 21 170
75 136 3 40 170
75 144 9 12 200
75 154 10 11 210
75 161 5 23 210
75 168 3 42 200
75 172 4 30 215
75 192 5 24 240
75 195 9 13 250
75 204 6 20 255
75 216 8 15 270
75 220 3 44 250
75 220 10 12 275
75 235 5 25 282
75 261 3 45 290
75 273 7 18 325
75 299 5 26 345
75 322 3 46 350
76 90 5 19 144
76 96 6 16 152
76 104 4 26 152
76 111 3 38 148
76 145 4 29 190
76 154 7 16 209
76 159 6 19 212
76 165 4 30 209
76 195 6 20 247
76 210 10 12 266
76 224 4 32 266
76 288 8 16 342
76 325 10 13 380
76 330 6 22 380
76 340 4 34 380
77 80 8 11 140
77 100 5 20 154
77 117 3 39 154
77 130 5 22 182
77 145 10 11 203
77 152 8 14 209
77 153 3 42 187
77 187 7 17 242
77 192 3 44 224
77 209 11 11 266
77 234 6 21 286
77 243 7 18 297
77 252 4 33 294
77 252 9 14 308
77 260 5 26 308
77 306 6 22 357
77 336 11 12 392
78 84 7 13 144
78 96 8 12 156
78 100 4 26 150
78 114 3 39 152
78 118 8 13 177
78 126 6 18 182
78 147 3 42 182
78 170 5 24 221
78 174 9 13 232
78 180 6 20 234
78 190 8 15 247
78 231 7 18 286
78 245 5 26 294
78 256 8 16 312
78 282 3 47 312
78 285 10 13 342
78 286 6 22 338
78 348 3 48 377
79 98 7 14 158
79 108 4 27 158
79 120 3 40 158
79 192 4 32 237
80 81 4 24 135
80 81 9 10 144
80 84 3 35 128
80 90 6 16 150
80 93 8 12 155
80 95 5 20 152
80 117 3 40 156
80 121 5 22 176
80 138 5 23 192
80 140 8 14 200
80 144 4 30 192
80 159 5 24 212
80 165 3 44 200
80 168 6 20 224
80 177 8 15 236
80 180 10 12 240
80 184 4 32 230
80 207 3 46 240
80 221 5 26 272
80 232 8 16 290
80 270 5 27 320
80 279 3 48 310
80 301 4 35 344
80 323 8 17 380
80 343 5 28 392
81 88 3 36 132
81 99 9 11 162
81 102 6 17 162
81 104 4 27 156
81 105 5 21 162
81 118 6 18 177
81 123 3 41 162
81 124 9 12 186
81 133 3 42 171
81 140 4 30 189
81 175 3 45 210
81 196 6 21 252
81 203 7 18 261
81 210 9 14 270
81 242 6 22 297
81 255 5 27 306
81 256 3 48 288
81 264 11 12 324
81 280 4 35 324
81 295 9 15 354
81 344 4 36 387
82 100 10 10 164
82 112 4 28 164
82 120 3 41 160
82 150 5 24 205
82 189 6 21 246
82 231 6 22 287
83 126 3 42 166
83 189 7 18 249
83 195 5 26 249
83 272 8 17 332
83 276 6 23 332
83 280 5 28 332
83 300 3 50 332
84 88 8 12 154
84 91 4 26 147
84 91 7 14 156
84 95 3 38 140
84 99 4 27 154
84 100 5 21 160
84 108 4 28 162
84 117 9 12 182
84 123 3 42 164
84 126 7 16 189
84 128 8 14 192
84 130 4 30 182
84 143 3 44 182
84 150 6 20 210
84 160 4 32 210
84 160 10 12 224
84 177 6 21 236
84 183 7 18 244
84 188 3 47 224
84 189 9 14 252
84 204 4 34 252
84 210 3 48 245
84 228 7 19 288
84 231 11 12 294
84 235 4 35 282
84 238 3 49 272
84 265 5 28 318
84 275 3 50 308
84 276 4 36 322
84 295 7 20 354
84 310 10 14 372
84 333 4 37 378
84 336 6 24 392
85 96 6 17 160
85 104 8 13 170
85 105 7 15 170
85 110 5 22 170
85 116 4 29 170
85 121 10 11 187
85 129 3 43 170
85 147 7 17 210
85 156 10 12 221
85 182 5 26 238
85 192 8 16 255
85 196 4 34 245
85 208 10 13 272
85 224 4 35 272
85 243 9 15 306
85 248 8 17 310
85 252 5 28 306
85 255 3 50 289
85 280 7 20 340
85 294 10 14 357
85 297 3 51 330
86 108 6 18 172
86 126 3 43 168
86 150 8 15 215
86 198 6 22 258
86 238 8 17 301
86 280 10 14 344
86 290 5 29 344
86 324 9 16 387
87 112 4 29 168
87 132 3 44 174
87 140 6 20 203
87 168 7 18 232
87 195 10 13 261
87 225 3 50 261
87 225 9 15 290
87 230 6 23 290
87 255 3 51 290
87 275 5 29 330
87 312 12 12 377
88 90 9 11 160
88 105 5 22 168
88 115 10 11 184
88 119 8 14 187
88 120 4 30 176
88 129 3 44 172
88 144 4 32 198
88 159 4 33 212
88 176 8 16 242
88 186 6 22 248
88 201 11 12 268
88 221 8 17 286
88 225 4 36 275
88 245 7 20 308
88 259 4 37 308
88 270 6 24 330
88 273 3 52 308
88 286 11 13 352
88 288 8 18 352
88 297 12 12 363
88 304 4 38 352
88 318 3 53 352
89 108 9 12 178
89 115 5 23 178
89 135 3 45 178
89 216 4 36 267
89 300 5 30 356
90 90 10 10 162
90 98 3 40 147
90 98 7 15 168
90 102 6 18 170
90 116 4 30 174
90 126 5 24 189
90 130 9 13 200
90 132 3 45 176
90 132 6 20 198
90 138 8 15 207
90 140 10 12 210
90 161 9 14 230
90 164 3 48 205
90 176 6 22 240
90 180 5 27 240
90 195 3 50 234
90 204 9 15 272
90 207 6 23 270
90 208 4 36 260
90 238 10 14 306
90 248 6 24 310
90 264 8 18 330
90 268 9 16 335
90 272 12 12 340
90 285 5 30 342
90 305 6 25 366
90 315 3 54 350
91 96 8 13 168
91 108 3 42 156
91 110 10 11 182
91 112 7 16 182
91 114 6 19 182
91 124 4 31 182
91 138 3 46 182
91 153 7 18 221
91 155 5 26 217
91 175 10 13 245
91 180 4 35 234
91 200 5 28 260
91 220 7 20 286
91 228 3 52 266
91 230 10 14 299
91 253 11 13 322
91 273 7 21 338
91 300 4 39 350
92 110 5 23 176
92 112 8 14 184
92 135 3 46 180
92 135 10 12 207
92 160 8 16 230
92 175 4 35 230
92 195 6 23 260
92 247 4 38 299
92 252 12 12 322
92 310 5 31 368
93 105 3 42 155
93 120 4 31 180
93 120 5 24 186
93 141 3 47 186
93 147 7 18 217
93 175 3 50 217
93 176 11 12 248
93 208 3 52 248
93 240 9 16 310
93 250 5 30 310
93 295 5 31 354
93 304 8 19 372
93 336 3 56 372
94 128 4 32 188
94 138 3 47 184
94 210 10 14 282
94 216 6 24 282
94 228 4 38 282
94 243 3 54 282
94 306 9 17 376
94 312 6 26 376
95 108 4 30 171
95 108 6 19 180
95 143 5 26 209
95 144 3 48 190
95 165 3 50 209
95 196 7 20 266
95 203 5 29 266
95 220 4 38 275
95 270 10 15 342
95 280 8 19 350
95 308 11 14 380
95 320 5 32 380
95 328 4 41 380
95 333 3 57 370
96 99 9 12 176
96 105 7 16 180
96 115 5 24 184
96 120 6 20 192
96 124 4 32 186
96 125 8 15 200
96 141 3 48 188
96 148 8 16 222
96 154 6 22 224
96 165 11 12 240
96 174 4 36 232
96 175 5 28 240
96 204 6 24 272
96 216 8 18 288
96 219 9 16 292
96 222 12 12 296
96 225 5 30 288
96 270 4 40 324
96 273 3 56 312
96 286 6 26 352
96 305 5 32 366
97 117 9 13 194
97 119 7 17 194
97 125 5 25 194
97 132 4 33 194
97 147 3 49 194
97 216 12 12 291
98 99 3 42 154
98 104 8 14 182
98 135 7 18 210
98 144 3 49 192
98 170 8 17 245
98 190 10 14 266
98 216 7 21 288
98 225 6 25 294
98 246 3 56 287
98 275 11 14 350
98 280 5 32 343
98 320 8 20 392
98 322 7 23 392
98 324 4 42 378
98 330 5 33 392
98 354 3 59 392
99 100 10 11 180
99 108 3 44 162
99 120 8 15 198
99 128 4 33 192
99 133 7 18 209
99 146 6 22 219
99 150 3 50 198
99 156 11 12 234
99 165 9 15 242
99 198 3 54 242
99 200 8 18 275
99 215 3 55 258
99 240 4 40 297
99 252 7 22 324
99 255 9 17 330
99 266 11 14 342
99 290 3 58 330
99 306 6 27 374
99 308 4 42 363
99 315 5 33 378
100 102 4 30 170
100 114 6 20 190
100 120 5 25 192
100 120 10 12 200
100 136 4 34 200
100 147 3 50 196
100 147 4 35 210
100 161 5 28 230
100 162 9 15 240
100 175 7 20 250
100 182 10 14 260
100 190 4 38 250
100 198 9 16 275
100 201 5 30 268
100 213 6 25 284
100 231 10 15 308
100 232 4 40 290
100 260 5 32 325
100 273 12 13 350
100 294 4 42 350
100 296 8 20 370
100 304 10 16 380
100 351 3 60 390
101 121 11 11 202
101 126 6 21 202
101 130 5 26 202
101 153 3 51 202
101 225 10 15 303
101 261 3 58 303
102 112 7 17 192
102 115 3 46 170
102 132 4 34 198
102 150 3 51 200
102 158 8 17 237
102 175 10 14 255
102 192 12 12 272
102 196 7 21 272
102 210 3 56 255
102 228 3 57 272
102 231 7 22 306
102 234 6 26 306
102 234 9 17 312
102 297 9 18 374
102 325 5 34 390
103 126 7 18 206
103 140 4 35 206
103 156 3 52 206
104 105 5 24 182
104 108 9 13 192
104 112 4 32 182
104 125 5 26 200
104 153 3 52 204
104 153 8 17 234
104 171 6 24 247
104 180 8 18 260
104 189 4 39 252
104 222 6 26 296
104 230 5 32 299
104 231 11 14 312
104 243 12 13 324
104 252 4 42 312
104 260 8 20 338
104 315 7 24 390
104 319 4 44 377
105 108 6 20 189
105 112 8 15 196
105 120 6 21 200
105 123 7 18 205
105 126 9 14 210
105 135 3 50 189
105 135 5 27 210
105 136 4 35 204
105 148 5 28 222
105 159 3 53 210
105 160 7 20 240
105 166 10 14 249
105 168 6 24 245
105 180 5 30 252
105 190 6 25 266
105 192 3 56 240
105 205 10 15 287
105 224 5 32 294
105 244 4 42 305
105 253 5 33 322
105 253 7 23 330
105 264 3 60 308
105 270 9 18 350
105 289 5 34 357
105 292 6 28 365
105 297 11 15 378
105 304 7 24 380
105 312 8 21 390
106 128 8 16 212
106 132 6 22 212
106 144 4 36 212
106 156 3 53 208
106 243 6 27 318
106 294 7 24 371
107 162 3 54 214
107 240 8 20 321
108 110 10 12 198
108 118 3 48 177
108 119 7 18 204
108 130 5 27 208
108 136 3 51 192
108 140 4 36 210
108 143 3 52 198
108 159 3 54 212
108 160 6 24 240
108 168 8 18 252
108 170 9 16 255
108 172 12 12 258
108 190 3 57 240
108 203 3 58 252
108 204 9 17 288
108 205 4 41 270
108 221 12 13 306
108 224 4 42 288
108 231 6 27 308
108 235 3 60 282
108 240 10 16 324
108 249 9 18 332
108 266 6 28 342
108 279 3 62 324
108 294 12 14 378
108 305 4 45 366
108 308 3 63 352
108 344 3 64 387
109 130 10 13 218
109 133 7 19 218
109 140 5 28 218
109 148 4 37 218
109 165 3 55 218
109 243 9 18 327
109 255 5 34 327
109 264 4 44 327
110 110 11 11 200
110 117 5 26 198
110 126 6 22 210
110 154 10 14 242
110 162 3 55 216
110 165 5 30 242
110 190 8 19 275
110 195 6 26 275
110 200 5 32 275
110 203 11 14 290
110 222 5 33 296
110 224 8 20 308
110 252 6 28 330
110 256 4 44 320
110 258 11 15 344
110 280 5 35 352
110 289 10 17 374
111 125 3 50 185
111 132 11 12 222
111 138 6 23 222
111 144 4 37 216
111 168 3 56 222
111 208 12 13 296
111 216 6 27 296
111 248 3 62 296
111 285 9 19 370
111 325 3 65 370
112 117 9 14 208
112 120 8 16 210
112 125 4 35 200
112 135 5 28 216
112 145 7 20 232
112 150 10 14 240
112 152 4 38 224
112 162 12 12 252
112 165 3 56 220
112 175 4 40 245
112 187 7 22 272
112 204 4 42 272
112 215 8 20 301
112 220 10 16 308
112 240 6 28 320
112 242 4 44 308
112 249 7 24 332
112 255 8 21 340
112 264 12 14 352
112 282 3 64 329
112 308 8 22 392
112 329 4 47 392
113 135 9 15 226
113 136 8 17 226
113 145 5 29 226
113 171 3 57 226
114 121 6 22 209
114 126 7 19 216
114 148 4 38 222
114 156 9 16 247
114 168 3 57 224
114 175 10 15 266
114 178 8 19 267
114 182 6 26 266
114 196 4 42 266
114 238 7 24 323
114 252 12 14 342
114 261 6 29 342
114 264 9 19 352
114 276 4 46 342
114 300 6 30 380
115 120 3 50 184
115 132 6 23 220
115 140 7 20 230
115 156 4 39 230
115 174 3 58 230
115 203 7 23 290
115 208 10 16 299
115 221 5 34 299
115 231 11 15 322
115 245 5 35 322
115 255 10 17 345
115 268 4 46 335
115 273 3 65 322
115 297 3 66 345
116 140 5 29 224
116 144 6 24 232
116 171 3 58 228
116 180 5 32 261
116 189 4 42 261
116 200 8 20 290
116 220 4 44 290
116 249 6 29 332
116 286 11 16 377
117 120 10 13 216
117 128 3 52 192
117 150 5 30 234
117 152 4 39 228
117 152 12 12 247
117 174 6 26 261
117 177 3 59 234
117 188 12 13 282
117 207 9 18 299
117 224 7 24 312
117 247 9 19 338
117 255 3 65 306
117 260 5 36 338
117 275 3 66 325
117 300 9 20 390
117 301 7 26 387
118 140 10 14 236
118 160 4 40 236
118 174 3 59 232
118 264 8 22 354
118 270 6 30 354
119 128 8 17 224
119 171 9 17 266
119 176 11 14 272
119 180 3 60 238
119 180 4 42 255
119 205 5 34 287
119 216 7 24 306
119 225 5 35 306
119 228 12 14 323
119 235 10 17 329
119 286 7 26 374
119 288 4 48 357
119 300 3 68 350
120 121 11 12 220
120 123 4 36 205
120 126 9 15 224
120 133 7 20 228
120 135 3 54 200
120 138 6 24 230
120 144 8 18 240
120 145 5 30 232
120 147 3 56 210
120 147 12 12 245
120 156 4 40 234
120 170 5 32 255
120 177 3 60 236
120 188 8 20 282
120 192 10 16 288
120 217 8 21 310
120 219 4 45 292
120 220 3 64 275
120 224 12 14 320
120 234 3 65 288
120 243 5 36 324
120 253 8 22 345
120 258 6 30 344
120 268 3 67 320
120 279 9 20 372
120 280 4 48 350
120 282 10 18 376
120 285 12 15 380
120 289 3 68 340
120 299 8 23 390
120 343 3 70 392
121 143 11 13 242
121 144 9 16 242
121 147 7 21 242
121 150 6 25 242
121 155 5 31 242
121 164 4 41 242
121 183 3 61 242
121 200 4 44 275
121 243 3 66 297
121 248 8 22 341
121 256 11 16 352
121 273 7 26 363
122 144 12 12 244
122 180 3 61 240
122 210 8 21 305
122 270 10 18 366
122 279 6 31 366
122 285 5 38 366
122 315 3 70 366
123 160 4 41 240
123 186 3 62 246
123 189 9 18 287
123 196 6 28 287
123 231 3 66 287
124 133 4 38 217
124 150 5 31 240
124 168 4 42 248
124 183 3 62 244
124 210 12 14 310
124 225 5 36 310
124 235 4 47 310
124 242 11 16 341
124 255 3 68 310
124 267 6 31 356
124 273 13 14 372
124 300 4 50 372
125 138 5 30 230
125 144 6 25 240
125 153 10 15 255
125 160 5 32 250
125 176 8 20 275
125 187 5 34 275
125 189 3 63 250
125 203 5 35 290
125 234 6 30 325
125 252 9 20 350
125 266 5 38 350
125 292 4 50 365
126 130 10 14 234
126 136 8 18 238
126 138 3 56 207
126 140 7 21 240
126 156 6 26 252
126 164 4 42 246
126 171 6 27 266
126 186 3 63 248
126 188 6 28 282
126 194 7 24 291
126 198 8 21 297
126 200 5 35 288
126 204 12 14 306
126 230 6 30 322
126 247 7 26 342
126 250 10 18 350
126 275 3 70 330
126 282 7 27 376
126 288 6 32 378
126 294 9 21 392
126 318 3 72 371
127 150 10 15 254
127 152 8 19 254
127 154 7 22 254
127 172 4 43 254
127 192 3 64 254
128 135 9 16 240
128 155 5 32 248
128 170 8 20 272
128 189 3 64 252
128 189 7 24 288
128 220 8 22 320
128 234 4 48 312
128 253 8 23 352
128 276 6 32 368
128 294 8 24 392
128 297 3 72 352
129 145 3 58 215
129 153 9 17 258
129 165 5 33 258
129 168 4 43 252
129 195 3 65 258
129 196 12 14 301
129 240 12 15 344
129 285 10 19 387
129 288 3 72 344
129 288 8 24 387
129 312 4 52 387
129 333 3 74 387
130 132 11 13 240
130 150 6 26 250
130 152 5 32 247
130 176 4 44 260
130 192 3 65 256
130 216 6 30 312
130 220 11 16 325
130 222 5 37 312
130 231 7 26 330
130 234 10 18 338
130 245 13 14 350
130 260 4 50 338
130 264 5 39 352
130 290 5 40 377
130 297 6 33 390
130 304 4 52 380
131 154 11 14 262
131 162 6 27 262
131 198 3 66 262
131 288 12 16 393
132 132 12 12 242
132 147 7 22 252
132 154 4 42 242
132 160 5 33 256
132 172 4 44 258
132 175 6 28 275
132 180 11 15 288
132 189 12 14 297
132 195 3 66 260
132 208 8 22 312
132 210 6 30 308
132 214 11 16 321
132 225 9 20 330
132 250 4 50 330
132 252 7 27 352
132 256 6 32 352
132 272 8 24 374
132 285 6 33 380
133 135 3 57 210
133 144 8 19 252
133 156 12 13 266
133 161 7 23 266
133 170 5 34 266
133 180 4 45 266
133 201 3 67 266
133 221 7 26 323
133 230 5 38 322
133 234 13 14 342
133 265 10 19 371
133 280 7 28 380
133 336 3 76 392
134 160 8 20 268
134 198 3 67 264
134 230 8 23 335
135 140 10 15 252
135 148 3 60 222
135 156 6 27 260
135 165 9 18 275
135 176 4 45 264
135 187 3 66 255
135 187 10 17 297
135 192 5 36 288
135 202 6 30 303
135 204 3 68 270
135 216 9 20 324
135 218 10 18 327
135 220 12 15 330
135 224 3 70 288
135 248 3 72 310
135 287 5 41 378
135 295 3 75 354
135 316 4 54 395
136 144 9 17 256
136 160 10 16 272
136 165 4 44 255
136 165 5 34 264
136 168 6 28 272
136 184 4 46 272
136 185 10 17 296
136 198 8 22 306
136 201 3 68 268
136 240 6 32 340
136 242 11 17 352
136 243 3 72 306
136 249 4 51 332
136 264 12 16 374
136 294 6 34 392
137 162 9 18 274
137 175 5 35 274
137 207 3 69 274
138 154 7 23 264
138 155 3 62 230
138 180 4 46 270
138 195 6 30 299
138 204 3 69 272
138 210 10 18 322
138 218 8 23 327
138 234 3 72 299
138 250 5 40 345
138 256 12 16 368
138 259 3 74 322
138 308 3 77 368
139 168 7 24 278
139 188 4 47 278
139 210 3 70 278
140 140 5 32 245
140 143 11 14 260
140 144 4 42 240
140 152 8 20 266
140 162 6 28 270
140 170 5 35 272
140 174 12 14 290
140 207 3 70 276
140 207 12 15 322
140 209 5 38 308
140 220 4 50 308
140 240 8 24 350
140 265 4 53 350
140 266 14 14 380
140 280 10 20 392
140 285 5 42 380
141 165 11 15 282
141 168 8 21 282
141 174 6 29 282
141 180 5 36 282
141 184 4 47 276
141 213 3 71 282
141 224 6 32 329
141 264 9 22 376
141 280 5 42 376
142 192 4 48 284
142 210 3 71 280
143 144 12 13 264
143 165 3 65 242
143 171 3 66 247
143 184 8 22 299
143 196 7 26 308
143 216 3 72 286
143 221 11 17 338
143 261 11 18 377
143 273 3 77 338
143 288 3 78 352
144 150 10 16 270
144 153 9 18 272
144 154 4 44 252
144 158 3 64 237
144 161 7 24 276
144 168 12 14 288
144 175 5 36 280
144 187 11 16 306
144 188 4 48 282
144 195 9 20 312
144 213 3 72 284
144 216 6 32 324
144 221 4 51 312
144 228 8 24 342
144 234 4 52 324
144 236 12 16 354
144 253 9 22 368
144 264 4 54 352
144 301 4 56 387
144 315 3 80 378
145 153 5 34 261
145 168 6 29 280
145 169 13 13 290
145 170 10 17 290
145 171 9 19 290
145 175 7 25 290
145 185 5 37 290
145 196 4 49 290
145 219 3 73 290
145 259 7 29 370
145 260 10 20 377
146 180 6 30 292
146 216 3 73 288
146 245 14 14 365
146 250 8 25 365
146 300 3 80 365
147 160 8 21 280
147 164 12 14 287
147 165 3 66 245
147 190 3 70 266
147 192 4 49 288
147 207 7 27 322
147 222 3 74 294
147 228 7 28 342
147 242 14 14 363
147 252 4 54 343
147 253 3 77 322
147 255 5 42 357
147 270 6 35 378
147 272 12 17 392
147 280 7 30 392
147 304 4 57 392
147 328 3 82 392
148 176 8 22 296
148 180 5 37 288
148 200 4 50 296
148 219 3 74 292
148 250 10 20 370
148 280 4 56 370
149 190 5 38 298
149 225 3 75 298
150 154 7 24 275
150 154 11 15 280
150 156 3 65 240
150 168 7 25 288
150 174 6 30 290
150 186 10 18 310
150 196 4 50 294
150 198 3 72 275
150 214 5 40 321
150 222 3 75 296
150 238 6 34 350
150 238 8 25 357
150 244 10 20 366
150 245 5 42 350
150 259 6 35 370
150 276 3 80 345
151 176 11 16 302
151 182 7 26 302
151 186 6 31 302
151 204 4 51 302
151 228 3 76 302
152 162 9 19 288
152 185 5 38 296
152 216 12 16 342
152 225 3 76 300
152 255 12 17 380
152 260 8 26 380
152 275 5 44 380
152 279 4 57 372
153 160 10 17 288
153 168 3 68 252
153 170 6 30 289
153 180 9 20 306
153 192 3 72 272
153 195 5 39 306
153 200 4 51 300
153 230 6 34 345
153 231 3 77 306
153 231 11 18 357
153 252 12 17 378
153 287 3 82 357
154 156 12 14 286
154 168 8 22 294
154 172 11 16 301
154 180 10 18 308
154 208 4 52 308
154 224 14 14 352
154 225 9 22 350
154 228 3 77 304
154 232 7 29 352
154 255 7 30 374
154 256 4 56 352
154 266 11 19 392
155 180 6 31 300
155 180 12 15 310
155 184 8 23 310
155 231 5 42 341
155 234 3 78 310
155 252 7 30 372
155 264 5 44 372
156 156 13 13 288
156 175 3 70 260
156 175 7 26 300
156 190 5 39 304
156 192 6 32 312
156 204 4 52 306
156 208 12 16 338
156 225 4 54 325
156 231 3 78 308
156 248 8 26 372
156 250 3 80 325
156 258 13 16 387
156 261 6 36 377
156 295 4 59 390
157 182 13 14 314
157 189 7 27 314
157 200 5 40 314
157 212 4 53 314
157 237 3 79 314
158 234 3 79 312
158 270 8 27 395
159 208 4 53 312
159 240 3 80 318
159 252 6 36 371
160 162 6 30 288
160 165 4 48 275
160 165 11 16 300
160 171 9 20 304
160 180 4 50 288
160 186 6 32 310
160 195 5 40 312
160 195 8 24 325
160 201 12 16 335
160 215 8 25 344
160 216 4 54 320
160 220 10 20 352
160 231 6 35 352
160 237 3 80 316
160 238 4 56 340
160 247 13 16 380
160 294 4 60 392
161 169 7 26 299
161 176 8 23 308
161 187 11 17 322
161 189 9 21 322
161 198 6 33 322
161 205 5 41 322
161 210 14 14 345
161 243 3 81 322
161 280 5 46 392
162 170 10 18 306
162 178 3 72 267
162 182 7 27 312
162 192 8 24 324
162 209 9 22 342
162 212 4 54 318
162 240 3 81 320
162 244 6 36 366
162 245 10 21 378
162 258 8 27 387
162 262 9 24 393
163 190 10 19 326
163 196 7 28 326
163 220 4 55 326
163 246 3 82 326
164 175 4 50 287
164 200 5 41 320
164 243 3 82 324
165 168 12 15 308
165 185 3 74 275
165 192 6 33 320
165 203 3 77 290
165 204 9 22 340
165 207 11 18 345
165 210 5 42 330
165 216 4 55 324
165 224 3 80 308
165 236 5 44 354
165 238 10 21 374
165 249 3 83 330
165 304 3 88 380
166 192 12 16 332
166 204 6 34 332
166 224 4 56 332
166 246 3 83 328
167 252 3 84 334
168 169 13 14 312
168 171 3 72 266
168 176 6 32 308
168 180 9 21 320
168 184 8 24 322
168 189 7 28 324
168 198 3 77 288
168 205 5 42 328
168 215 6 35 344
168 220 4 56 330
168 221 8 26 357
168 235 14 15 376
168 243 8 27 378
168 249 3 84 332
168 252 12 18 392
168 262 7 32 393
168 265 4 60 371
168 266 6 38 392
168 315 3 90 392
169 184 4 52 299
169 195 13 15 338
169 198 9 22 338
169 200 8 25 338
169 203 7 29 338
169 215 5 43 338
169 228 4 57 338
169 255 3 85 338
170 176 11 17 320
170 196 14 14 340
170 198 6 34 330
170 231 14 15 374
170 252 3 85 336
170 253 5 46 374
171 180 10 19 324
171 188 3 76 282
171 198 11 18 342
171 210 6 35 342
171 224 4 57 336
171 240 9 24 380
171 258 3 86 342
171 258 6 38 387
171 300 3 90 380
172 200 10 20 344
172 210 3 80 301
172 210 5 43 336
172 232 4 58 344
172 243 12 18 387
172 252 7 32 387
172 255 3 86 340
172 279 4 62 387
173 220 5 44 346
173 261 3 87 346
174 195 3 78 290
174 196 7 29 336
174 228 4 58 342
174 234 9 24 377
174 258 3 87 344
175 176 5 40 308
175 192 8 25 336
175 195 5 42 325
175 196 10 20 343
175 204 6 35 340
175 208 4 56 325
175 210 7 30 350
175 219 10 21 365
175 222 14 15 370
175 236 4 59 350
175 264 3 88 350
176 180 12 16 330
176 189 9 22 336
176 208 8 26 352
176 215 5 44 344
176 216 6 36 352
176 245 11 20 392
176 261 3 88 348
177 204 12 17 354
177 207 9 23 354
177 225 5 45 354
177 232 4 59 348
177 267 3 89 354
178 240 4 60 356
178 264 3 89 352
179 270 3 90 358
180 182 13 15 336
180 186 4 54 310
180 187 11 18 340
180 189 5 42 324
180 190 10 20 342
180 198 3 80 297
180 203 7 30 348
180 209 4 57 330
180 209 5 44 342
180 210 6 36 350
180 220 5 45 352
180 228 12 18 380
180 236 4 60 354
180 258 5 48 387
180 267 3 90 356
181 208 13 16 362
181 209 11 19 362
181 210 10 21 362
181 217 7 31 362
181 222 6 37 362
181 230 5 46 362
181 244 4 61 362
181 273 3 91 362
182 182 14 14 338
182 195 6 35 338
182 200 8 26 350
182 232 7 32 377
182 238 13 17 392
182 270 3 91 360
183 205 3 82 305
183 210 14 15 366
183 216 8 27 366
183 240 4 61 360
183 276 3 92 366
184 196 4 56 322
184 198 9 23 352
184 225 5 46 360
184 248 4 62 368
184 273 3 92 364
185 192 3 80 296
185 216 6 37 360
185 216 9 24 370
185 235 5 47 370
185 279 3 93 370
186 210 7 31 360
186 228 6 38 372
186 244 4 62 366
186 276 3 93 368
187 192 12 17 352
187 200 5 44 340
187 224 7 32 374
187 252 4 63 374
187 282 3 94 374
188 216 12 18 376
188 230 5 47 368
188 279 3 94 372
189 200 10 21 360
189 208 3 84 312
189 208 8 27 364
189 240 5 48 378
189 245 3 90 343
189 248 4 63 372
189 285 3 95 378
190 198 11 19 360
190 220 10 22 380
190 222 6 38 370
190 224 8 28 380
190 243 3 90 342
190 256 4 64 380
190 282 3 95 376
191 220 11 20 382
191 234 6 39 382
191 288 3 96 382
192 195 13 16 360
192 207 9 24 368
192 215 3 86 320
192 217 7 32 372
192 235 5 48 376
192 252 4 64 378
192 253 3 92 352
192 285 3 96 380
193 221 13 17 386
193 225 9 25 386
193 231 7 33 386
193 245 5 49 386
193 260 4 65 386
193 291 3 97 386
194 288 3 97 384
195 196 14 15 364
195 228 6 39 380
195 234 3 90 338
195 256 4 65 384
195 294 3 98 390
196 212 7 32 371
196 216 8 28 378
196 224 14 16 392
196 240 5 49 384
196 240 6 40 392
196 264 4 66 392
196 291 3 98 388
197 225 15 15 394
197 232 8 29 394
197 250 5 50 394
197 297 3 99 394
198 198 8 27 363
198 204 12 18 374
198 210 10 22 378
198 218 3 88 327
198 224 7 33 384
198 248 3 93 352
198 260 4 66 390
198 294 3 99 392
199 228 12 19 398
199 230 10 23 398
199 238 7 34 398
199 268 4 67 398
199 300 3 100 398
200 207 4 60 345
200 209 11 20 380
200 216 9 25 384
200 234 6 40 390
200 245 5 50 392
200 247 4 65 380
200 297 3 100 396
201 225 3 90 335
201 264 4 67 396
202 300 3 101 400
203 207 3 87 322
203 208 8 28 377
203 224 8 29 392
203 273 3 98 377
204 208 13 17 384
204 217 4 62 357
204 231 7 34 396
204 250 5 51 400
205 240 6 41 400
207 220 10 23 396
207 228 3 92 342
208 210 14 16 390
208 225 9 26 400
208 235 4 65 376
209 216 12 19 396
210 210 15 15 392
210 212 5 48 371
210 220 11 21 400
210 235 3 94 350
210 259 3 98 370
215 216 6 40 387
215 225 5 50 387
216 238 3 96 357
219 245 3 98 365
220 221 4 65 374
220 228 3 95 352
220 228 4 66 380
220 255 3 100 374
224 238 4 68 392
224 273 3 104 392
225 248 3 100 372
228 255 3 102 380
231 231 3 98 363
234 258 3 104 387
237 265 3 106 395
238 243 3 102 378
