5 8 2 2 10
6 6 2 2 9
7 18 2 3 21
8 12 2 3 16
9 10 2 3 15
9 32 2 4 36
10 20 2 4 25
10 45 3 3 50
11 16 2 4 22
11 27 3 3 33
11 50 2 5 55
12 14 2 4 21
12 21 3 3 28
12 30 2 5 36
13 18 3 3 26
13 72 2 6 78
13 84 3 4 91
14 20 2 5 28
14 42 2 6 49
14 48 3 4 56
15 15 3 3 25
15 18 2 5 27
15 32 2 6 40
15 36 3 4 45
15 98 2 7 105
16 27 2 6 36
16 30 3 4 40
16 56 2 7 64
16 135 3 5 144
17 24 2 6 34
17 42 2 7 51
17 75 3 5 85
17 128 2 8 136
17 160 4 4 170
18 22 2 6 33
18 24 3 4 36
18 35 2 7 45
18 55 3 5 66
18 72 2 8 81
18 88 4 4 99
19 45 3 5 57
19 64 4 4 76
19 162 2 9 171
19 198 3 6 209
20 21 3 4 35
20 28 2 7 40
20 39 3 5 52
20 44 2 8 55
20 52 4 4 65
20 90 2 9 100
20 108 3 6 120
21 26 2 7 39
21 35 3 5 49
21 66 2 9 77
21 78 3 6 91
21 200 2 10 210
21 260 4 5 273
22 40 4 4 55
22 54 2 9 66
22 63 3 6 77
22 110 2 10 121
22 140 4 5 154
22 273 3 7 286
23 30 3 5 46
23 32 2 8 46
23 54 3 6 69
23 80 2 10 92
23 100 4 5 115
23 147 3 7 161
23 242 2 11 253
24 30 2 8 45
24 34 4 4 51
24 42 2 9 56
24 48 3 6 64
24 65 2 10 78
24 80 4 5 96
24 105 3 7 120
24 132 2 11 144
25 27 3 5 45
25 32 4 4 50
25 56 2 10 70
25 68 4 5 85
25 84 3 7 100
25 288 2 12 300
25 360 3 8 375
25 384 4 6 400
26 36 2 9 52
26 50 2 10 65
26 60 4 5 78
26 77 2 11 91
26 156 2 12 169
26 192 3 8 208
26 204 4 6 221
27 34 2 9 51
27 38 3 6 57
27 63 3 7 81
27 66 2 11 81
27 112 2 12 126
27 136 3 8 153
27 144 4 6 162
27 225 5 5 243
27 338 2 13 351
28 28 4 4 49
28 36 3 6 56
28 50 4 5 70
28 57 3 7 76
28 90 2 12 105
28 108 3 8 126
28 114 4 6 133
28 182 2 13 196
29 40 2 10 58
29 96 4 6 116
29 125 5 5 145
29 130 2 13 145
29 243 3 9 261
30 30 2 9 50
30 33 3 6 55
30 38 2 10 57
30 44 4 5 66
30 49 3 7 70
30 68 2 12 85
30 80 3 8 100
30 84 4 6 105
30 104 2 13 120
30 105 5 5 126
30 171 3 9 190
30 210 2 14 225
30 280 4 7 300
31 72 3 8 93
31 135 3 9 155
31 196 4 7 217
32 35 2 10 56
32 40 4 5 64
32 44 2 11 64
32 57 2 12 76
32 66 3 8 88
32 69 4 6 92
32 78 2 13 96
32 119 2 14 136
32 154 4 7 176
32 240 2 15 256
32 300 3 10 320
32 330 5 6 352
33 42 2 11 63
33 42 3 7 66
33 64 4 6 88
33 75 5 5 99
33 99 3 9 121
33 170 2 15 187
33 210 3 10 231
33 230 5 6 253
34 60 4 6 85
34 65 2 13 85
34 112 4 7 136
34 135 2 15 153
34 165 3 10 187
34 180 5 6 204
34 272 2 16 289
34 368 4 8 391
35 36 4 5 63
35 39 3 7 65
35 48 2 12 70
35 65 5 5 91
35 80 2 14 100
35 81 3 9 105
35 100 4 7 125
35 114 2 15 133
35 138 3 10 161
35 150 5 6 175
35 192 2 16 210
35 256 4 8 280
35 363 3 11 385
36 46 2 12 69
36 52 3 8 78
36 54 4 6 81
36 75 3 9 100
36 91 4 7 117
36 100 2 15 120
36 120 3 10 144
36 130 5 6 156
36 152 2 16 171
36 200 4 8 225
36 253 3 11 276
36 306 2 17 324
37 84 4 7 111
37 90 2 15 111
37 128 2 16 148
37 198 3 11 222
38 48 3 8 76
38 52 2 13 76
38 105 5 6 133
38 112 2 16 133
38 144 4 8 171
38 165 3 11 190
38 170 2 17 190
38 315 5 7 342
38 342 2 18 361
39 48 4 6 78
39 50 2 13 75
39 63 3 9 91
39 90 3 10 117
39 128 4 8 156
39 143 3 11 169
39 240 2 18 260
39 245 5 7 273
39 300 3 12 325
39 324 4 9 351
39 336 6 6 364
40 45 3 8 75
40 70 4 7 100
40 72 2 15 96
40 84 3 10 112
40 90 5 6 120
40 92 2 16 115
40 116 4 8 145
40 189 2 18 210
40 203 5 7 232
40 234 3 12 260
40 252 4 9 280
40 261 6 6 290
40 380 2 19 400
41 50 5 5 82
41 56 2 14 82
41 175 5 7 205
41 216 6 6 246
41 266 2 19 287
42 44 4 6 77
42 54 2 14 81
42 64 4 7 96
42 65 2 15 91
42 75 3 10 105
42 80 2 16 105
42 80 5 6 112
42 102 2 17 126
42 138 2 18 161
42 155 5 7 186
42 168 3 12 196
42 180 4 9 210
42 186 6 6 217
42 209 2 19 231
42 351 3 13 378
43 54 3 9 86
43 99 3 11 129
43 140 5 7 172
43 273 3 13 301
44 60 2 15 88
44 72 2 16 99
44 88 4 8 121
44 93 3 11 124
44 135 3 12 165
44 144 4 9 176
44 152 2 19 176
44 230 2 20 253
44 310 4 10 341
44 320 5 8 352
45 45 5 5 81
45 51 3 9 85
45 58 2 15 87
45 66 3 10 99
45 70 5 6 105
45 88 3 11 120
45 104 2 18 130
45 119 5 7 153
45 124 3 12 155
45 132 4 9 165
45 136 6 6 170
45 192 2 20 216
45 195 3 13 225
45 256 4 10 288
45 264 5 8 297
45 322 2 21 345
46 56 4 7 92
46 80 4 8 115
46 126 6 6 161
46 220 4 10 253
46 252 2 21 276
46 315 3 14 345
46 357 6 7 391
47 64 2 16 94
47 105 5 7 141
47 108 3 12 141
47 114 2 19 141
47 156 3 13 188
47 200 5 8 235
47 210 2 21 235
47 294 6 7 329
47 352 2 22 376
48 60 3 10 96
48 62 2 16 93
48 74 4 8 111
48 77 3 11 112
48 87 2 18 116
48 102 3 12 136
48 108 4 9 144
48 111 6 6 148
48 135 2 20 162
48 143 3 13 176
48 175 4 10 210
48 180 5 8 216
48 182 2 21 208
48 224 3 14 256
48 252 6 7 288
48 275 2 22 300
49 52 4 7 91
49 95 5 7 133
49 160 4 10 196
49 162 2 21 189
49 198 3 14 231
49 222 6 7 259
49 308 4 11 343
49 360 3 15 392
50 51 2 15 85
50 57 3 10 95
50 60 5 6 100
50 68 2 17 100
50 91 5 7 130
50 95 2 19 125
50 116 2 20 145
50 147 2 21 175
50 148 4 10 185
50 152 5 8 190
50 198 2 22 225
50 264 4 11 300
50 297 3 15 330
50 299 2 23 325
50 333 5 9 370
51 66 2 17 99
51 96 6 6 136
51 117 3 13 153
51 176 2 22 204
51 182 6 7 221
51 255 3 15 289
51 285 5 9 323
52 56 2 16 91
52 90 4 9 130
52 111 3 13 148
52 126 2 21 156
52 130 4 10 169
52 168 6 7 208
52 209 4 11 247
52 225 3 15 260
52 324 2 24 351
53 64 4 8 106
53 66 3 11 106
53 72 2 18 106
53 225 5 9 265
53 336 3 16 371
54 55 5 6 99
54 70 2 18 105
54 80 3 12 120
54 84 4 9 126
54 86 6 6 129
54 112 2 21 144
54 120 5 8 162
54 133 3 14 171
54 147 6 7 189
54 176 4 11 216
54 185 3 15 222
54 205 5 9 246
54 232 2 24 261
54 288 3 16 324
54 312 4 12 351
54 328 6 8 369
54 350 2 25 378
55 63 3 11 105
55 77 5 7 121
55 112 4 10 154
55 126 3 14 165
55 128 2 22 160
55 164 4 11 205
55 171 3 15 209
55 189 5 9 231
55 288 6 8 330
55 290 2 25 319
55 343 7 7 385
56 60 4 8 105
56 75 5 7 120
56 76 2 19 112
56 81 6 6 126
56 102 2 21 136
56 110 5 8 154
56 120 3 14 160
56 121 2 22 154
56 132 6 7 176
56 154 4 11 196
56 186 2 24 217
56 228 3 16 266
56 246 4 12 287
56 250 2 25 280
56 258 6 8 301
56 301 7 7 344
56 350 5 10 392
57 74 2 19 111
57 91 3 13 133
57 98 2 21 133
57 126 6 7 171
57 138 2 23 171
57 150 3 15 190
57 165 5 9 209
57 208 3 16 247
57 224 4 12 266
57 312 2 26 342
57 323 3 17 361
58 72 3 12 116
58 100 4 10 145
58 110 2 22 145
58 192 3 16 232
58 200 2 25 232
58 216 6 8 261
58 245 7 7 290
58 275 5 10 319
59 70 5 7 118
59 80 2 20 118
59 132 4 11 177
59 135 3 15 177
59 192 4 12 236
59 250 5 10 295
59 255 3 17 295
60 69 3 12 115
60 72 4 9 120
60 78 2 20 117
60 94 4 10 141
60 96 5 8 144
60 112 6 7 160
60 129 3 15 172
60 140 2 24 175
60 141 5 9 188
60 168 3 16 210
60 170 2 25 204
60 180 4 12 225
60 188 6 8 235
60 230 5 10 276
60 286 4 13 330
60 288 2 27 320
60 360 3 18 400
61 72 6 6 122
61 135 5 9 183
61 196 7 7 244
61 260 4 13 305
62 84 2 21 124
62 105 6 7 155
62 150 2 25 186
62 168 6 8 217
62 182 2 26 217
62 200 5 10 248
62 308 2 28 341
62 324 6 9 372
63 65 5 7 117
63 68 4 9 119
63 78 3 13 126
63 82 2 21 123
63 94 3 14 141
63 102 6 7 153
63 115 3 15 161
63 125 5 9 175
63 144 3 16 189
63 160 6 8 210
63 175 7 7 225
63 187 3 17 231
63 210 2 27 245
63 258 3 18 301
63 272 2 28 306
63 294 6 9 343
63 330 5 11 378
64 85 4 10 136
64 110 4 11 160
64 117 2 24 156
64 138 3 16 184
64 147 4 12 196
64 153 6 8 204
64 208 4 13 256
64 245 2 28 280
64 270 6 9 320
64 329 4 14 376
64 350 7 8 400
65 75 3 13 125
65 88 2 22 130
65 108 3 15 156
65 117 5 9 169
65 130 2 25 169
65 152 2 26 190
65 170 5 10 221
65 196 4 13 245
65 224 2 28 260
65 275 5 11 325
65 290 2 29 325
66 66 6 6 121
66 77 2 21 121
66 86 2 22 129
66 104 4 11 156
66 105 3 15 154
66 125 2 25 165
66 128 3 16 176
66 136 4 12 187
66 171 2 27 209
66 207 3 18 253
66 234 6 9 286
66 255 5 11 306
66 261 2 29 297
66 285 3 19 330
66 350 2 30 385
67 80 4 10 134
67 147 7 7 201
67 153 3 17 201
67 162 2 27 201
68 80 5 8 136
68 84 3 14 136
68 92 2 23 136
68 99 4 11 153
68 120 3 16 170
68 132 6 8 187
68 147 3 17 196
68 150 5 10 204
68 169 4 13 221
68 182 2 28 221
68 238 4 14 289
68 252 7 8 306
68 345 3 20 391
69 90 2 23 135
69 105 5 9 161
69 128 6 8 184
69 198 6 9 253
69 224 4 14 276
69 228 3 19 276
69 340 4 15 391
70 72 2 21 120
70 76 4 10 133
70 81 3 14 135
70 87 6 7 145
70 110 2 25 154
70 120 4 12 175
70 133 7 7 190
70 140 5 10 196
70 156 4 13 210
70 164 2 28 205
70 189 6 9 245
70 212 4 14 265
70 224 7 8 280
70 234 2 30 273
70 288 3 20 336
70 312 4 15 364
70 324 5 12 378
70 330 6 10 385
71 96 2 24 142
71 162 3 18 213
71 300 5 12 355
72 75 5 8 135
72 77 2 22 126
72 84 6 7 144
72 94 2 24 141
72 108 3 16 162
72 114 4 12 171
72 117 2 26 162
72 118 6 8 177
72 132 2 27 176
72 156 3 18 208
72 174 2 29 216
72 174 6 9 232
72 203 7 8 261
72 205 2 30 246
72 248 2 31 288
72 250 3 20 300
72 270 4 15 324
72 280 5 12 336
72 285 6 10 342
72 312 2 32 351
72 343 3 21 392
73 90 3 15 146
73 315 3 21 365
74 88 4 11 148
74 100 2 25 148
74 125 5 10 185
74 140 2 28 185
74 162 6 9 222
74 217 2 31 259
74 240 4 15 296
74 330 2 33 370
75 87 3 15 145
75 93 5 9 155
75 98 2 25 147
75 119 3 17 175
75 122 5 10 183
75 165 5 11 225
75 171 3 19 225
75 176 2 30 220
75 212 3 20 265
75 228 4 15 285
75 236 5 12 295
75 240 6 10 300
75 273 3 21 325
75 315 7 9 375
76 108 6 8 171
76 130 4 13 190
76 165 3 19 220
76 225 5 12 285
76 304 4 16 361
77 78 6 7 143
77 84 4 11 147
77 90 5 9 154
77 104 2 26 154
77 112 7 7 176
77 128 2 28 176
77 155 5 11 217
77 160 4 14 220
77 168 7 8 231
77 186 2 31 231
77 243 3 21 297
77 258 2 33 301
77 279 7 9 341
77 318 3 22 371
77 325 5 13 385
78 96 3 16 156
78 102 2 26 153
78 104 6 8 169
78 124 4 13 186
78 144 6 9 208
78 200 4 15 260
78 210 6 10 273
78 231 3 21 286
78 242 2 33 286
78 288 8 8 351
78 297 3 22 351
78 305 5 13 366
79 180 3 20 237
79 252 7 9 316
79 256 4 16 316
79 272 2 34 316
80 81 3 15 144
80 90 2 25 144
80 93 3 16 155
80 108 2 27 160
80 110 5 10 176
80 119 2 28 170
80 143 5 11 208
80 147 2 30 196
80 147 4 14 210
80 154 7 8 220
80 174 3 20 232
80 186 4 15 248
80 188 2 32 235
80 192 5 12 256
80 195 6 10 260
80 244 4 16 305
80 255 2 34 300
80 260 8 8 325
80 264 3 22 320
80 273 5 13 336
80 308 2 35 352
80 340 4 17 400
80 345 3 23 400
81 85 5 9 153
81 96 4 12 162
81 106 2 27 159
81 122 3 18 183
81 134 6 9 201
81 180 4 15 243
81 203 3 21 261
81 231 7 9 297
81 260 5 13 324
81 286 6 11 351
81 322 3 23 378
81 352 2 36 396
82 140 4 14 205
82 155 2 31 205
82 180 5 12 246
82 198 2 33 246
82 224 4 16 287
82 324 2 36 369
83 96 6 8 166
83 102 3 17 166
83 112 2 28 166
83 189 3 21 249
84 88 3 16 154
84 92 4 12 161
84 110 2 28 165
84 126 6 9 196
84 133 3 19 196
84 134 4 14 201
84 140 7 8 210
84 155 3 20 217
84 165 4 15 231
84 170 5 12 238
84 183 3 21 244
84 207 7 9 276
84 208 4 16 273
84 220 3 22 280
84 240 2 35 288
84 272 4 17 336
84 282 2 36 329
84 330 5 14 396
85 98 7 7 170
85 99 3 17 165
85 168 6 10 238
85 200 2 34 250
85 221 5 13 289
85 260 4 17 325
85 322 7 10 391
86 100 5 10 172
86 116 2 29 172
86 231 6 11 301
86 252 2 36 301
86 296 2 37 344
87 114 2 29 171
87 160 6 10 232
87 168 3 21 232
87 189 7 9 261
87 198 3 22 261
87 210 2 35 261
87 240 2 36 290
88 90 6 8 165
88 104 4 13 176
88 108 3 18 176
88 150 4 15 220
88 162 2 33 216
88 184 4 16 253
88 192 3 22 256
88 216 6 11 288
88 279 3 24 341
88 280 7 10 352
88 324 8 9 396
89 120 2 30 178
89 195 5 13 267
89 288 4 18 356
90 93 2 27 155
90 95 5 10 171
90 105 3 18 175
90 114 6 9 190
90 118 2 30 177
90 136 3 20 204
90 144 4 15 216
90 148 5 12 222
90 150 6 10 225
90 154 2 33 210
90 170 2 34 225
90 175 7 9 250
90 189 2 35 243
90 212 2 36 265
90 252 5 14 324
90 256 3 24 320
90 259 7 10 333
90 276 4 18 345
90 292 6 12 365
90 296 8 9 370
90 315 3 25 378
90 325 2 39 375
91 91 7 7 169
91 100 4 13 175
91 153 3 21 221
91 171 7 9 247
91 185 5 13 259
91 198 6 11 273
91 207 3 23 273
91 250 7 10 325
91 300 3 25 364
91 306 2 39 357
92 98 2 28 161
92 124 2 31 184
92 176 8 8 253
92 198 2 36 253
92 201 3 23 268
92 204 4 17 276
92 222 2 37 276
92 270 6 12 345
92 340 2 40 391
93 114 3 19 186
93 122 2 31 183
93 140 5 12 217
93 147 3 21 217
93 192 2 36 248
93 264 8 9 341
93 275 3 25 341
93 320 2 40 372
94 108 6 9 188
94 160 4 16 235
94 165 3 22 235
94 252 6 12 329
94 304 4 19 376
95 110 5 11 190
95 111 3 19 185
95 112 4 14 190
95 128 2 32 190
95 132 4 15 209
95 169 5 13 247
95 216 3 24 285
95 224 2 38 280
95 255 3 25 323
95 285 5 15 361
95 288 2 40 342
95 292 4 19 365
96 126 2 32 189
96 130 4 15 208
96 135 6 10 216
96 154 4 16 231
96 162 8 8 243
96 176 6 11 256
96 177 2 36 236
96 210 3 24 280
96 210 5 14 288
96 225 4 18 300
96 237 6 12 316
96 240 8 9 320
96 275 2 40 330
96 275 5 15 352
97 210 7 10 291
97 234 2 39 291
97 308 7 11 388
98 108 4 14 189
98 112 7 8 196
98 120 3 20 196
98 132 2 33 196
98 135 3 21 210
98 155 2 35 217
98 185 2 37 245
98 200 5 14 280
98 205 7 10 287
98 273 3 26 343
98 287 2 41 343
98 297 7 11 378
98 312 6 13 392
98 330 2 42 385
99 102 6 9 187
99 105 5 11 189
99 130 2 33 195
99 133 3 21 209
99 147 7 9 231
99 150 3 22 225
99 166 6 11 249
99 208 4 18 286
99 225 3 25 297
99 250 5 15 330
99 287 7 11 369
99 315 3 27 385
99 320 4 20 396
100 117 3 20 195
100 123 4 15 205
100 126 5 12 210
100 144 4 16 225
100 162 2 36 225
100 170 4 17 250
100 196 7 10 280
100 216 8 9 300
100 219 3 25 292
100 236 2 40 295
100 243 5 15 324
100 247 4 19 325
100 308 4 20 385
100 320 5 16 400
100 344 2 43 400
101 136 2 34 202
102 120 4 15 204
102 134 2 34 201
102 143 3 22 221
102 156 2 36 221
102 161 3 23 238
102 164 4 17 246
102 204 6 12 289
102 246 2 41 306
102 273 6 13 357
103 126 3 21 206
103 225 5 15 309
103 228 4 19 309
103 234 3 26 309
104 105 7 8 195
104 120 5 12 208
104 136 4 16 221
104 140 2 35 208
104 145 5 13 232
104 192 2 39 256
104 198 8 9 286
104 210 2 40 273
104 228 3 26 304
104 258 6 13 344
104 270 4 20 351
104 280 5 16 364
104 290 8 10 377
105 116 4 15 203
105 120 6 10 210
105 123 3 21 205
105 135 7 9 225
105 138 2 35 207
105 143 5 13 231
105 174 5 14 261
105 178 7 10 267
105 192 6 12 280
105 195 3 25 273
105 215 5 15 301
105 242 7 11 330
105 248 2 42 310
105 272 5 16 357
105 297 9 9 385
105 300 3 28 375
106 175 7 10 265
106 180 4 18 265
106 200 2 40 265
107 144 2 36 214
107 231 7 11 321
107 243 3 27 321
107 258 2 43 321
108 115 5 12 207
108 119 3 21 204
108 132 3 22 216
108 142 2 36 213
108 164 3 24 246
108 174 4 18 261
108 182 6 12 273
108 184 8 9 276
108 208 3 26 288
108 234 6 13 324
108 237 3 27 316
108 260 8 10 351
108 273 3 28 351
108 273 9 9 364
108 294 4 21 378
108 310 2 45 372
108 319 3 29 396
109 128 4 16 218
110 114 2 33 190
110 114 6 10 209
110 129 3 22 215
110 141 6 11 235
110 148 2 37 220
110 161 5 14 253
110 184 2 40 253
110 195 5 15 286
110 217 7 11 310
110 232 4 20 319
110 240 5 16 330
110 248 8 10 341
110 260 2 44 325
110 288 2 45 352
110 294 6 14 385
110 322 2 46 385
111 126 7 9 222
111 146 2 37 219
111 175 3 25 259
111 252 3 28 333
111 290 3 29 370
112 119 2 34 196
112 124 4 16 217
112 135 2 36 210
112 160 7 10 256
112 171 6 12 266
112 190 4 19 280
112 207 2 42 276
112 209 7 11 304
112 230 5 16 322
112 246 3 28 328
112 264 4 21 352
112 270 2 45 336
112 279 6 14 372
112 282 7 12 376
112 299 2 46 364
113 128 8 8 226
113 130 5 13 226
113 138 3 23 226
113 152 2 38 226
113 243 9 9 339
114 132 2 36 209
114 150 2 38 225
114 168 8 9 266
114 184 4 19 276
114 208 6 13 304
114 215 2 43 285
114 252 4 21 342
114 255 2 45 323
114 266 6 14 361
115 135 3 23 225
115 154 7 10 253
115 165 3 25 253
115 180 5 15 276
115 224 8 10 322
115 261 3 29 345
115 272 2 46 340
116 132 6 11 232
116 136 4 17 232
116 156 2 39 232
116 162 6 12 261
116 220 8 10 319
116 255 3 29 340
116 286 4 22 377
117 119 7 9 221
117 125 5 13 225
117 128 2 36 208
117 154 2 39 231
117 160 6 12 260
117 175 5 15 273
117 178 3 26 267
117 198 3 27 286
117 198 6 13 297
117 225 9 9 325
117 252 7 12 351
117 255 5 17 351
117 282 2 47 351
118 144 3 24 236
118 195 6 13 295
118 200 4 20 295
119 132 4 17 231
119 160 2 40 238
119 187 7 11 289
119 228 4 21 323
119 240 6 14 340
119 245 5 17 343
119 270 3 30 357
119 322 2 49 391
120 120 8 8 225
120 141 3 24 235
120 155 3 25 248
120 156 8 9 260
120 158 2 40 237
120 189 3 27 280
120 194 4 20 291
120 200 5 16 300
120 206 8 10 309
120 210 3 28 300
120 222 2 45 296
120 224 4 21 320
120 238 7 12 340
120 264 3 30 352
120 284 2 48 355
120 294 5 18 392
120 300 6 15 400
121 126 6 11 231
121 182 7 11 286
121 256 4 22 352
122 140 5 14 244
122 164 2 41 244
122 200 8 10 305
122 230 2 46 305
122 294 2 49 366
123 144 4 18 246
123 150 3 25 246
123 162 2 41 243
123 182 6 13 287
123 210 2 45 287
123 224 6 14 328
123 264 8 11 369
123 279 3 31 369
124 140 7 10 248
124 210 4 21 310
124 242 4 22 341
124 270 5 18 372
124 273 3 31 364
125 147 3 25 245
125 159 5 15 265
125 168 2 42 250
125 192 8 10 300
125 221 5 17 325
125 270 6 15 375
125 276 4 23 375
125 296 2 50 370
126 135 5 14 243
126 140 4 18 245
126 166 2 42 249
126 192 3 28 288
126 200 2 45 280
126 204 4 21 306
126 214 6 14 321
126 216 7 12 324
126 235 3 30 329
126 260 5 18 364
126 265 6 15 371
126 266 2 49 342
126 270 9 10 378
127 144 6 12 254
127 273 7 13 381
127 288 3 32 381
127 306 2 51 381
128 144 8 9 256
128 145 2 40 232
128 156 3 26 256
128 172 2 43 256
128 175 4 20 280
128 180 5 16 288
128 185 8 10 296
128 207 2 46 288
128 210 7 12 320
128 237 2 48 316
128 242 8 11 352
128 275 2 50 352
128 282 3 32 376
128 325 2 52 400
129 170 2 43 255
129 189 9 9 301
129 196 4 21 301
129 203 3 29 301
129 248 3 31 344
130 133 7 10 247
130 135 2 39 225
130 152 4 19 260
130 153 3 26 255
130 168 6 13 280
130 176 5 16 286
130 189 2 45 273
130 220 4 22 325
130 243 5 18 351
130 245 2 49 325
130 252 9 10 364
130 259 7 13 370
130 308 2 52 385
131 150 5 15 262
131 176 2 44 262
131 285 5 19 393
131 297 3 33 393
132 138 6 12 253
132 140 2 40 231
132 161 7 11 276
132 174 2 44 261
132 189 4 21 297
132 214 4 22 321
132 228 8 11 342
132 240 6 15 352
132 272 2 51 352
132 280 4 24 385
132 291 3 33 388
132 318 2 53 396
133 148 4 19 259
133 162 3 27 266
133 247 7 13 361
133 275 5 19 385
134 180 2 45 268
135 135 3 25 243
135 136 8 9 255
135 145 5 15 261
135 159 3 27 265
135 177 9 9 295
135 178 2 45 267
135 206 3 30 309
135 226 5 18 339
135 230 6 15 345
135 234 9 10 351
135 240 2 50 324
135 266 5 19 378
135 275 3 33 375
135 320 2 54 400
136 170 8 10 289
136 189 6 14 306
136 230 4 23 340
136 252 2 51 336
136 276 6 16 391
136 300 3 34 400
137 154 7 11 274
137 160 4 20 274
137 184 2 46 274
138 143 3 26 253
138 156 6 13 276
138 168 3 28 276
138 182 2 46 273
138 217 3 31 322
138 224 4 23 336
138 225 9 10 345
138 260 2 52 345
138 272 8 12 391
138 289 3 34 391
140 156 4 20 273
140 160 5 16 280
140 164 8 10 287
140 165 3 28 275
140 174 4 21 290
140 183 7 12 305
140 188 2 47 280
140 210 2 49 300
140 216 6 15 336
140 247 5 19 364
140 264 8 12 385
140 280 4 25 392
140 280 7 14 400
140 308 2 55 392
141 186 2 47 279
141 210 5 18 329
141 256 6 16 376
142 240 4 24 355
143 147 7 11 273
143 150 6 13 275
143 160 8 10 286
143 174 3 29 286
143 192 2 48 286
143 200 8 11 325
143 217 7 13 341
143 240 2 52 330
143 243 3 33 351
143 290 2 55 377
144 155 5 16 279
144 168 4 21 288
144 175 6 14 300
144 187 4 22 306
144 190 2 48 285
144 198 8 11 324
144 210 9 10 336
144 220 3 32 330
144 234 4 24 351
144 246 6 16 369
144 250 8 12 375
144 267 2 54 356
144 275 9 11 400
145 162 2 45 261
145 162 9 9 290
145 171 3 29 285
145 260 4 25 377
146 196 2 49 292
146 240 6 16 365
146 255 3 34 365
146 275 2 55 365
147 156 3 28 273
147 164 4 21 287
147 172 7 12 301
147 194 2 49 291
147 208 7 13 336
147 231 3 33 343
147 254 7 14 381
147 264 9 11 392
147 275 3 35 385
147 288 2 56 378
148 180 3 30 296
148 250 4 25 370
149 168 6 14 298
149 170 5 17 298
149 200 2 50 298
150 152 8 10 285
150 156 2 45 260
150 168 7 12 300
150 177 3 30 295
150 192 5 18 320
150 195 6 15 325
150 198 2 50 297
150 198 9 10 330
150 244 4 25 366
150 245 7 14 375
150 252 5 20 378
150 262 10 10 393
150 272 6 17 400
150 288 3 36 400
151 176 4 22 302
152 161 2 46 266
152 204 2 51 304
152 215 5 19 344
152 228 8 12 361
152 266 2 56 361
152 282 2 57 376
153 153 9 9 289
153 165 5 17 297
153 186 3 31 306
153 190 6 15 323
153 202 2 51 303
153 234 3 34 351
153 262 6 17 393
153 276 3 36 391
154 156 4 21 286
154 162 6 14 297
154 172 4 22 301
154 182 2 49 286
154 195 7 13 330
154 243 9 11 378
154 245 2 55 343
154 250 10 10 385
154 260 4 26 385
154 290 2 58 385
155 183 3 31 305
155 208 2 52 310
155 209 5 19 341
155 242 2 55 341
156 161 7 12 299
156 206 2 52 309
156 216 6 16 351
156 245 3 35 364
156 252 2 56 351
156 254 4 26 381
156 266 2 57 364
158 176 8 11 316
158 180 5 18 316
158 184 4 23 316
158 192 3 32 316
158 212 2 53 316
159 210 2 53 315
159 231 9 11 371
160 165 4 22 300
160 180 6 15 320
160 189 3 32 315
160 220 4 25 352
160 235 10 10 376
160 260 8 13 400
160 270 4 27 400
160 297 2 60 396
161 180 4 23 315
161 216 2 54 322
161 255 5 21 391
162 175 5 18 315
162 180 9 10 324
162 187 2 51 297
162 208 8 12 351
162 214 2 54 321
162 238 6 17 378
162 247 2 57 351
162 248 3 36 372
162 264 4 27 396
163 182 7 13 326
163 198 3 33 326
164 220 2 55 328
164 234 4 26 369
164 243 3 36 369
165 168 8 11 315
165 174 6 15 319
165 192 4 24 330
165 195 3 33 325
165 218 2 55 327
165 219 9 11 365
165 224 3 35 352
165 245 5 21 385
165 252 7 15 396
165 259 3 37 385
167 190 5 19 334
167 224 2 56 334
168 188 4 24 329
168 196 6 16 343
168 204 3 34 336
168 222 2 56 333
168 234 3 36 364
168 245 7 15 392
169 175 7 13 325
169 224 4 26 364
170 170 2 50 289
170 171 9 10 323
170 177 2 51 295
170 201 3 34 335
170 209 2 55 323
170 222 6 17 370
170 228 2 57 340
171 185 5 19 333
171 187 3 33 323
171 192 6 16 342
171 209 9 11 361
171 226 2 57 339
171 228 3 36 361
171 262 3 38 393
172 182 2 52 301
172 200 4 25 344
173 192 8 12 346
173 210 3 35 346
173 232 2 58 346
174 230 2 58 345
175 196 4 25 343
175 207 3 35 345
175 208 10 10 364
175 225 5 21 375
175 231 7 15 385
175 256 4 28 400
176 186 6 16 341
176 196 7 14 352
176 200 2 55 320
176 200 5 20 352
176 236 2 59 352
176 243 6 18 396
176 250 5 22 400
177 234 2 59 351
178 216 3 36 356
179 198 9 11 358
179 208 4 26 358
179 240 2 60 358
180 184 8 12 345
180 190 4 25 342
180 195 5 20 351
180 213 3 36 355
180 217 5 21 372
180 225 4 27 375
180 238 2 60 357
180 240 9 12 400
180 242 5 22 396
181 200 10 10 362
182 189 7 14 351
182 200 2 56 325
182 204 4 26 357
182 204 6 17 364
182 216 8 13 378
182 244 2 61 364
183 222 3 37 366
183 242 2 61 363
184 238 4 28 391
184 272 2 64 391
185 210 5 21 370
185 219 3 37 365
185 248 2 62 370
186 216 4 27 372
186 246 2 62 369
187 189 9 11 357
187 198 6 17 363
187 230 5 22 391
188 208 8 13 376
188 228 3 38 376
188 252 2 63 376
189 190 3 35 342
189 192 2 56 324
189 205 5 21 369
189 210 7 15 378
189 212 4 27 371
189 250 2 63 375
190 190 10 10 361
190 198 2 57 330
190 225 3 38 375
191 256 2 64 382
192 198 3 36 352
192 203 2 58 336
192 250 3 40 400
192 254 2 64 381
192 275 2 66 400
193 216 6 18 386
193 224 4 28 386
193 234 3 39 386
194 220 5 22 388
194 260 2 65 388
195 200 8 13 375
195 203 7 15 377
195 231 3 39 385
195 258 2 65 387
196 216 9 12 392
196 220 4 28 385
197 264 2 66 394
198 210 6 18 385
198 215 5 22 387
198 240 3 40 396
198 262 2 66 393
200 220 10 11 400
200 232 4 29 400
200 237 3 40 395
200 240 2 64 375
200 268 2 67 400
201 266 2 67 399
203 228 4 29 399
204 207 9 12 391
209 210 10 11 399
210 219 2 63 365
210 224 3 40 392
210 234 2 65 378
210 242 2 66 385
212 224 2 64 371
230 240 2 69 400
