[(2, 15, 45), (3, 9, 50)]
[(2, 19, 28), (4, 7, 38)]
[(2, 20, 40), (4, 8, 50)]
[(2, 22, 100), (4, 10, 110)]
[(2, 25, 39), (3, 13, 50)]
[(2, 27, 42), (3, 14, 54)]
[(2, 28, 39), (3, 14, 52)]
[(2, 30, 30), (6, 6, 50)]
[(2, 30, 99), (3, 18, 110)]
[(2, 31, 42), (6, 7, 62)]
[(2, 32, 112), (4, 14, 128)]
[(2, 33, 90), (6, 9, 110)]
[(2, 35, 76), (4, 14, 95)]
[(2, 35, 77), (5, 11, 98)]
[(2, 37, 52), (4, 13, 74)]
[(2, 40, 56), (4, 14, 80)]
[(2, 40, 88), (4, 16, 110)]
[(2, 42, 52), (4, 14, 78)]
[(2, 42, 70), (6, 10, 98)]
[(2, 42, 125), (5, 14, 150)]
[(2, 43, 56), (7, 8, 86)]
[(2, 44, 80), (8, 8, 110)]
[(2, 49, 65), (5, 13, 98)]
[(2, 49, 75), (3, 25, 98)]
[(2, 50, 77), (5, 14, 110)]
[(2, 51, 78), (3, 26, 102)]
[(2, 52, 75), (3, 26, 100)]
[(2, 53, 70), (5, 14, 106)]
[(2, 55, 70), (7, 10, 110)]
[(2, 55, 76), (4, 19, 110)]
[(2, 56, 56), (8, 8, 98)]
[(2, 56, 65), (5, 14, 104)]
[(2, 61, 78), (6, 13, 122)]
[(2, 63, 63), (3, 27, 98)]
[(2, 63, 90), (6, 14, 135)]
[(2, 66, 75), (3, 30, 110)]
[(2, 70, 78), (6, 14, 130)]
[(2, 73, 91), (7, 13, 146)]
[(2, 73, 100), (4, 25, 146)]
[(2, 73, 111), (3, 37, 146)]
[(2, 75, 114), (3, 38, 150)]
[(2, 76, 111), (3, 38, 148)]
[(2, 78, 100), (4, 26, 150)]
[(3, 17, 45), (5, 9, 51)]
[(3, 18, 18), (6, 6, 27)]
[(3, 18, 56), (6, 8, 63)]
[(3, 21, 54), (6, 9, 63)]
[(3, 21, 100), (4, 15, 105)]
[(3, 22, 90), (6, 10, 99)]
[(3, 25, 65), (5, 13, 75)]
[(3, 26, 28), (4, 14, 39)]
[(3, 27, 125), (5, 15, 135)]
[(3, 28, 30), (4, 15, 42)]
[(3, 28, 54), (4, 18, 63)]
[(3, 28, 140), (4, 20, 147)]
[(3, 29, 75), (5, 15, 87)]
[(3, 30, 34), (6, 10, 51)]
[(3, 30, 65), (5, 15, 78)]
[(3, 33, 81), (9, 9, 99)]
[(3, 35, 55), (7, 11, 75)]
[(3, 35, 102), (6, 15, 119)]
[(3, 37, 91), (7, 13, 111)]
[(3, 37, 100), (4, 25, 111)]
[(3, 40, 66), (6, 15, 88)]
[(3, 41, 102), (6, 17, 123)]
[(3, 41, 105), (5, 21, 123)]
[(3, 42, 50), (6, 14, 75)]
[(3, 42, 115), (7, 15, 138)]
[(3, 42, 126), (6, 18, 147)]
[(3, 43, 105), (7, 15, 129)]
[(3, 45, 45), (9, 9, 75)]
[(3, 45, 54), (6, 15, 81)]
[(3, 45, 58), (9, 10, 87)]
[(3, 45, 77), (5, 21, 99)]
[(3, 45, 91), (7, 15, 117)]
[(3, 49, 117), (9, 13, 147)]
[(3, 49, 125), (5, 25, 147)]
[(3, 50, 52), (4, 26, 75)]
[(3, 52, 54), (4, 27, 78)]
[(3, 54, 66), (6, 18, 99)]
[(3, 54, 105), (6, 21, 135)]
[(3, 54, 125), (5, 27, 150)]
[(3, 55, 63), (7, 15, 99)]
[(3, 56, 74), (8, 14, 111)]
[(3, 56, 90), (8, 15, 126)]
[(3, 56, 112), (8, 16, 147)]
[(3, 63, 105), (9, 15, 147)]
[(3, 64, 104), (4, 39, 128)]
[(3, 65, 74), (5, 26, 111)]
[(3, 65, 81), (5, 27, 117)]
[(3, 65, 100), (4, 39, 125)]
[(3, 66, 82), (6, 22, 123)]
[(3, 69, 90), (9, 15, 138)]
[(3, 70, 98), (10, 14, 147)]
[(3, 74, 76), (4, 38, 111)]
[(3, 75, 81), (9, 15, 135)]
[(3, 76, 78), (4, 39, 114)]
[(3, 77, 105), (5, 33, 147)]
[(3, 78, 98), (6, 26, 147)]
[(3, 81, 100), (4, 45, 135)]
[(3, 90, 90), (6, 27, 150)]
[(3, 98, 100), (4, 50, 147)]
[(3, 100, 102), (4, 51, 150)]
[(4, 18, 21), (6, 9, 28)]
[(4, 19, 70), (7, 10, 76)]
[(4, 20, 32), (8, 8, 40)]
[(4, 22, 80), (8, 10, 88)]
[(4, 25, 91), (7, 13, 100)]
[(4, 26, 42), (6, 14, 52)]
[(4, 30, 39), (6, 15, 52)]
[(4, 30, 90), (6, 18, 100)]
[(4, 31, 112), (7, 16, 124)]
[(4, 31, 114), (6, 19, 124)]
[(4, 32, 42), (6, 16, 56)]
[(4, 32, 91), (7, 16, 104)]
[(4, 32, 98), (8, 14, 112)]
[(4, 37, 130), (10, 13, 148)]
[(4, 38, 56), (8, 14, 76)]
[(4, 38, 65), (5, 26, 76)]
[(4, 40, 77), (5, 28, 88)]
[(4, 40, 80), (8, 16, 100)]
[(4, 41, 70), (5, 28, 82)]
[(4, 42, 57), (6, 21, 76)]
[(4, 42, 65), (5, 28, 78)]
[(4, 44, 64), (8, 16, 88)]
[(4, 45, 75), (9, 15, 100)]
[(4, 49, 114), (6, 28, 133)]
[(4, 50, 70), (10, 14, 100)]
[(4, 50, 78), (6, 26, 100)]
[(4, 54, 75), (6, 27, 100)]
[(4, 54, 93), (9, 18, 124)]
[(4, 55, 56), (7, 20, 88)]
[(4, 55, 70), (7, 22, 100)]
[(4, 56, 78), (6, 28, 104)]
[(4, 56, 80), (8, 20, 112)]
[(4, 56, 93), (8, 21, 124)]
[(4, 56, 125), (5, 40, 140)]
[(4, 58, 80), (10, 16, 116)]
[(4, 62, 91), (7, 26, 124)]
[(4, 63, 66), (6, 28, 99)]
[(4, 64, 70), (10, 16, 112)]
[(4, 65, 75), (5, 39, 100)]
[(4, 65, 80), (5, 40, 104)]
[(4, 66, 93), (6, 33, 124)]
[(4, 67, 98), (7, 28, 134)]
[(4, 70, 91), (7, 28, 130)]
[(4, 74, 98), (14, 14, 148)]
[(4, 74, 104), (8, 26, 148)]
[(4, 74, 114), (6, 38, 148)]
[(4, 74, 125), (5, 50, 148)]
[(4, 77, 80), (5, 44, 112)]
[(4, 78, 111), (6, 39, 148)]
[(4, 78, 125), (5, 52, 150)]
[(4, 80, 85), (8, 25, 136)]
[(5, 21, 102), (6, 17, 105)]
[(5, 22, 70), (10, 10, 77)]
[(5, 25, 117), (9, 13, 125)]
[(5, 26, 56), (8, 14, 65)]
[(5, 32, 52), (8, 16, 65)]
[(5, 32, 68), (8, 17, 80)]
[(5, 33, 63), (9, 15, 77)]
[(5, 34, 56), (8, 17, 70)]
[(5, 34, 117), (9, 17, 130)]
[(5, 35, 110), (11, 14, 125)]
[(5, 35, 115), (7, 23, 125)]
[(5, 39, 45), (9, 15, 65)]
[(5, 39, 54), (6, 27, 65)]
[(5, 42, 52), (6, 28, 65)]
[(5, 42, 58), (6, 29, 70)]
[(5, 42, 66), (6, 30, 77)]
[(5, 44, 56), (8, 20, 77)]
[(5, 44, 119), (11, 17, 140)]
[(5, 45, 51), (9, 17, 75)]
[(5, 45, 105), (9, 21, 125)]
[(5, 46, 68), (10, 17, 92)]
[(5, 49, 55), (7, 25, 77)]
[(5, 50, 98), (14, 14, 125)]
[(5, 50, 104), (8, 26, 125)]
[(5, 50, 114), (6, 38, 125)]
[(5, 51, 58), (10, 17, 87)]
[(5, 54, 123), (6, 41, 135)]
[(5, 55, 95), (11, 19, 125)]
[(5, 55, 105), (7, 33, 125)]
[(5, 56, 100), (8, 28, 125)]
[(5, 56, 116), (8, 29, 140)]
[(5, 58, 104), (8, 29, 130)]
[(5, 65, 85), (13, 17, 125)]
[(5, 68, 98), (14, 17, 140)]
[(5, 75, 75), (15, 15, 125)]
[(5, 75, 81), (9, 27, 125)]
[(5, 75, 91), (7, 39, 125)]
[(5, 75, 102), (6, 51, 125), (15, 17, 150)]
[(5, 78, 100), (6, 52, 125)]
[(5, 78, 106), (6, 53, 130)]
[(5, 80, 80), (8, 32, 125)]
[(5, 81, 87), (9, 29, 135)]
[(5, 82, 91), (7, 41, 130)]
[(5, 85, 87), (15, 17, 145)]
[(5, 90, 90), (6, 54, 125)]
[(6, 19, 112), (7, 16, 114)]
[(6, 22, 35), (10, 11, 42)]
[(6, 25, 143), (11, 13, 150)]
[(6, 26, 70), (10, 14, 78)]
[(6, 27, 45), (9, 15, 54)]
[(6, 27, 56), (8, 18, 63)]
[(6, 28, 32), (8, 16, 42)]
[(6, 30, 81), (9, 18, 90)]
[(6, 33, 54), (9, 18, 66)]
[(6, 33, 56), (8, 21, 66)]
[(6, 34, 65), (10, 17, 78)]
[(6, 34, 90), (10, 18, 102)]
[(6, 38, 98), (14, 14, 114)]
[(6, 38, 104), (8, 26, 114)]
[(6, 39, 85), (13, 15, 102)]
[(6, 40, 140), (8, 28, 150)]
[(6, 42, 55), (7, 30, 66)]
[(6, 44, 45), (9, 20, 66)]
[(6, 44, 95), (11, 20, 114)]
[(6, 45, 46), (10, 18, 69)]
[(6, 45, 70), (10, 21, 90)]
[(6, 45, 85), (9, 25, 102)]
[(6, 45, 104), (8, 30, 117)]
[(6, 45, 135), (9, 27, 150)]
[(6, 46, 95), (10, 23, 114)]
[(6, 50, 63), (14, 15, 90)]
[(6, 50, 126), (14, 18, 150)]
[(6, 50, 130), (10, 26, 150)]
[(6, 51, 75), (15, 15, 102)]
[(6, 51, 81), (9, 27, 102)]
[(6, 51, 91), (7, 39, 102)]
[(6, 52, 56), (8, 28, 78)]
[(6, 54, 98), (14, 18, 126)]
[(6, 54, 105), (9, 30, 126)]
[(6, 55, 98), (7, 42, 110)]
[(6, 55, 140), (7, 44, 150)]
[(6, 56, 91), (7, 42, 104)]
[(6, 56, 95), (8, 35, 114)]
[(6, 57, 90), (9, 30, 114)]
[(6, 58, 125), (10, 29, 150)]
[(6, 63, 74), (14, 18, 111)]
[(6, 63, 90), (15, 18, 126)]
[(6, 63, 104), (8, 39, 126)]
[(6, 63, 112), (16, 18, 147)]
[(6, 64, 76), (16, 16, 114)]
[(6, 68, 112), (8, 42, 136)]
[(6, 69, 98), (14, 21, 138)]
[(6, 70, 76), (10, 28, 114)]
[(6, 70, 90), (10, 30, 126)]
[(6, 70, 104), (8, 42, 130)]
[(6, 70, 110), (14, 22, 150)]
[(6, 75, 82), (10, 30, 123)]
[(6, 75, 92), (15, 20, 138)]
[(6, 75, 105), (15, 21, 150)]
[(6, 75, 117), (9, 39, 150)]
[(6, 76, 80), (8, 40, 114)]
[(6, 76, 91), (7, 52, 114)]
[(6, 80, 100), (16, 20, 150)]
[(6, 81, 91), (7, 54, 117)]
[(6, 90, 90), (18, 18, 150)]
[(6, 90, 105), (9, 42, 150)]
[(6, 91, 125), (7, 65, 150)]
[(6, 100, 104), (8, 52, 150)]
[(6, 105, 115), (7, 69, 150)]
[(7, 22, 50), (10, 14, 55)]
[(7, 23, 110), (11, 14, 115)]
[(7, 27, 57), (9, 19, 63)]
[(7, 33, 45), (9, 21, 55)]
[(7, 33, 95), (11, 19, 105)]
[(7, 39, 75), (15, 15, 91)]
[(7, 39, 81), (9, 27, 91)]
[(7, 39, 133), (13, 19, 147)]
[(7, 40, 44), (8, 28, 55)]
[(7, 45, 78), (9, 30, 91)]
[(7, 45, 93), (9, 31, 105)]
[(7, 46, 100), (10, 28, 115)]
[(7, 50, 76), (14, 19, 100)]
[(7, 50, 92), (14, 20, 115)]
[(7, 51, 65), (15, 17, 91)]
[(7, 51, 95), (15, 19, 119)]
[(7, 52, 64), (16, 16, 91)]
[(7, 52, 70), (10, 28, 91)]
[(7, 52, 80), (8, 40, 91)]
[(7, 56, 78), (8, 42, 91)]
[(7, 56, 86), (8, 43, 98)]
[(7, 57, 62), (14, 19, 93)]
[(7, 57, 75), (15, 19, 105)]
[(7, 58, 65), (10, 29, 91)]
[(7, 62, 70), (10, 31, 98)]
[(7, 63, 114), (18, 19, 147)]
[(7, 63, 129), (9, 43, 147)]
[(7, 64, 76), (16, 19, 112)]
[(7, 69, 75), (15, 21, 115)]
[(7, 69, 90), (9, 42, 115)]
[(7, 80, 88), (8, 55, 112)]
[(7, 80, 92), (8, 56, 115)]
[(7, 99, 105), (9, 55, 147)]
[(8, 21, 54), (9, 18, 56)]
[(8, 22, 40), (10, 16, 44)]
[(8, 23, 88), (11, 16, 92)]
[(8, 26, 49), (13, 14, 56)]
[(8, 26, 98), (14, 14, 104)]
[(8, 35, 44), (11, 20, 56)]
[(8, 35, 46), (10, 23, 56)]
[(8, 38, 91), (14, 19, 104)]
[(8, 39, 90), (15, 18, 104)]
[(8, 40, 51), (15, 16, 68)]
[(8, 40, 64), (16, 16, 80)]
[(8, 40, 70), (10, 28, 80)]
[(8, 40, 98), (14, 20, 112)]
[(8, 40, 126), (16, 18, 140)]
[(8, 42, 45), (9, 30, 56)]
[(8, 46, 80), (10, 32, 92)]
[(8, 50, 56), (14, 20, 80)]
[(8, 50, 88), (16, 20, 110)]
[(8, 52, 80), (16, 20, 104)]
[(8, 54, 78), (18, 18, 104)]
[(8, 58, 88), (16, 22, 116)]
[(8, 58, 100), (10, 40, 116)]
[(8, 64, 98), (14, 28, 128)]
[(8, 64, 117), (9, 52, 128)]
[(8, 65, 68), (17, 20, 104)]
[(8, 65, 82), (10, 41, 104)]
[(8, 68, 100), (20, 20, 136)]
[(8, 69, 126), (9, 56, 138)]
[(8, 70, 78), (10, 42, 104)]
[(8, 70, 88), (10, 44, 112)]
[(8, 70, 117), (9, 56, 130)]
[(8, 74, 112), (14, 32, 148)]
[(8, 78, 81), (9, 54, 104)]
[(8, 80, 80), (20, 20, 128)]
[(8, 80, 98), (14, 32, 140)]
[(8, 94, 105), (10, 56, 141)]
[(9, 22, 30), (10, 18, 33)]
[(9, 23, 66), (11, 18, 69)]
[(9, 25, 39), (13, 15, 45)]
[(9, 26, 112), (14, 16, 117)]
[(9, 27, 75), (15, 15, 81)]
[(9, 30, 98), (14, 18, 105)]
[(9, 33, 35), (11, 21, 45)]
[(9, 35, 99), (11, 27, 105)]
[(9, 38, 42), (14, 18, 57)]
[(9, 39, 49), (13, 21, 63)]
[(9, 39, 105), (15, 21, 117)]
[(9, 40, 104), (16, 20, 117)]
[(9, 42, 75), (15, 21, 90)]
[(9, 42, 90), (18, 18, 105)]
[(9, 42, 112), (16, 21, 126)]
[(9, 43, 114), (18, 19, 129)]
[(9, 45, 63), (15, 21, 81)]
[(9, 49, 114), (18, 21, 133)]
[(9, 51, 77), (17, 21, 99)]
[(9, 52, 98), (14, 28, 117)]
[(9, 54, 54), (18, 18, 81)]
[(9, 54, 70), (10, 42, 81)]
[(9, 56, 78), (18, 21, 104)]
[(9, 57, 91), (19, 21, 117)]
[(9, 58, 75), (10, 45, 87)]
[(9, 62, 63), (14, 27, 93)]
[(9, 62, 91), (14, 31, 117)]
[(9, 63, 66), (18, 21, 99)]
[(9, 63, 75), (15, 27, 105)]
[(9, 63, 105), (21, 21, 135)]
[(9, 63, 110), (14, 33, 135)]
[(9, 65, 85), (17, 25, 117)]
[(9, 65, 87), (15, 29, 117)]
[(9, 65, 106), (10, 53, 117)]
[(9, 66, 70), (18, 22, 105)]
[(9, 66, 95), (11, 45, 114)]
[(9, 66, 98), (14, 33, 126)]
[(9, 70, 90), (10, 54, 105)]
[(9, 70, 99), (21, 22, 135)]
[(9, 70, 104), (10, 56, 117)]
[(9, 70, 114), (10, 57, 126)]
[(9, 75, 78), (15, 30, 117)]
[(9, 75, 99), (15, 33, 135)]
[(9, 78, 86), (18, 26, 129)]
[(9, 95, 99), (11, 57, 135)]
[(10, 23, 44), (11, 20, 46)]
[(10, 26, 126), (14, 18, 130)]
[(10, 28, 64), (16, 16, 70)]
[(10, 29, 51), (15, 17, 58)]
[(10, 30, 63), (15, 18, 70)]
[(10, 33, 98), (14, 22, 105)]
[(10, 35, 66), (11, 30, 70)]
[(10, 39, 66), (15, 22, 78)]
[(10, 40, 56), (16, 20, 70)]
[(10, 40, 88), (16, 22, 100)]
[(10, 41, 68), (17, 20, 82)]
[(10, 42, 54), (18, 18, 70)]
[(10, 42, 117), (18, 21, 130)]
[(10, 44, 51), (15, 22, 68)]
[(10, 44, 64), (16, 22, 80)]
[(10, 44, 126), (18, 22, 140)]
[(10, 47, 88), (11, 40, 94)]
[(10, 49, 50), (14, 25, 70)]
[(10, 49, 52), (13, 28, 70)]
[(10, 52, 85), (13, 34, 100)]
[(10, 52, 112), (16, 28, 130)]
[(10, 53, 85), (17, 25, 106)]
[(10, 53, 87), (15, 29, 106)]
[(10, 54, 66), (18, 22, 90)]
[(10, 55, 76), (19, 22, 100)]
[(10, 55, 92), (20, 22, 115)]
[(10, 56, 88), (20, 22, 112)]
[(10, 58, 121), (22, 22, 145)]
[(10, 59, 92), (20, 23, 118)]
[(10, 59, 98), (14, 35, 118)]
[(10, 59, 110), (11, 50, 118)]
[(10, 63, 102), (15, 34, 126)]
[(10, 64, 104), (16, 32, 130)]
[(10, 65, 102), (17, 30, 130)]
[(10, 66, 68), (20, 22, 102)]
[(10, 68, 87), (15, 34, 116)]
[(10, 68, 112), (16, 34, 140)]
[(10, 71, 112), (16, 35, 142)]
[(10, 73, 110), (22, 25, 146)]
[(10, 76, 91), (19, 28, 130)]
[(10, 78, 90), (18, 30, 130)]
[(10, 78, 98), (14, 42, 130)]
[(10, 78, 110), (22, 26, 150)]
[(10, 85, 88), (22, 25, 136)]
[(10, 86, 91), (14, 43, 130)]
[(10, 88, 119), (11, 70, 136)]
[(10, 90, 99), (22, 27, 150)]
[(10, 90, 102), (18, 34, 150)]
[(10, 92, 98), (14, 46, 140)]
[(11, 26, 140), (14, 20, 143)]
[(11, 34, 112), (16, 22, 119)]
[(11, 39, 135), (15, 27, 143)]
[(11, 44, 130), (20, 22, 143)]
[(11, 49, 65), (13, 35, 77)]
[(11, 49, 110), (14, 35, 121)]
[(11, 50, 92), (20, 23, 110)]
[(11, 50, 98), (14, 35, 110)]
[(11, 51, 105), (15, 33, 119)]
[(11, 51, 130), (15, 34, 143)]
[(11, 52, 126), (18, 28, 143)]
[(11, 52, 128), (16, 32, 143)]
[(11, 57, 70), (21, 22, 95)]
[(11, 57, 75), (15, 33, 95)]
[(11, 58, 92), (22, 23, 116)]
[(11, 63, 69), (21, 23, 99)]
[(11, 63, 75), (15, 35, 99)]
[(11, 63, 117), (21, 27, 143)]
[(11, 65, 116), (20, 29, 143)]
[(11, 65, 119), (17, 35, 143)]
[(11, 65, 123), (15, 41, 143)]
[(11, 66, 117), (18, 33, 143)]
[(11, 68, 98), (14, 44, 119)]
[(11, 69, 70), (22, 23, 105)]
[(11, 70, 85), (22, 25, 119)]
[(11, 75, 117), (15, 45, 143)]
[(11, 77, 85), (17, 35, 121)]
[(11, 78, 105), (21, 30, 143)]
[(11, 78, 112), (16, 42, 143)]
[(11, 80, 104), (20, 32, 143)]
[(11, 85, 91), (13, 55, 119)]
[(11, 88, 104), (16, 44, 143)]
[(11, 91, 93), (21, 31, 143)]
[(11, 91, 95), (19, 35, 143)]
[(11, 91, 110), (14, 55, 143)]
[(11, 98, 104), (14, 56, 143)]
[(13, 28, 50), (14, 25, 52)]
[(13, 30, 75), (15, 25, 78)]
[(13, 32, 100), (16, 25, 104)]
[(13, 34, 125), (17, 25, 130)]
[(13, 38, 126), (18, 26, 133)]
[(13, 40, 40), (16, 25, 52)]
[(13, 42, 74), (14, 37, 78)]
[(13, 44, 110), (20, 26, 121)]
[(13, 45, 105), (21, 25, 117)]
[(13, 45, 111), (15, 37, 117)]
[(13, 50, 68), (20, 26, 85)]
[(13, 51, 75), (15, 39, 85)]
[(13, 55, 70), (22, 25, 91)]
[(13, 56, 98), (14, 49, 104)]
[(13, 62, 100), (25, 26, 124)]
[(13, 63, 105), (15, 49, 117)]
[(13, 63, 114), (18, 39, 133)]
[(13, 66, 99), (18, 39, 121)]
[(13, 70, 100), (25, 28, 130)]
[(13, 70, 112), (16, 49, 130)]
[(13, 70, 122), (14, 61, 130)]
[(13, 74, 75), (25, 26, 111)]
[(13, 75, 81), (25, 27, 117)]
[(13, 75, 116), (20, 39, 145)]
[(13, 76, 98), (26, 28, 133)]
[(13, 76, 112), (16, 52, 133)]
[(13, 77, 110), (14, 65, 121)]
[(13, 77, 119), (17, 49, 143)]
[(13, 87, 105), (21, 39, 145)]
[(13, 87, 125), (15, 65, 145)]
[(13, 88, 88), (16, 52, 121)]
[(13, 98, 114), (14, 78, 133)]
[(13, 110, 119), (14, 85, 143)]
[(14, 30, 39), (15, 26, 42)]
[(14, 30, 45), (18, 21, 50)]
[(14, 31, 57), (19, 21, 62)]
[(14, 32, 52), (16, 26, 56)]
[(14, 33, 105), (21, 21, 110)]
[(14, 34, 65), (17, 26, 70)]
[(14, 35, 92), (20, 23, 98)]
[(14, 38, 91), (19, 26, 98)]
[(14, 39, 54), (18, 26, 63)]
[(14, 39, 140), (20, 26, 147)]
[(14, 40, 40), (16, 28, 50)]
[(14, 40, 104), (20, 26, 112)]
[(14, 42, 90), (18, 30, 98)]
[(14, 42, 117), (21, 26, 126)]
[(14, 43, 76), (19, 28, 86)]
[(14, 44, 65), (20, 26, 77)]
[(14, 44, 100), (20, 28, 110)]
[(14, 44, 130), (22, 26, 140)]
[(14, 45, 78), (21, 26, 90)]
[(14, 45, 99), (21, 27, 110)]
[(14, 52, 57), (21, 26, 76)]
[(14, 54, 114), (18, 38, 126)]
[(14, 55, 93), (21, 31, 110)]
[(14, 55, 95), (19, 35, 110)]
[(14, 56, 80), (20, 32, 98)]
[(14, 56, 88), (16, 44, 98)]
[(14, 57, 90), (18, 38, 105)]
[(14, 58, 77), (22, 29, 98)]
[(14, 61, 100), (25, 28, 122)]
[(14, 61, 112), (16, 49, 122)]
[(14, 63, 78), (18, 39, 98)]
[(14, 63, 90), (15, 54, 98)]
[(14, 64, 100), (16, 50, 112)]
[(14, 64, 104), (26, 28, 128)]
[(14, 65, 100), (26, 28, 125)]
[(14, 65, 116), (26, 29, 140)]
[(14, 66, 70), (22, 30, 98)]
[(14, 66, 90), (18, 42, 110)]
[(14, 67, 114), (19, 42, 134)]
[(14, 68, 70), (20, 34, 98)]
[(14, 68, 77), (17, 44, 98)]
[(14, 68, 95), (20, 38, 119)]
[(14, 68, 125), (17, 50, 140)]
[(14, 69, 114), (21, 38, 138)]
[(14, 70, 87), (15, 58, 98)]
[(14, 73, 126), (18, 49, 146)]
[(14, 75, 93), (15, 62, 105)]
[(14, 75, 99), (15, 63, 110)]
[(14, 75, 126), (18, 50, 147)]
[(14, 76, 78), (26, 28, 114)]
[(14, 76, 80), (20, 38, 112)]
[(14, 76, 93), (21, 38, 124)]
[(14, 77, 85), (17, 49, 110)]
[(14, 78, 90), (26, 30, 126)]
[(14, 80, 88), (16, 56, 110)]
[(14, 80, 104), (26, 32, 140)]
[(14, 80, 124), (16, 62, 140)]
[(14, 90, 90), (18, 50, 126)]
[(14, 90, 111), (15, 74, 126)]
[(14, 92, 95), (23, 38, 140)]
[(14, 111, 112), (16, 74, 147)]
[(15, 29, 85), (17, 25, 87)]
[(15, 33, 70), (21, 22, 75)]
[(15, 34, 44), (20, 22, 51)]
[(15, 35, 69), (21, 23, 75)]
[(15, 37, 105), (21, 25, 111)]
[(15, 41, 116), (20, 29, 123)]
[(15, 41, 119), (17, 35, 123)]
[(15, 42, 54), (18, 30, 63)]
[(15, 42, 81), (21, 27, 90)]
[(15, 42, 140), (20, 30, 147)]
[(15, 44, 54), (20, 27, 66)]
[(15, 44, 90), (20, 30, 99)]
[(15, 45, 49), (21, 25, 63)]
[(15, 45, 63), (21, 27, 75)]
[(15, 45, 66), (18, 33, 75)]
[(15, 45, 126), (21, 30, 135)]
[(15, 49, 135), (25, 27, 147)]
[(15, 51, 65), (17, 39, 75)]
[(15, 52, 90), (18, 39, 100)]
[(15, 54, 78), (18, 39, 90)]
[(15, 54, 85), (25, 27, 102)]
[(15, 54, 88), (18, 40, 99)]
[(15, 54, 126), (18, 42, 135)]
[(15, 54, 135), (27, 27, 150)]
[(15, 55, 57), (19, 33, 75)]
[(15, 56, 136), (16, 51, 140)]
[(15, 57, 91), (19, 39, 105)]
[(15, 58, 66), (22, 30, 87)]
[(15, 58, 68), (20, 34, 87)]
[(15, 63, 81), (27, 27, 105)]
[(15, 63, 117), (21, 39, 135)]
[(15, 63, 126), (27, 30, 147)]
[(15, 64, 68), (16, 51, 80)]
[(15, 65, 105), (21, 39, 125)]
[(15, 66, 81), (18, 45, 99)]
[(15, 66, 130), (22, 39, 150)]
[(15, 68, 78), (20, 39, 102)]
[(15, 68, 126), (18, 51, 140)]
[(15, 69, 91), (21, 39, 115)]
[(15, 74, 78), (26, 30, 111)]
[(15, 74, 90), (18, 50, 111)]
[(15, 78, 81), (27, 30, 117)]
[(15, 81, 99), (27, 33, 135)]
[(15, 81, 105), (21, 45, 135)]
[(15, 81, 114), (18, 57, 135)]
[(15, 82, 85), (25, 34, 123)]
[(15, 82, 88), (22, 40, 123)]
[(15, 82, 92), (20, 46, 123)]
[(15, 82, 112), (16, 70, 123)]
[(15, 85, 116), (20, 51, 145)]
[(15, 90, 90), (30, 30, 135)]
[(15, 90, 112), (16, 75, 126)]
[(15, 90, 126), (18, 63, 150)]
[(15, 92, 102), (20, 51, 138)]
[(15, 98, 105), (21, 50, 147)]
[(15, 102, 105), (21, 51, 150)]
[(15, 102, 125), (17, 75, 150)]
[(15, 112, 116), (16, 87, 140)]
[(15, 112, 126), (16, 90, 147)]
[(16, 32, 126), (18, 28, 128)]
[(16, 40, 56), (20, 28, 64)]
[(16, 42, 105), (21, 30, 112)]
[(16, 44, 70), (22, 28, 80)]
[(16, 44, 80), (20, 32, 88)]
[(16, 44, 105), (20, 33, 112)]
[(16, 49, 100), (25, 28, 112)]
[(16, 52, 98), (26, 28, 112)]
[(16, 54, 105), (18, 45, 112)]
[(16, 55, 76), (19, 40, 88)]
[(16, 56, 57), (21, 32, 76)]
[(16, 56, 100), (20, 40, 112)]
[(16, 56, 112), (28, 28, 128)]
[(16, 57, 98), (21, 38, 112)]
[(16, 62, 91), (26, 31, 112)]
[(16, 62, 104), (26, 32, 124)]
[(16, 63, 90), (27, 30, 112)]
[(16, 63, 102), (18, 51, 112)]
[(16, 65, 68), (17, 52, 80)]
[(16, 68, 77), (17, 56, 88)]
[(16, 68, 112), (28, 32, 136)]
[(16, 68, 126), (18, 56, 136)]
[(16, 70, 85), (25, 34, 112)]
[(16, 70, 88), (22, 40, 112)]
[(16, 70, 92), (20, 46, 112)]
[(16, 70, 104), (28, 32, 130)]
[(16, 76, 91), (19, 52, 112)]
[(16, 77, 82), (22, 41, 112)]
[(16, 77, 102), (17, 66, 112)]
[(16, 80, 102), (30, 32, 136)]
[(16, 80, 104), (20, 52, 128)]
[(16, 80, 126), (18, 64, 140)]
[(16, 85, 100), (25, 40, 136)]
[(17, 35, 116), (20, 29, 119)]
[(17, 44, 58), (22, 29, 68)]
[(17, 44, 70), (20, 34, 77)]
[(17, 54, 87), (27, 29, 102)]
[(17, 63, 66), (18, 51, 77)]
[(17, 64, 116), (29, 32, 136)]
[(17, 66, 82), (22, 41, 102)]
[(17, 70, 100), (28, 34, 125)]
[(17, 70, 116), (29, 34, 140)]
[(17, 75, 105), (21, 51, 125)]
[(17, 78, 90), (18, 65, 102)]
[(17, 82, 87), (29, 34, 123)]
[(17, 88, 106), (22, 53, 136)]
[(17, 88, 126), (18, 77, 136)]
[(17, 91, 95), (19, 65, 119)]
[(17, 100, 104), (20, 65, 136)]
[(18, 33, 63), (21, 27, 66)]
[(18, 34, 99), (22, 27, 102)]
[(18, 42, 45), (21, 30, 54)]
[(18, 44, 45), (20, 33, 54)]
[(18, 46, 119), (23, 34, 126)]
[(18, 50, 78), (26, 30, 90)]
[(18, 50, 99), (27, 30, 110)]
[(18, 51, 90), (27, 30, 102)]
[(18, 52, 63), (27, 28, 78)]
[(18, 52, 105), (28, 30, 117)]
[(18, 54, 75), (27, 30, 90)]
[(18, 55, 57), (19, 45, 66)]
[(18, 56, 112), (28, 32, 126)]
[(18, 57, 99), (27, 33, 114)]
[(18, 57, 105), (21, 45, 114)]
[(18, 63, 95), (27, 35, 114)]
[(18, 63, 140), (20, 54, 147)]
[(18, 66, 70), (22, 42, 90)]
[(18, 66, 75), (30, 30, 99)]
[(18, 66, 105), (30, 33, 126)]
[(18, 68, 75), (20, 51, 90)]
[(18, 68, 90), (20, 54, 102)]
[(18, 69, 70), (21, 46, 90)]
[(18, 69, 95), (23, 45, 114)]
[(18, 69, 126), (21, 54, 138)]
[(18, 70, 102), (30, 34, 126)]
[(18, 70, 110), (22, 50, 126)]
[(18, 70, 116), (20, 58, 126)]
[(18, 70, 117), (21, 54, 130)]
[(18, 75, 126), (27, 42, 150)]
[(18, 75, 140), (20, 63, 150)]
[(18, 76, 98), (28, 38, 126)]
[(18, 77, 106), (22, 53, 126)]
[(18, 78, 98), (26, 42, 126)]
[(18, 80, 112), (20, 64, 126)]
[(18, 82, 99), (22, 54, 123)]
[(18, 86, 91), (26, 43, 126)]
[(18, 91, 114), (19, 78, 126)]
[(18, 92, 99), (27, 44, 138)]
[(18, 92, 105), (20, 69, 126)]
[(18, 93, 98), (21, 62, 126)]
[(18, 99, 105), (21, 66, 135)]
[(18, 100, 105), (28, 45, 150)]
[(18, 114, 115), (19, 90, 138)]
[(19, 35, 93), (21, 31, 95)]
[(19, 44, 50), (20, 38, 55)]
[(19, 46, 110), (22, 38, 115)]
[(19, 49, 124), (28, 31, 133)]
[(19, 49, 129), (21, 43, 133)]
[(19, 52, 62), (26, 31, 76)]
[(19, 66, 93), (31, 33, 114)]
[(19, 66, 105), (21, 55, 114)]
[(19, 69, 105), (21, 57, 115)]
[(19, 70, 121), (22, 55, 133)]
[(19, 74, 124), (31, 38, 148)]
[(19, 78, 86), (26, 43, 114)]
[(19, 86, 93), (31, 38, 129)]
[(19, 92, 100), (20, 76, 115)]
[(20, 33, 42), (21, 30, 44)]
[(20, 34, 66), (22, 30, 68)]
[(20, 35, 138), (23, 30, 140)]
[(20, 40, 49), (25, 28, 56)]
[(20, 42, 135), (27, 30, 140)]
[(20, 46, 85), (25, 34, 92)]
[(20, 46, 88), (22, 40, 92)]
[(20, 50, 133), (25, 38, 140)]
[(20, 51, 54), (27, 30, 68)]
[(20, 56, 64), (28, 32, 80)]
[(20, 56, 128), (32, 32, 140)]
[(20, 58, 102), (30, 34, 116)]
[(20, 58, 110), (22, 50, 116)]
[(20, 61, 110), (25, 44, 122)]
[(20, 63, 126), (27, 42, 140)]
[(20, 64, 66), (30, 32, 88)]
[(20, 64, 80), (32, 32, 100)]
[(20, 64, 112), (28, 40, 128)]
[(20, 64, 119), (32, 35, 136)]
[(20, 65, 110), (26, 44, 125)]
[(20, 66, 69), (30, 33, 92)]
[(20, 66, 85), (25, 44, 102)]
[(20, 66, 135), (27, 44, 150)]
[(20, 70, 88), (22, 56, 100)]
[(20, 70, 119), (34, 35, 140)]
[(20, 77, 100), (28, 44, 125)]
[(20, 77, 116), (29, 44, 140)]
[(20, 77, 130), (22, 65, 140)]
[(20, 78, 87), (30, 39, 116)]
[(20, 80, 112), (32, 40, 140)]
[(20, 81, 87), (27, 45, 116)]
[(20, 85, 87), (25, 51, 116)]
[(20, 85, 112), (25, 56, 136)]
[(20, 87, 105), (21, 75, 116)]
[(20, 88, 102), (30, 44, 136)]
[(20, 88, 105), (33, 40, 140)]
[(20, 90, 99), (30, 44, 135)]
[(20, 90, 105), (30, 45, 140)]
[(20, 91, 110), (26, 55, 140)]
[(20, 92, 119), (23, 68, 140)]
[(20, 93, 112), (21, 80, 124)]
[(20, 95, 98), (35, 38, 140)]
[(20, 98, 100), (28, 50, 140)]
[(20, 98, 104), (26, 56, 140)]
[(20, 98, 129), (21, 86, 140)]
[(20, 105, 126), (21, 90, 140)]
[(20, 105, 138), (21, 92, 150)]
[(21, 38, 52), (26, 28, 57)]
[(21, 42, 100), (28, 30, 105)]
[(21, 43, 124), (28, 31, 129)]
[(21, 44, 135), (27, 33, 140)]
[(21, 45, 99), (27, 33, 105)]
[(21, 46, 66), (22, 42, 69)]
[(21, 47, 135), (27, 35, 141)]
[(21, 47, 138), (23, 42, 141)]
[(21, 52, 66), (28, 33, 78)]
[(21, 55, 78), (30, 33, 91)]
[(21, 55, 93), (31, 33, 105)]
[(21, 57, 121), (33, 33, 133)]
[(21, 62, 76), (28, 38, 93)]
[(21, 62, 78), (26, 42, 93)]
[(21, 63, 90), (27, 42, 105)]
[(21, 63, 135), (27, 45, 147)]
[(21, 65, 87), (29, 39, 105)]
[(21, 66, 95), (33, 35, 114)]
[(21, 69, 95), (23, 57, 105)]
[(21, 70, 99), (22, 63, 105)]
[(21, 75, 78), (30, 39, 105)]
[(21, 75, 81), (27, 45, 105)]
[(21, 75, 85), (25, 51, 105)]
[(21, 75, 126), (30, 45, 147)]
[(21, 75, 133), (25, 57, 147)]
[(21, 76, 90), (28, 45, 114)]
[(21, 77, 123), (33, 41, 147)]
[(21, 78, 90), (30, 42, 117)]
[(21, 78, 99), (33, 39, 126)]
[(21, 85, 95), (25, 57, 119)]
[(21, 86, 95), (35, 38, 129)]
[(21, 86, 100), (28, 50, 129)]
[(21, 86, 104), (26, 56, 129)]
[(21, 88, 90), (33, 40, 126)]
[(21, 88, 102), (33, 42, 136)]
[(21, 90, 90), (30, 45, 126)]
[(21, 90, 99), (33, 42, 135)]
[(21, 94, 102), (34, 42, 141)]
[(21, 99, 105), (33, 45, 147)]
[(21, 100, 114), (28, 57, 150)]
[(22, 35, 69), (23, 33, 70)]
[(22, 40, 85), (25, 34, 88)]
[(22, 45, 63), (27, 33, 70)]
[(22, 47, 92), (23, 44, 94)]
[(22, 50, 102), (30, 34, 110)]
[(22, 51, 54), (27, 34, 66)]
[(22, 51, 90), (30, 34, 99)]
[(22, 57, 102), (33, 34, 114)]
[(22, 59, 105), (33, 35, 118)]
[(22, 59, 115), (23, 55, 118)]
[(22, 64, 68), (32, 34, 88)]
[(22, 65, 116), (29, 44, 130)]
[(22, 68, 69), (33, 34, 92)]
[(22, 71, 138), (23, 66, 142)]
[(22, 74, 85), (34, 37, 110)]
[(22, 78, 105), (33, 42, 130)]
[(22, 78, 119), (34, 42, 143)]
[(22, 80, 104), (32, 44, 130)]
[(22, 85, 88), (34, 40, 121)]
[(22, 85, 116), (34, 44, 145)]
[(22, 91, 100), (28, 55, 130)]
[(22, 92, 102), (34, 44, 138)]
[(22, 92, 105), (33, 46, 140)]
[(23, 42, 135), (27, 35, 138)]
[(23, 45, 63), (27, 35, 69)]
[(23, 55, 105), (33, 35, 115)]
[(23, 56, 80), (32, 35, 92)]
[(23, 66, 130), (30, 46, 143)]
[(23, 68, 70), (34, 35, 92)]
[(23, 70, 76), (28, 46, 95)]
[(23, 70, 102), (30, 46, 119)]
[(23, 75, 91), (35, 39, 115)]
[(23, 85, 105), (25, 69, 119)]
[(23, 90, 105), (35, 45, 138)]
[(23, 94, 102), (34, 47, 138)]
[(23, 94, 105), (35, 46, 141)]
[(23, 99, 117), (27, 69, 143)]
[(25, 39, 74), (26, 37, 75)]
[(25, 42, 42), (30, 30, 49)]
[(25, 42, 148), (28, 37, 150)]
[(25, 51, 78), (30, 39, 85)]
[(25, 51, 81), (27, 45, 85)]
[(25, 52, 98), (26, 49, 100)]
[(25, 54, 147), (27, 49, 150)]
[(25, 57, 126), (30, 45, 133)]
[(25, 58, 136), (34, 40, 145)]
[(25, 58, 138), (30, 46, 145)]
[(25, 63, 63), (27, 49, 75)]
[(25, 63, 126), (30, 49, 135)]
[(25, 64, 68), (32, 40, 85)]
[(25, 65, 111), (37, 39, 125)]
[(25, 65, 122), (26, 61, 125)]
[(25, 66, 68), (30, 44, 85)]
[(25, 66, 98), (30, 49, 110)]
[(25, 66, 110), (30, 50, 121)]
[(25, 74, 76), (37, 38, 100)]
[(25, 74, 88), (37, 40, 110)]
[(25, 76, 112), (40, 40, 133)]
[(25, 77, 105), (33, 49, 125)]
[(25, 78, 146), (26, 73, 150)]
[(25, 81, 111), (37, 45, 135)]
[(25, 87, 117), (39, 45, 145)]
[(25, 87, 119), (35, 51, 145)]
[(25, 87, 126), (30, 63, 145)]
[(25, 87, 135), (27, 75, 145)]
[(25, 88, 88), (40, 40, 121)]
[(25, 88, 116), (40, 44, 145)]
[(25, 95, 98), (35, 50, 133)]
[(25, 98, 111), (37, 50, 147)]
[(25, 98, 114), (38, 49, 150)]
[(25, 99, 99), (27, 75, 121)]
[(25, 102, 111), (37, 51, 150)]
[(25, 102, 116), (30, 68, 145)]
[(25, 102, 135), (27, 85, 150)]
[(25, 112, 116), (28, 80, 145)]
[(26, 42, 76), (28, 38, 78)]
[(26, 45, 114), (30, 38, 117)]
[(26, 54, 75), (27, 50, 78)]
[(26, 56, 95), (35, 38, 104)]
[(26, 56, 100), (28, 50, 104)]
[(26, 57, 66), (33, 38, 78)]
[(26, 58, 125), (29, 50, 130)]
[(26, 61, 111), (37, 39, 122)]
[(26, 63, 114), (38, 39, 126)]
[(26, 66, 100), (30, 52, 110)]
[(26, 67, 124), (31, 52, 134)]
[(26, 70, 114), (38, 42, 130)]
[(26, 70, 124), (28, 62, 130)]
[(26, 75, 76), (38, 39, 100)]
[(26, 75, 88), (39, 40, 110)]
[(26, 76, 80), (38, 40, 104)]
[(26, 77, 100), (28, 65, 110)]
[(26, 80, 80), (32, 50, 104)]
[(26, 80, 88), (32, 52, 110)]
[(26, 81, 111), (27, 74, 117)]
[(26, 90, 93), (30, 62, 117)]
[(26, 90, 99), (27, 78, 110)]
[(26, 94, 95), (38, 47, 130)]
[(26, 95, 110), (38, 50, 143)]
[(26, 100, 111), (39, 50, 148)]
[(26, 100, 114), (38, 52, 150)]
[(27, 42, 52), (28, 39, 54)]
[(27, 45, 78), (30, 39, 81)]
[(27, 51, 130), (34, 39, 135)]
[(27, 55, 93), (31, 45, 99)]
[(27, 55, 129), (33, 43, 135)]
[(27, 65, 123), (39, 41, 135)]
[(27, 66, 90), (30, 54, 99)]
[(27, 75, 117), (39, 45, 135)]
[(27, 75, 119), (35, 51, 135)]
[(27, 75, 126), (30, 63, 135)]
[(27, 77, 87), (29, 63, 99)]
[(27, 78, 105), (30, 63, 117), (39, 45, 126)]
[(27, 78, 125), (30, 65, 135)]
[(27, 82, 102), (34, 54, 123)]
[(27, 85, 111), (37, 51, 135)]
[(27, 87, 125), (29, 75, 135)]
[(27, 90, 105), (42, 45, 135)]
[(27, 91, 93), (31, 63, 117)]
[(27, 93, 110), (33, 62, 135)]
[(27, 93, 115), (31, 69, 135)]
[(27, 95, 105), (35, 57, 135)]
[(27, 98, 114), (38, 54, 147)]
[(27, 99, 105), (33, 63, 135)]
[(27, 100, 114), (30, 76, 135)]
[(27, 100, 126), (28, 90, 135)]
[(27, 105, 105), (45, 45, 147)]
[(27, 105, 124), (28, 93, 135)]
[(27, 105, 126), (30, 81, 147)]
[(28, 50, 95), (35, 38, 100)]
[(28, 57, 66), (33, 42, 76)]
[(28, 58, 65), (29, 52, 70)]
[(28, 62, 91), (31, 52, 98)]
[(28, 62, 114), (38, 42, 124)]
[(28, 64, 100), (40, 40, 112)]
[(28, 64, 104), (32, 52, 112)]
[(28, 65, 66), (30, 52, 77)]
[(28, 66, 80), (30, 56, 88)]
[(28, 66, 117), (33, 52, 126)]
[(28, 68, 128), (32, 56, 136)]
[(28, 68, 130), (34, 52, 140)]
[(28, 70, 85), (34, 49, 100)]
[(28, 71, 130), (35, 52, 142)]
[(28, 74, 133), (38, 49, 148)]
[(28, 75, 78), (39, 42, 100)]
[(28, 75, 90), (30, 63, 100)]
[(28, 78, 80), (40, 42, 104)]
[(28, 78, 95), (35, 52, 114)]
[(28, 80, 80), (32, 56, 100)]
[(28, 80, 88), (40, 44, 112)]
[(28, 80, 102), (30, 68, 112)]
[(28, 80, 119), (35, 56, 136)]
[(28, 80, 128), (32, 64, 140)]
[(28, 85, 112), (40, 49, 136)]
[(28, 90, 93), (42, 45, 124)]
[(28, 90, 114), (30, 76, 126)]
[(28, 93, 95), (35, 57, 124)]
[(28, 93, 99), (33, 63, 124)]
[(28, 95, 102), (30, 76, 119)]
[(28, 100, 104), (40, 52, 140)]
[(28, 102, 111), (42, 51, 148)]
[(28, 104, 111), (39, 56, 148)]
[(28, 116, 125), (29, 100, 140)]
[(29, 51, 82), (34, 41, 87)]
[(29, 66, 70), (30, 58, 77)]
[(29, 68, 106), (34, 53, 116)]
[(29, 75, 78), (30, 65, 87)]
[(29, 80, 104), (32, 65, 116)]
[(29, 82, 92), (41, 46, 116)]
[(29, 85, 123), (41, 51, 145)]
[(29, 85, 130), (34, 65, 145)]
[(29, 105, 121), (33, 77, 145)]
[(30, 44, 64), (32, 40, 66)]
[(30, 45, 88), (33, 40, 90)]
[(30, 46, 136), (34, 40, 138)]
[(30, 51, 70), (34, 42, 75)]
[(30, 55, 62), (31, 50, 66)]
[(30, 57, 98), (38, 42, 105)]
[(30, 57, 110), (33, 50, 114)]
[(30, 63, 78), (39, 42, 90)]
[(30, 63, 88), (40, 42, 99)]
[(30, 63, 119), (35, 51, 126)]
[(30, 63, 126), (42, 42, 135)]
[(30, 66, 81), (33, 54, 90)]
[(30, 66, 98), (42, 42, 110)]
[(30, 66, 140), (42, 44, 150)]
[(30, 68, 88), (40, 44, 102)]
[(30, 69, 126), (42, 45, 138)]
[(30, 70, 117), (42, 45, 130)]
[(30, 70, 138), (42, 46, 150)]
[(30, 74, 85), (37, 50, 102)]
[(30, 75, 136), (40, 51, 150)]
[(30, 77, 117), (33, 65, 126)]
[(30, 78, 135), (39, 54, 150)]
[(30, 80, 88), (32, 66, 100)]
[(30, 81, 105), (45, 45, 126)]
[(30, 86, 105), (42, 50, 129)]
[(30, 86, 115), (43, 50, 138)]
[(30, 87, 130), (39, 58, 150)]
[(30, 88, 115), (40, 55, 138)]
[(30, 88, 119), (35, 66, 136)]
[(30, 90, 98), (42, 50, 126)]
[(30, 90, 126), (42, 54, 150)]
[(30, 91, 93), (31, 78, 105)]
[(30, 91, 99), (39, 55, 126)]
[(30, 92, 110), (44, 50, 138)]
[(30, 92, 112), (40, 56, 138)]
[(30, 92, 119), (35, 68, 138)]
[(30, 92, 128), (32, 80, 138)]
[(30, 99, 105), (33, 75, 126)]
[(30, 99, 117), (33, 78, 135)]
[(30, 100, 117), (45, 52, 150)]
[(30, 102, 130), (34, 78, 150)]
[(30, 105, 114), (42, 57, 150)]
[(30, 110, 114), (38, 66, 150)]
[(30, 110, 129), (33, 86, 150)]
[(30, 115, 124), (31, 100, 138)]
[(31, 57, 86), (38, 43, 93)]
[(31, 69, 110), (33, 62, 115)]
[(31, 76, 110), (38, 55, 124)]
[(31, 86, 100), (43, 50, 124)]
[(31, 88, 100), (40, 55, 124)]
[(31, 104, 112), (32, 91, 124)]
[(32, 50, 76), (38, 40, 80)]
[(32, 52, 75), (39, 40, 80)]
[(32, 52, 100), (40, 40, 104)]
[(32, 68, 70), (34, 56, 80)]
[(32, 69, 88), (33, 64, 92)]
[(32, 70, 136), (34, 64, 140)]
[(32, 76, 98), (38, 56, 112)]
[(32, 78, 112), (42, 52, 128)]
[(32, 80, 110), (44, 50, 128)]
[(32, 80, 112), (40, 56, 128)]
[(32, 80, 119), (35, 68, 128)]
[(32, 88, 104), (44, 52, 128)]
[(32, 88, 105), (33, 80, 112)]
[(32, 95, 112), (35, 76, 128)]
[(32, 100, 112), (40, 64, 140)]
[(32, 100, 119), (35, 80, 136)]
[(33, 46, 68), (34, 44, 69)]
[(33, 47, 140), (35, 44, 141)]
[(33, 56, 100), (40, 44, 105)]
[(33, 63, 65), (39, 45, 77)]
[(33, 63, 90), (42, 45, 99)]
[(33, 63, 95), (35, 57, 99)]
[(33, 63, 140), (44, 45, 147)]
[(33, 68, 90), (44, 45, 102)]
[(33, 70, 92), (44, 46, 105)]
[(33, 70, 102), (34, 66, 105)]
[(33, 75, 81), (45, 45, 99)]
[(33, 75, 91), (39, 55, 105)]
[(33, 85, 99), (45, 51, 121)]
[(33, 86, 114), (38, 66, 129)]
[(33, 90, 91), (42, 55, 117)]
[(33, 90, 115), (45, 55, 138)]
[(33, 92, 114), (44, 57, 138)]
[(33, 94, 115), (46, 55, 141)]
[(33, 94, 116), (44, 58, 141)]
[(33, 94, 136), (34, 88, 141)]
[(33, 95, 117), (45, 57, 143)]
[(33, 119, 130), (34, 105, 143)]
[(34, 65, 123), (41, 51, 130)]
[(34, 66, 92), (44, 46, 102)]
[(34, 69, 90), (45, 46, 102)]
[(34, 71, 140), (35, 68, 142)]
[(34, 75, 117), (45, 51, 130)]
[(34, 75, 138), (46, 51, 150)]
[(34, 78, 87), (39, 58, 102)]
[(34, 87, 92), (46, 51, 116)]
[(34, 88, 115), (46, 55, 136)]
[(34, 88, 116), (44, 58, 136)]
[(34, 92, 112), (46, 56, 136)]
[(34, 95, 98), (38, 70, 119)]
[(34, 100, 104), (40, 68, 130)]
[(34, 100, 112), (40, 70, 136)]
[(35, 51, 117), (39, 45, 119)]
[(35, 57, 90), (42, 45, 95)]
[(35, 63, 141), (45, 47, 147)]
[(35, 68, 110), (44, 50, 119)]
[(35, 68, 112), (40, 56, 119)]
[(35, 69, 94), (46, 47, 105)]
[(35, 76, 78), (42, 52, 95)]
[(35, 76, 80), (40, 56, 95)]
[(35, 78, 118), (42, 59, 130)]
[(35, 81, 102), (45, 54, 119)]
[(35, 85, 98), (49, 50, 119)]
[(35, 85, 111), (37, 75, 119)]
[(35, 88, 102), (40, 66, 119)]
[(35, 88, 130), (40, 70, 143)]
[(35, 91, 121), (49, 55, 143)]
[(35, 92, 118), (46, 59, 140)]
[(35, 94, 104), (47, 56, 130)]
[(35, 94, 116), (47, 58, 140)]
[(35, 99, 117), (45, 63, 143)]
[(35, 104, 110), (50, 56, 143)]
[(35, 111, 133), (37, 95, 147)]
[(37, 52, 147), (39, 49, 148)]
[(37, 63, 105), (45, 49, 111)]
[(37, 75, 98), (49, 50, 111)]
[(37, 76, 146), (38, 73, 148)]
[(37, 88, 110), (40, 74, 121)]
[(37, 98, 114), (42, 74, 133)]
[(37, 98, 124), (49, 62, 148)]
[(37, 100, 122), (50, 61, 148)]
[(37, 100, 136), (40, 85, 148)]
[(37, 110, 116), (44, 74, 145)]
[(37, 112, 112), (49, 64, 148)]
[(38, 52, 75), (39, 50, 76)]
[(38, 66, 105), (42, 57, 110)]
[(38, 67, 129), (43, 57, 134)]
[(38, 75, 102), (50, 51, 114)]
[(38, 78, 100), (50, 52, 114)]
[(38, 78, 111), (39, 74, 114)]
[(38, 88, 100), (40, 76, 110)]
[(38, 90, 90), (50, 54, 114)]
[(38, 90, 93), (45, 62, 114)]
[(38, 90, 105), (50, 57, 126)]
[(38, 93, 100), (50, 57, 124)]
[(39, 56, 102), (42, 51, 104)]
[(39, 66, 68), (44, 51, 78)]
[(39, 70, 126), (42, 63, 130)]
[(39, 74, 100), (50, 52, 111)]
[(39, 76, 102), (51, 52, 114)]
[(39, 77, 90), (42, 65, 99)]
[(39, 77, 140), (44, 65, 147)]
[(39, 80, 100), (40, 75, 104)]
[(39, 81, 102), (51, 54, 117)]
[(39, 81, 105), (45, 63, 117)]
[(39, 81, 125), (45, 65, 135)]
[(39, 82, 125), (41, 75, 130)]
[(39, 88, 90), (40, 78, 99)]
[(39, 90, 105), (42, 75, 117)]
[(39, 90, 126), (42, 78, 135)]
[(39, 98, 124), (52, 62, 147)]
[(39, 98, 125), (50, 65, 147)]
[(39, 99, 119), (51, 63, 143)]
[(39, 100, 126), (52, 63, 150)]
[(39, 102, 125), (51, 65, 150)]
[(39, 105, 126), (45, 78, 147)]
[(39, 112, 112), (52, 64, 147)]
[(39, 112, 140), (40, 104, 147)]
[(40, 55, 86), (43, 50, 88)]
[(40, 56, 78), (42, 52, 80)]
[(40, 56, 110), (44, 50, 112)]
[(40, 66, 81), (45, 54, 88)]
[(40, 70, 92), (46, 56, 100)]
[(40, 74, 140), (50, 56, 148)]
[(40, 77, 78), (42, 65, 88)]
[(40, 77, 82), (41, 70, 88)]
[(40, 77, 104), (44, 65, 112)]
[(40, 78, 140), (52, 56, 150)]
[(40, 80, 88), (44, 64, 100)]
[(40, 80, 98), (50, 56, 112)]
[(40, 85, 122), (50, 61, 136)]
[(40, 88, 91), (52, 55, 112)]
[(40, 91, 92), (52, 56, 115)]
[(40, 94, 119), (47, 70, 136)]
[(40, 99, 126), (42, 88, 135)]
[(40, 102, 110), (50, 66, 136)]
[(40, 102, 117), (45, 78, 136)]
[(40, 102, 126), (42, 90, 136)]
[(40, 104, 112), (52, 64, 140)]
[(40, 114, 119), (42, 95, 136)]
[(40, 116, 121), (44, 88, 145)]
[(41, 70, 78), (42, 65, 82)]
[(41, 75, 117), (45, 65, 123)]
[(41, 87, 106), (53, 58, 123)]
[(41, 99, 105), (45, 77, 123)]
[(42, 63, 85), (49, 51, 90)]
[(42, 68, 99), (44, 63, 102)]
[(42, 68, 135), (51, 54, 140)]
[(42, 69, 133), (49, 57, 138)]
[(42, 69, 135), (45, 63, 138)]
[(42, 70, 145), (49, 58, 150)]
[(42, 75, 81), (45, 63, 90)]
[(42, 76, 104), (52, 56, 114)]
[(42, 76, 117), (52, 57, 126)]
[(42, 80, 140), (56, 56, 150)]
[(42, 81, 90), (54, 54, 105)]
[(42, 81, 104), (54, 56, 117)]
[(42, 81, 114), (54, 57, 126)]
[(42, 85, 140), (49, 68, 150)]
[(42, 86, 91), (43, 78, 98)]
[(42, 88, 104), (44, 78, 112)]
[(42, 90, 110), (50, 66, 126)]
[(42, 90, 117), (45, 78, 126)]
[(42, 90, 135), (54, 63, 150)]
[(42, 92, 130), (46, 78, 140)]
[(42, 94, 95), (47, 70, 114)]
[(42, 99, 102), (51, 66, 126)]
[(42, 99, 115), (55, 63, 138)]
[(42, 99, 116), (44, 87, 126)]
[(42, 99, 126), (54, 66, 147)]
[(42, 99, 140), (44, 90, 147)]
[(42, 100, 128), (56, 64, 150)]
[(42, 100, 130), (52, 70, 150)]
[(42, 100, 133), (49, 76, 150)]
[(42, 104, 125), (56, 65, 150)]
[(42, 105, 135), (45, 90, 147)]
[(42, 106, 125), (53, 70, 150)]
[(42, 110, 125), (50, 77, 150)]
[(42, 110, 140), (44, 98, 150)]
[(42, 115, 117), (45, 91, 138)]
[(42, 115, 129), (43, 105, 138)]
[(42, 115, 130), (46, 91, 150)]
[(43, 92, 110), (44, 86, 115)]
[(43, 93, 110), (55, 62, 129)]
[(43, 99, 105), (55, 63, 129)]
[(43, 105, 117), (45, 91, 129)]
[(44, 58, 115), (46, 55, 116)]
[(44, 69, 90), (45, 66, 92)]
[(44, 70, 138), (46, 66, 140)]
[(44, 80, 91), (55, 56, 104)]
[(44, 80, 98), (56, 56, 110)]
[(44, 85, 98), (49, 68, 110)]
[(44, 85, 110), (50, 68, 121)]
[(44, 87, 102), (51, 66, 116)]
[(44, 90, 126), (54, 66, 140)]
[(44, 91, 125), (55, 65, 140)]
[(44, 98, 125), (50, 77, 140)]
[(44, 102, 112), (56, 66, 136)]
[(44, 102, 115), (55, 68, 138)]
[(44, 104, 119), (56, 68, 143)]
[(44, 105, 114), (57, 66, 140)]
[(44, 105, 115), (55, 69, 140)]
[(44, 105, 135), (45, 99, 140)]
[(45, 62, 90), (50, 54, 93)]
[(45, 63, 102), (51, 54, 105)]
[(45, 63, 133), (49, 57, 135)]
[(45, 75, 98), (50, 63, 105)]
[(45, 76, 78), (52, 57, 90)]
[(45, 76, 90), (54, 57, 100)]
[(45, 78, 110), (50, 66, 117)]
[(45, 87, 133), (57, 63, 145)]
[(45, 90, 138), (54, 69, 150)]
[(45, 91, 99), (55, 63, 117)]
[(45, 92, 126), (54, 69, 140)]
[(45, 94, 126), (54, 70, 141)]
[(45, 94, 138), (46, 90, 141)]
[(45, 98, 135), (50, 81, 147)]
[(45, 99, 114), (57, 66, 135)]
[(45, 99, 115), (55, 69, 135)]
[(45, 102, 135), (51, 81, 150)]
[(45, 130, 138), (46, 117, 150)]
[(46, 68, 87), (51, 58, 92)]
[(46, 71, 141), (47, 69, 142)]
[(46, 87, 126), (58, 63, 138)]
[(46, 90, 117), (54, 69, 130)]
[(46, 90, 126), (54, 70, 138)]
[(46, 91, 100), (52, 70, 115)]
[(46, 102, 116), (58, 68, 138)]
[(46, 102, 123), (51, 82, 138)]
[(46, 104, 105), (56, 69, 130)]
[(46, 105, 114), (57, 70, 138)]
[(46, 105, 116), (58, 69, 140)]
[(47, 105, 118), (59, 70, 141)]
[(47, 105, 133), (49, 95, 141)]
[(47, 110, 130), (50, 94, 143)]
[(49, 68, 80), (56, 56, 85)]
[(49, 75, 146), (50, 73, 147)]
[(49, 76, 128), (56, 64, 133)]
[(49, 76, 130), (52, 70, 133)]
[(49, 87, 135), (63, 63, 145)]
[(49, 95, 118), (59, 70, 133)]
[(49, 99, 99), (63, 63, 121)]
[(49, 99, 114), (63, 66, 133)]
[(49, 102, 135), (54, 85, 147)]
[(49, 104, 114), (56, 78, 133)]
[(49, 110, 110), (50, 98, 121)]
[(49, 111, 122), (61, 74, 147)]
[(50, 65, 124), (52, 62, 125)]
[(50, 76, 93), (57, 62, 100)]
[(50, 77, 91), (55, 65, 98)]
[(50, 77, 104), (56, 65, 110)]
[(50, 77, 106), (53, 70, 110)]
[(50, 78, 148), (52, 74, 150)]
[(50, 88, 104), (52, 80, 110)]
[(50, 90, 99), (54, 75, 110)]
[(50, 93, 138), (62, 69, 150)]
[(50, 99, 102), (51, 90, 110)]
[(50, 102, 147), (51, 98, 150)]
[(50, 111, 124), (62, 75, 148)]
[(50, 111, 126), (63, 74, 150)]
[(50, 114, 124), (62, 76, 150)]
[(50, 114, 129), (57, 86, 150)]
[(50, 126, 126), (54, 98, 150)]
[(51, 78, 100), (52, 75, 102)]
[(51, 82, 116), (58, 68, 123)]
[(51, 88, 126), (63, 66, 136)]
[(51, 90, 90), (54, 75, 102)]
[(51, 90, 140), (63, 68, 150)]
[(51, 92, 126), (63, 68, 138)]
[(51, 95, 105), (57, 75, 119)]
[(51, 105, 133), (57, 85, 147)]
[(51, 112, 116), (56, 87, 136)]
[(51, 126, 126), (54, 102, 147)]
[(52, 70, 128), (56, 64, 130)]
[(52, 77, 80), (56, 65, 88)]
[(52, 81, 114), (54, 76, 117)]
[(52, 90, 90), (54, 78, 100)]
[(52, 93, 114), (57, 78, 124)]
[(52, 95, 118), (59, 76, 130)]
[(52, 106, 125), (53, 100, 130)]
[(52, 111, 125), (65, 75, 148)]
[(52, 111, 126), (63, 78, 148)]
[(52, 114, 125), (65, 76, 150)]
[(53, 70, 104), (56, 65, 106)]
[(54, 70, 87), (58, 63, 90)]
[(54, 75, 147), (63, 63, 150)]
[(54, 87, 130), (58, 78, 135)]
[(54, 98, 111), (63, 74, 126)]
[(54, 104, 105), (56, 90, 117)]
[(54, 105, 114), (57, 90, 126)]
[(54, 105, 135), (63, 81, 150)]
[(54, 110, 111), (66, 74, 135)]
[(54, 117, 125), (65, 81, 150)]
[(55, 69, 114), (57, 66, 115)]
[(55, 92, 102), (66, 68, 115)]
[(55, 92, 112), (56, 88, 115)]
[(55, 98, 104), (56, 91, 110)]
[(56, 78, 99), (63, 66, 104)]
[(56, 80, 136), (64, 68, 140)]
[(56, 88, 102), (66, 68, 112)]
[(56, 100, 128), (64, 80, 140)]
[(56, 104, 125), (65, 80, 140)]
[(56, 110, 124), (62, 88, 140)]
[(56, 114, 117), (57, 104, 126)]
[(56, 116, 130), (58, 104, 140)]
[(57, 86, 124), (62, 76, 129)]
[(57, 92, 102), (68, 69, 114)]
[(57, 100, 138), (69, 76, 150)]
[(58, 80, 112), (64, 70, 116)]
[(58, 85, 140), (68, 70, 145)]
[(58, 92, 105), (69, 70, 116)]
[(58, 100, 133), (70, 76, 145)]
[(61, 102, 110), (66, 85, 122)]
[(62, 99, 105), (63, 93, 110)]
[(62, 100, 111), (74, 75, 124)]
[(62, 112, 112), (64, 98, 124)]
[(63, 78, 125), (65, 75, 126)]
[(63, 90, 130), (70, 78, 135)]
[(63, 99, 125), (75, 77, 135)]
[(63, 100, 114), (75, 76, 126)]
[(63, 102, 116), (68, 87, 126)]
[(63, 102, 140), (68, 90, 147)]
[(63, 105, 135), (75, 81, 147)]
[(63, 105, 138), (69, 90, 147)]
[(63, 110, 126), (66, 98, 135)]
[(63, 114, 121), (66, 99, 133)]
[(63, 115, 117), (69, 91, 135)]
[(63, 117, 125), (65, 105, 135)]
[(63, 117, 126), (78, 81, 147)]
[(64, 92, 105), (69, 80, 112)]
[(64, 104, 114), (76, 78, 128)]
[(64, 104, 125), (65, 100, 128)]
[(65, 99, 105), (75, 77, 117)]
[(65, 99, 126), (77, 78, 135)]
[(65, 100, 114), (76, 78, 125)]
[(65, 105, 115), (69, 91, 125)]
[(65, 119, 121), (77, 85, 143)]
[(66, 92, 136), (68, 88, 138)]
[(66, 115, 134), (67, 110, 138)]
[(66, 119, 130), (70, 102, 143)]
[(66, 125, 126), (77, 90, 150)]
[(67, 98, 130), (70, 91, 134)]
[(68, 95, 112), (76, 80, 119)]
[(68, 100, 128), (80, 80, 136)]
[(68, 100, 133), (76, 85, 140)]
[(68, 105, 138), (69, 102, 140)]
[(68, 112, 130), (70, 104, 136)]
[(69, 90, 135), (75, 81, 138)]
[(69, 94, 140), (70, 92, 141)]
[(69, 114, 124), (76, 93, 138)]
[(69, 126, 130), (70, 117, 138)]
[(70, 90, 123), (75, 82, 126)]
[(70, 116, 123), (82, 87, 140)]
[(70, 123, 126), (82, 90, 147)]
[(71, 114, 130), (78, 95, 142)]
[(73, 110, 136), (85, 88, 146)]
[(74, 100, 147), (75, 98, 148)]
[(74, 112, 140), (80, 98, 148)]
[(74, 124, 129), (86, 93, 148)]
[(75, 102, 145), (85, 87, 150)]
[(75, 112, 140), (80, 100, 147)]
[(75, 114, 148), (76, 111, 150)]
[(75, 116, 126), (87, 90, 140)]
[(75, 116, 138), (87, 92, 150)]
[(75, 117, 126), (78, 105, 135)]
[(75, 119, 133), (85, 95, 147)]
[(75, 126, 126), (90, 90, 147)]
[(76, 112, 121), (88, 88, 133)]
[(78, 115, 126), (90, 91, 138)]
[(78, 115, 140), (91, 92, 150)]
[(81, 123, 130), (82, 117, 135)]
[(85, 114, 126), (90, 102, 133)]
[(85, 116, 138), (92, 102, 145)]
[(86, 105, 126), (90, 98, 129)]
[(87, 121, 135), (99, 99, 145)]
[(87, 126, 140), (90, 116, 147)]
[(88, 102, 135), (90, 99, 136)]
[(90, 105, 124), (93, 100, 126)]
[(90, 110, 147), (98, 99, 150)]
[(90, 114, 119), (95, 102, 126)]
[(90, 130, 141), (94, 117, 150)]
[(90, 138, 140), (92, 126, 150)]
[(114, 140, 145), (116, 133, 150)]
