[(2, 18, 24), (3, 9, 32)]
[(2, 20, 20), (5, 5, 32)]
[(2, 21, 66), (6, 6, 77)]
[(2, 23, 80), (5, 8, 92)]
[(2, 31, 48), (3, 16, 62)]
[(2, 33, 51), (3, 17, 66)]
[(2, 33, 63), (3, 18, 77)]
[(2, 34, 48), (3, 17, 64)]
[(2, 35, 55), (5, 10, 77)]
[(2, 36, 69), (6, 9, 92)]
[(2, 44, 49), (4, 14, 77)]
[(2, 46, 64), (4, 16, 92)]
[(2, 48, 69), (3, 24, 92)]
[(2, 49, 68), (4, 17, 98)]
[(2, 51, 64), (4, 17, 96)]
[(2, 61, 80), (5, 16, 122)]
[(2, 61, 93), (3, 31, 122)]
[(2, 63, 96), (3, 32, 126)]
[(2, 64, 93), (3, 32, 124)]
[(2, 65, 85), (5, 17, 130)]
[(2, 68, 80), (5, 17, 128)]
[(2, 72, 78), (3, 32, 117)]
[(3, 20, 40), (5, 10, 48)]
[(3, 21, 22), (6, 7, 33)]
[(3, 21, 54), (6, 9, 63)]
[(3, 23, 128), (8, 8, 138)]
[(3, 24, 36), (6, 9, 48)]
[(3, 26, 66), (6, 11, 78)]
[(3, 27, 64), (4, 18, 72)]
[(3, 27, 96), (6, 12, 108)]
[(3, 31, 80), (5, 16, 93)]
[(3, 32, 34), (4, 17, 48)]
[(3, 34, 36), (4, 18, 51)]
[(3, 36, 42), (6, 12, 63)]
[(3, 36, 49), (4, 21, 63)]
[(3, 36, 80), (5, 18, 96)]
[(3, 39, 54), (9, 9, 78)]
[(3, 39, 64), (4, 24, 78)]
[(3, 40, 115), (10, 10, 138)]
[(3, 41, 99), (9, 11, 123)]
[(3, 42, 52), (7, 12, 78)]
[(3, 42, 126), (6, 18, 147)]
[(3, 46, 112), (7, 16, 138)]
[(3, 46, 124), (4, 31, 138)]
[(3, 48, 81), (6, 18, 108)]
[(3, 49, 132), (4, 33, 147)]
[(3, 50, 115), (5, 25, 138)]
[(3, 51, 62), (6, 17, 93)]
[(3, 51, 72), (6, 18, 102)]
[(3, 54, 66), (6, 18, 99)]
[(3, 54, 72), (9, 12, 108)]
[(3, 54, 80), (5, 24, 108)]
[(3, 54, 112), (7, 18, 144)]
[(3, 62, 64), (4, 32, 93)]
[(3, 63, 82), (7, 18, 123)]
[(3, 64, 66), (4, 33, 96)]
[(3, 64, 81), (4, 36, 108)]
[(3, 64, 115), (4, 40, 138)]
[(3, 66, 82), (6, 22, 123)]
[(3, 68, 92), (8, 17, 138)]
[(3, 69, 96), (6, 24, 138)]
[(3, 72, 98), (8, 18, 147)]
[(3, 80, 92), (5, 32, 138)]
[(3, 80, 99), (5, 33, 144)]
[(3, 92, 94), (4, 47, 138)]
[(3, 94, 96), (4, 48, 141)]
[(4, 21, 42), (6, 12, 49)]
[(4, 22, 56), (7, 11, 64)]
[(4, 24, 54), (9, 9, 64)]
[(4, 25, 95), (5, 19, 100)]
[(4, 28, 52), (7, 13, 64)]
[(4, 31, 112), (7, 16, 124)]
[(4, 32, 51), (6, 17, 64)]
[(4, 35, 35), (5, 20, 49)]
[(4, 36, 48), (6, 18, 64)]
[(4, 36, 57), (6, 19, 72)]
[(4, 37, 133), (7, 19, 148)]
[(4, 38, 51), (6, 19, 68)]
[(4, 38, 112), (7, 19, 128)]
[(4, 40, 40), (10, 10, 64)]
[(4, 40, 50), (5, 25, 64)]
[(4, 47, 68), (8, 17, 94)]
[(4, 47, 80), (5, 32, 94)]
[(4, 50, 85), (5, 34, 100)]
[(4, 51, 80), (5, 34, 96)]
[(4, 53, 76), (8, 19, 106)]
[(4, 54, 93), (9, 18, 124)]
[(4, 54, 114), (9, 19, 144)]
[(4, 57, 68), (8, 19, 102)]
[(4, 57, 99), (9, 19, 132)]
[(4, 62, 85), (10, 17, 124)]
[(4, 62, 96), (6, 32, 124)]
[(4, 66, 93), (6, 33, 124)]
[(4, 66, 102), (6, 34, 132)]
[(4, 68, 96), (6, 34, 128)]
[(4, 70, 95), (10, 19, 140)]
[(4, 76, 85), (10, 19, 136)]
[(4, 80, 93), (5, 48, 124)]
[(4, 80, 98), (5, 49, 128)]
[(5, 24, 72), (9, 12, 80)]
[(5, 25, 40), (10, 10, 50)]
[(5, 25, 96), (6, 20, 100)]
[(5, 26, 55), (10, 11, 65)]
[(5, 28, 130), (10, 13, 140)]
[(5, 32, 68), (8, 17, 80)]
[(5, 35, 52), (7, 20, 65)]
[(5, 35, 128), (8, 20, 140)]
[(5, 36, 72), (6, 27, 80)]
[(5, 38, 64), (8, 19, 80)]
[(5, 38, 80), (8, 20, 95)]
[(5, 40, 68), (8, 20, 85)]
[(5, 40, 76), (10, 16, 95)]
[(5, 44, 56), (11, 14, 80)]
[(5, 48, 54), (9, 18, 80)]
[(5, 48, 66), (6, 33, 80)]
[(5, 48, 115), (10, 20, 138)]
[(5, 50, 100), (10, 20, 125)]
[(5, 51, 64), (6, 34, 80)]
[(5, 51, 70), (6, 35, 85)]
[(5, 52, 56), (7, 26, 80)]
[(5, 55, 80), (10, 20, 110)]
[(5, 55, 96), (6, 40, 110)]
[(5, 55, 112), (10, 22, 140)]
[(5, 55, 116), (11, 20, 145)]
[(5, 56, 110), (11, 20, 140)]
[(5, 66, 70), (10, 21, 110)]
[(5, 70, 100), (10, 25, 140)]
[(5, 70, 112), (7, 40, 140)]
[(5, 80, 98), (8, 35, 140)]
[(6, 22, 63), (7, 18, 66)]
[(6, 24, 27), (9, 12, 36)]
[(6, 26, 88), (11, 13, 96)]
[(6, 27, 72), (12, 12, 81)]
[(6, 28, 117), (12, 13, 126)]
[(6, 32, 85), (10, 17, 96)]
[(6, 33, 54), (9, 18, 66)]
[(6, 34, 38), (8, 19, 51)]
[(6, 35, 99), (9, 21, 110)]
[(6, 36, 84), (9, 21, 96)]
[(6, 37, 99), (9, 22, 111)]
[(6, 38, 42), (8, 21, 57)]
[(6, 39, 63), (9, 21, 78)]
[(6, 40, 80), (10, 20, 96)]
[(6, 42, 44), (12, 14, 66)]
[(6, 42, 54), (9, 21, 72)]
[(6, 42, 85), (10, 21, 102)]
[(6, 42, 108), (12, 18, 126)]
[(6, 47, 119), (14, 17, 141)]
[(6, 47, 128), (8, 32, 141)]
[(6, 48, 72), (12, 18, 96)]
[(6, 52, 63), (7, 36, 78)]
[(6, 52, 84), (7, 39, 96)]
[(6, 54, 54), (9, 24, 81)]
[(6, 54, 72), (9, 27, 96)]
[(6, 54, 128), (8, 36, 144)]
[(6, 56, 66), (11, 21, 96)]
[(6, 56, 82), (7, 41, 96)]
[(6, 56, 87), (12, 21, 116)]
[(6, 56, 99), (11, 24, 126)]
[(6, 57, 64), (12, 19, 96)]
[(6, 57, 84), (12, 21, 114)]
[(6, 63, 72), (12, 21, 108)]
[(6, 63, 74), (14, 18, 111)]
[(6, 63, 99), (9, 33, 126)]
[(6, 63, 112), (7, 48, 126)]
[(6, 64, 68), (8, 34, 96)]
[(6, 67, 119), (7, 51, 134)]
[(6, 68, 72), (8, 36, 102)]
[(6, 68, 112), (7, 51, 128)]
[(6, 69, 108), (9, 36, 138)]
[(6, 72, 84), (12, 24, 126)]
[(6, 72, 98), (8, 42, 126)]
[(6, 72, 99), (9, 36, 132)]
[(6, 76, 94), (16, 19, 141)]
[(6, 81, 84), (9, 36, 126)]
[(6, 85, 94), (10, 34, 141)]
[(6, 94, 98), (8, 49, 141)]
[(6, 94, 112), (7, 64, 141)]
[(6, 98, 102), (8, 51, 147)]
[(6, 99, 112), (7, 66, 144)]
[(7, 24, 108), (9, 18, 112)]
[(7, 26, 44), (11, 14, 52)]
[(7, 28, 104), (13, 14, 112)]
[(7, 32, 102), (12, 17, 112)]
[(7, 33, 54), (9, 22, 63)]
[(7, 36, 39), (9, 21, 52)]
[(7, 40, 55), (10, 22, 70)]
[(7, 40, 100), (10, 25, 112)]
[(7, 41, 66), (11, 21, 82)]
[(7, 42, 96), (12, 21, 112)]
[(7, 42, 132), (12, 22, 147)]
[(7, 44, 102), (12, 22, 119)]
[(7, 48, 99), (9, 33, 112)]
[(7, 52, 88), (13, 22, 112)]
[(7, 54, 96), (9, 36, 112)]
[(7, 54, 111), (9, 37, 126)]
[(7, 55, 104), (14, 22, 130)]
[(7, 56, 88), (11, 28, 112)]
[(7, 59, 88), (14, 22, 118)]
[(7, 64, 76), (16, 19, 112)]
[(7, 64, 85), (10, 34, 112)]
[(7, 64, 98), (8, 49, 112)]
[(7, 65, 128), (8, 52, 140)]
[(7, 66, 74), (14, 22, 111)]
[(7, 68, 96), (8, 51, 112)]
[(7, 68, 104), (8, 52, 119)]
[(7, 70, 80), (10, 35, 112)]
[(7, 71, 104), (14, 26, 142)]
[(7, 71, 110), (11, 35, 142)]
[(7, 71, 128), (8, 56, 142)]
[(7, 72, 72), (12, 27, 112)]
[(7, 72, 84), (9, 42, 112)]
[(7, 74, 85), (10, 37, 119)]
[(7, 76, 88), (16, 22, 133)]
[(7, 77, 102), (17, 22, 147)]
[(7, 84, 117), (9, 52, 147)]
[(8, 24, 126), (9, 21, 128)]
[(8, 27, 69), (9, 23, 72)]
[(8, 28, 91), (13, 16, 98)]
[(8, 32, 119), (14, 17, 128)]
[(8, 34, 57), (12, 19, 68)]
[(8, 39, 132), (12, 24, 143)]
[(8, 42, 51), (12, 21, 68)]
[(8, 42, 69), (12, 23, 84)]
[(8, 42, 84), (12, 24, 98)]
[(8, 44, 112), (14, 22, 128)]
[(8, 44, 116), (11, 29, 128)]
[(8, 46, 57), (12, 23, 76)]
[(8, 46, 119), (14, 23, 136)]
[(8, 48, 108), (18, 18, 128)]
[(8, 49, 76), (16, 19, 98)]
[(8, 49, 85), (10, 34, 98)]
[(8, 51, 54), (9, 36, 68)]
[(8, 52, 121), (16, 22, 143)]
[(8, 54, 57), (9, 38, 72)]
[(8, 55, 95), (10, 38, 110)]
[(8, 55, 130), (10, 40, 143)]
[(8, 56, 77), (11, 32, 98)]
[(8, 56, 104), (14, 26, 128)]
[(8, 56, 110), (11, 35, 128)]
[(8, 57, 85), (10, 38, 102)]
[(8, 58, 104), (13, 29, 128)]
[(8, 61, 92), (16, 23, 122)]
[(8, 63, 63), (18, 18, 98)]
[(8, 63, 84), (9, 48, 98)]
[(8, 63, 96), (18, 21, 128)]
[(8, 64, 95), (19, 20, 128)]
[(8, 64, 102), (12, 34, 128)]
[(8, 65, 110), (20, 20, 143)]
[(8, 66, 117), (12, 36, 143)]
[(8, 68, 92), (17, 23, 128)]
[(8, 69, 76), (16, 23, 114)]
[(8, 69, 108), (18, 23, 144)]
[(8, 70, 70), (10, 40, 98)]
[(8, 72, 96), (12, 36, 128)]
[(8, 72, 114), (9, 57, 128), (12, 38, 144)]
[(8, 76, 102), (12, 38, 136)]
[(8, 77, 104), (14, 32, 143)]
[(8, 78, 88), (13, 33, 128)]
[(8, 78, 99), (18, 24, 143)]
[(8, 80, 80), (20, 20, 128)]
[(8, 80, 100), (10, 50, 128)]
[(8, 84, 108), (9, 63, 128)]
[(8, 85, 96), (10, 51, 128)]
[(8, 85, 106), (10, 53, 136)]
[(8, 86, 88), (11, 43, 128)]
[(8, 88, 91), (16, 28, 143)]
[(8, 96, 99), (9, 66, 128)]
[(8, 99, 102), (9, 68, 132)]
[(8, 99, 117), (9, 72, 143)]
[(9, 26, 33), (11, 18, 39)]
[(9, 27, 48), (12, 18, 54)]
[(9, 28, 78), (13, 18, 84)]
[(9, 32, 136), (16, 17, 144)]
[(9, 33, 56), (11, 24, 63)]
[(9, 36, 42), (12, 21, 54)]
[(9, 36, 72), (12, 24, 81)]
[(9, 39, 88), (13, 24, 99)]
[(9, 40, 140), (10, 35, 144)]
[(9, 42, 48), (12, 24, 63)]
[(9, 42, 72), (12, 27, 84)]
[(9, 42, 88), (12, 28, 99)]
[(9, 42, 104), (14, 24, 117)]
[(9, 43, 117), (13, 27, 129)]
[(9, 44, 84), (14, 24, 99)]
[(9, 44, 87), (12, 29, 99)]
[(9, 46, 48), (16, 18, 69)]
[(9, 46, 128), (16, 23, 144)]
[(9, 48, 63), (18, 18, 84)]
[(9, 48, 95), (18, 20, 114)]
[(9, 48, 126), (18, 21, 144)]
[(9, 48, 132), (12, 33, 144)]
[(9, 51, 77), (17, 21, 99)]
[(9, 56, 66), (11, 36, 84)]
[(9, 56, 132), (11, 42, 144)]
[(9, 57, 96), (12, 36, 114)]
[(9, 63, 66), (18, 21, 99)]
[(9, 63, 96), (18, 24, 126)]
[(9, 64, 93), (18, 24, 124)]
[(9, 64, 114), (19, 24, 144)]
[(9, 64, 119), (14, 34, 144)]
[(9, 66, 72), (12, 36, 99)]
[(9, 66, 85), (10, 51, 99)]
[(9, 66, 112), (21, 22, 144)]
[(9, 72, 76), (16, 27, 114)]
[(9, 72, 78), (12, 39, 108), (18, 24, 117)]
[(9, 72, 85), (10, 54, 102)]
[(9, 72, 108), (18, 27, 144)]
[(9, 74, 112), (14, 37, 144)]
[(9, 78, 86), (18, 26, 129)]
[(9, 80, 100), (20, 25, 144)]
[(9, 80, 130), (10, 65, 144)]
[(9, 84, 96), (21, 24, 144)]
[(9, 84, 104), (14, 39, 144)]
[(9, 85, 128), (10, 68, 144)]
[(9, 86, 99), (11, 54, 129)]
[(9, 88, 104), (13, 44, 144)]
[(9, 88, 116), (11, 58, 144)]
[(9, 96, 102), (12, 51, 144)]
[(10, 28, 65), (13, 20, 70)]
[(10, 29, 140), (14, 20, 145)]
[(10, 34, 76), (16, 19, 85)]
[(10, 35, 44), (14, 20, 55)]
[(10, 46, 68), (16, 23, 85)]
[(10, 46, 100), (16, 25, 115)]
[(10, 50, 76), (16, 25, 95)]
[(10, 50, 80), (20, 20, 100)]
[(10, 51, 63), (18, 21, 85)]
[(10, 51, 72), (12, 36, 85)]
[(10, 52, 110), (20, 22, 130)]
[(10, 55, 56), (11, 40, 70)]
[(10, 57, 68), (12, 38, 85)]
[(10, 57, 80), (12, 40, 95)]
[(10, 58, 130), (13, 40, 145)]
[(10, 65, 88), (13, 40, 110)]
[(10, 65, 100), (20, 25, 130)]
[(10, 65, 116), (20, 26, 145)]
[(10, 69, 80), (20, 24, 115)]
[(10, 70, 104), (14, 40, 130)]
[(10, 80, 91), (16, 35, 130)]
[(10, 110, 116), (11, 80, 145)]
[(11, 28, 52), (13, 22, 56)]
[(11, 29, 112), (14, 22, 116)]
[(11, 35, 104), (14, 26, 110)]
[(11, 42, 48), (12, 33, 56)]
[(11, 43, 78), (13, 33, 86)]
[(11, 48, 117), (18, 26, 132)]
[(11, 54, 78), (18, 26, 99)]
[(11, 58, 104), (13, 44, 116)]
[(11, 65, 80), (20, 26, 110)]
[(11, 65, 112), (22, 26, 140)]
[(11, 66, 91), (21, 26, 121)]
[(11, 67, 104), (22, 26, 134)]
[(11, 72, 84), (12, 56, 99)]
[(11, 73, 112), (22, 28, 146)]
[(11, 73, 130), (13, 55, 146)]
[(11, 78, 82), (22, 26, 123)]
[(11, 87, 96), (12, 66, 116)]
[(11, 88, 91), (13, 56, 121)]
[(11, 98, 104), (14, 56, 143)]
[(12, 28, 39), (13, 24, 42)]
[(12, 29, 84), (14, 24, 87)]
[(12, 33, 126), (18, 21, 132)]
[(12, 34, 95), (19, 20, 102)]
[(12, 35, 140), (20, 20, 147)]
[(12, 36, 63), (18, 21, 72)]
[(12, 38, 46), (16, 23, 57)]
[(12, 44, 63), (14, 33, 72)]
[(12, 44, 126), (14, 36, 132)]
[(12, 46, 54), (16, 27, 69)]
[(12, 48, 54), (18, 24, 72)]
[(12, 48, 81), (18, 27, 96)]
[(12, 48, 121), (16, 33, 132)]
[(12, 49, 133), (19, 28, 147)]
[(12, 49, 136), (16, 34, 147)]
[(12, 50, 85), (20, 25, 102)]
[(12, 51, 84), (21, 24, 102)]
[(12, 52, 99), (22, 24, 117)]
[(12, 54, 63), (18, 27, 84)]
[(12, 54, 95), (20, 27, 114)]
[(12, 54, 126), (21, 27, 144)]
[(12, 58, 63), (18, 28, 87)]
[(12, 58, 78), (13, 48, 87)]
[(12, 63, 81), (21, 27, 108)]
[(12, 63, 104), (14, 48, 117)]
[(12, 63, 110), (18, 35, 132)]
[(12, 63, 126), (18, 36, 147)]
[(12, 65, 133), (13, 57, 140)]
[(12, 66, 108), (18, 36, 132)]
[(12, 66, 119), (14, 51, 132)]
[(12, 68, 69), (23, 24, 102)]
[(12, 68, 76), (16, 38, 102)]
[(12, 69, 108), (24, 27, 138)]
[(12, 72, 91), (16, 42, 117)]
[(12, 72, 99), (24, 27, 132)]
[(12, 74, 133), (14, 57, 148)]
[(12, 76, 84), (16, 42, 114)]
[(12, 76, 119), (14, 57, 136)]
[(12, 77, 96), (21, 32, 132)]
[(12, 77, 102), (17, 42, 132)]
[(12, 77, 112), (22, 32, 147)]
[(12, 77, 119), (17, 44, 147)]
[(12, 78, 81), (18, 36, 117)]
[(12, 78, 99), (18, 39, 132)]
[(12, 81, 84), (24, 27, 126)]
[(12, 84, 88), (24, 28, 132)]
[(12, 84, 108), (18, 42, 144)]
[(12, 88, 117), (13, 72, 132)]
[(12, 91, 112), (16, 52, 147)]
[(12, 91, 133), (13, 76, 147)]
[(12, 92, 98), (23, 32, 147)]
[(12, 95, 98), (20, 38, 147)]
[(12, 98, 106), (16, 53, 147)]
[(12, 98, 119), (14, 68, 147)]
[(13, 29, 56), (14, 26, 58)]
[(13, 42, 108), (18, 28, 117)]
[(13, 44, 84), (14, 39, 88)]
[(13, 48, 63), (18, 28, 78)]
[(13, 49, 76), (19, 28, 91)]
[(13, 55, 112), (22, 28, 130)]
[(13, 56, 66), (21, 26, 88)]
[(13, 56, 114), (24, 26, 133)]
[(13, 59, 112), (14, 52, 118)]
[(13, 63, 114), (18, 39, 133)]
[(13, 70, 100), (25, 28, 130)]
[(13, 70, 116), (26, 28, 145)]
[(13, 71, 112), (26, 28, 142)]
[(13, 72, 84), (24, 28, 117)]
[(13, 74, 116), (26, 29, 148)]
[(13, 74, 140), (14, 65, 148)]
[(13, 76, 112), (16, 52, 133)]
[(13, 84, 86), (26, 28, 129)]
[(13, 84, 95), (20, 39, 133)]
[(13, 84, 111), (21, 39, 148)]
[(13, 88, 98), (28, 28, 143)]
[(14, 33, 36), (18, 21, 44)]
[(14, 34, 114), (19, 24, 119)]
[(14, 37, 66), (21, 22, 74)]
[(14, 39, 96), (21, 24, 104)]
[(14, 51, 87), (21, 29, 102)]
[(14, 51, 108), (18, 36, 119)]
[(14, 52, 88), (22, 28, 104)]
[(14, 54, 102), (24, 27, 119)]
[(14, 58, 66), (21, 29, 88)]
[(14, 58, 114), (24, 29, 133)]
[(14, 63, 102), (18, 42, 119)]
[(14, 63, 132), (18, 44, 147)]
[(14, 64, 91), (16, 49, 104)]
[(14, 65, 80), (20, 35, 104)]
[(14, 65, 116), (26, 29, 140)]
[(14, 66, 78), (21, 33, 104)]
[(14, 66, 108), (18, 44, 126)]
[(14, 67, 110), (22, 35, 134)]
[(14, 67, 111), (21, 37, 134)]
[(14, 68, 77), (17, 44, 98)]
[(14, 68, 92), (23, 32, 119)]
[(14, 68, 95), (20, 38, 119)]
[(14, 68, 106), (16, 53, 119)]
[(14, 72, 78), (18, 42, 104)]
[(14, 73, 116), (28, 29, 146)]
[(14, 76, 102), (16, 57, 119)]
[(14, 76, 118), (16, 59, 133)]
[(14, 80, 85), (20, 40, 119)]
[(14, 80, 110), (20, 44, 140)]
[(14, 81, 87), (27, 29, 126)]
[(14, 87, 88), (28, 29, 132)]
[(14, 88, 95), (20, 44, 133)]
[(14, 88, 111), (21, 44, 148)]
[(14, 96, 99), (21, 44, 144)]
[(16, 34, 62), (17, 31, 64)]
[(16, 34, 133), (19, 28, 136)]
[(16, 36, 93), (18, 31, 96)]
[(16, 38, 69), (23, 24, 76)]
[(16, 38, 124), (19, 31, 128)]
[(16, 39, 84), (24, 24, 91)]
[(16, 51, 92), (17, 46, 96)]
[(16, 51, 126), (21, 36, 136)]
[(16, 52, 77), (22, 32, 91)]
[(16, 53, 92), (23, 32, 106)]
[(16, 53, 95), (20, 38, 106)]
[(16, 54, 57), (24, 27, 76)]
[(16, 54, 93), (24, 31, 108)]
[(16, 54, 138), (18, 46, 144)]
[(16, 55, 110), (20, 40, 121)]
[(16, 57, 63), (18, 42, 76)]
[(16, 58, 119), (28, 29, 136)]
[(16, 62, 69), (24, 31, 92)]
[(16, 63, 69), (18, 46, 84)]
[(16, 63, 78), (18, 48, 91)]
[(16, 65, 70), (20, 40, 91)]
[(16, 65, 115), (20, 46, 130)]
[(16, 66, 99), (24, 36, 121)]
[(16, 66, 119), (21, 44, 136)]
[(16, 68, 114), (24, 38, 136)]
[(16, 68, 115), (23, 40, 136)]
[(16, 68, 122), (17, 61, 128)]
[(16, 69, 95), (20, 46, 114)]
[(16, 69, 126), (21, 46, 144)]
[(16, 77, 88), (28, 32, 121)]
[(16, 81, 102), (27, 36, 136)]
[(16, 84, 102), (24, 42, 136)]
[(16, 85, 100), (25, 40, 136)]
[(16, 85, 110), (20, 55, 136)]
[(16, 92, 93), (31, 32, 138)]
[(16, 93, 99), (31, 33, 144)]
[(16, 95, 102), (20, 57, 136)]
[(16, 102, 108), (18, 72, 136)]
[(16, 108, 114), (18, 76, 144)]
[(17, 36, 48), (18, 32, 51)]
[(17, 38, 64), (19, 32, 68)]
[(17, 40, 80), (20, 32, 85)]
[(17, 42, 96), (21, 32, 102)]
[(17, 44, 112), (22, 32, 119)]
[(17, 46, 128), (23, 32, 136)]
[(17, 49, 66), (21, 34, 77)]
[(17, 56, 104), (26, 32, 119)]
[(17, 57, 94), (19, 47, 102)]
[(17, 63, 66), (18, 51, 77)]
[(17, 64, 69), (24, 34, 92)]
[(17, 72, 72), (27, 32, 102)]
[(17, 72, 93), (18, 62, 102)]
[(17, 76, 124), (19, 62, 136)]
[(17, 94, 96), (32, 34, 141)]
[(18, 36, 42), (21, 27, 48)]
[(18, 39, 56), (24, 26, 63)]
[(18, 39, 72), (24, 27, 78)]
[(18, 41, 117), (26, 27, 123)]
[(18, 42, 54), (24, 27, 63)]
[(18, 42, 66), (21, 33, 72)]
[(18, 48, 99), (24, 33, 108)]
[(18, 49, 51), (21, 34, 63)]
[(18, 49, 57), (19, 42, 63)]
[(18, 52, 66), (22, 36, 78)]
[(18, 52, 99), (22, 39, 108)]
[(18, 54, 66), (24, 33, 81)]
[(18, 54, 96), (24, 36, 108)]
[(18, 54, 132), (27, 33, 144)]
[(18, 55, 117), (27, 33, 130)]
[(18, 57, 64), (19, 48, 72)]
[(18, 57, 99), (27, 33, 114)]
[(18, 62, 72), (27, 32, 93)]
[(18, 63, 88), (28, 33, 108)]
[(18, 63, 96), (21, 48, 108)]
[(18, 66, 72), (27, 33, 96)]
[(18, 66, 84), (21, 48, 99)]
[(18, 66, 112), (22, 48, 126)]
[(18, 69, 117), (27, 39, 138)]
[(18, 69, 126), (21, 54, 138)]
[(18, 69, 128), (23, 48, 144)]
[(18, 72, 81), (27, 36, 108)]
[(18, 72, 84), (24, 42, 108)]
[(18, 72, 95), (20, 57, 108)]
[(18, 72, 115), (27, 40, 138)]
[(18, 77, 96), (32, 33, 126)]
[(18, 81, 84), (21, 54, 108)]
[(18, 82, 99), (22, 54, 123)]
[(18, 84, 95), (20, 63, 114)]
[(18, 84, 96), (24, 48, 126)]
[(18, 84, 110), (33, 35, 144)]
[(18, 84, 126), (21, 63, 144)]
[(18, 88, 111), (33, 36, 148)]
[(18, 92, 96), (32, 36, 138)]
[(18, 96, 98), (21, 63, 128)]
[(18, 96, 99), (33, 36, 144)]
[(18, 99, 112), (22, 63, 144)]
[(18, 114, 124), (19, 93, 144)]
[(19, 42, 51), (21, 34, 57)]
[(19, 46, 68), (23, 34, 76)]
[(19, 50, 85), (25, 34, 95)]
[(19, 54, 102), (27, 34, 114)]
[(19, 58, 119), (29, 34, 133)]
[(19, 69, 98), (23, 49, 114)]
[(19, 80, 80), (20, 64, 95)]
[(19, 84, 84), (24, 49, 114)]
[(19, 84, 96), (21, 64, 114)]
[(19, 88, 112), (22, 64, 133)]
[(19, 98, 102), (34, 38, 147)]
[(20, 38, 92), (23, 32, 95)]
[(20, 50, 70), (25, 35, 80)]
[(20, 52, 55), (22, 40, 65)]
[(20, 55, 100), (25, 40, 110)]
[(20, 56, 65), (26, 35, 80)]
[(20, 56, 130), (26, 40, 140)]
[(20, 57, 81), (27, 36, 95)]
[(20, 57, 84), (24, 42, 95)]
[(20, 62, 76), (31, 32, 95)]
[(20, 66, 70), (21, 55, 80)]
[(20, 69, 76), (24, 46, 95)]
[(20, 69, 100), (24, 50, 115)]
[(20, 70, 88), (28, 40, 110)]
[(20, 70, 92), (32, 35, 115)]
[(20, 70, 125), (25, 50, 140)]
[(20, 77, 80), (32, 35, 110)]
[(20, 80, 98), (35, 35, 128)]
[(20, 95, 98), (35, 38, 140)]
[(20, 98, 115), (23, 70, 140)]
[(20, 110, 112), (22, 80, 140)]
[(20, 111, 133), (21, 95, 148)]
[(20, 114, 126), (21, 95, 144)]
[(21, 37, 110), (22, 35, 111)]
[(21, 42, 144), (24, 36, 147)]
[(21, 44, 58), (28, 29, 66)]
[(21, 48, 54), (24, 36, 63)]
[(21, 48, 88), (28, 33, 96)]
[(21, 50, 55), (25, 35, 66)]
[(21, 54, 72), (24, 42, 81), (27, 36, 84)]
[(21, 54, 88), (28, 36, 99)]
[(21, 54, 117), (27, 39, 126)]
[(21, 56, 117), (26, 42, 126)]
[(21, 58, 72), (28, 36, 87)]
[(21, 63, 110), (33, 35, 126)]
[(21, 63, 132), (33, 36, 147)]
[(21, 64, 84), (24, 49, 96)]
[(21, 66, 108), (33, 36, 126)]
[(21, 68, 69), (23, 51, 84)]
[(21, 68, 84), (24, 51, 98)]
[(21, 72, 72), (27, 42, 96)]
[(21, 72, 108), (27, 48, 126)]
[(21, 72, 110), (35, 36, 132)]
[(21, 72, 114), (24, 57, 126)]
[(21, 72, 126), (36, 36, 147)]
[(21, 74, 87), (29, 42, 111)]
[(21, 74, 88), (28, 44, 111)]
[(21, 78, 99), (33, 39, 126)]
[(21, 81, 96), (36, 36, 126)]
[(21, 81, 102), (27, 51, 126)]
[(21, 84, 108), (24, 63, 126)]
[(21, 84, 117), (36, 39, 147)]
[(21, 84, 132), (24, 66, 147)]
[(21, 87, 119), (29, 51, 147)]
[(21, 88, 102), (28, 51, 132)]
[(21, 88, 114), (24, 66, 133)]
[(21, 94, 102), (34, 42, 141)]
[(21, 96, 99), (24, 66, 126)]
[(21, 99, 112), (22, 84, 126)]
[(21, 100, 110), (25, 66, 140)]
[(21, 112, 132), (22, 96, 147)]
[(22, 39, 48), (24, 33, 52)]
[(22, 41, 78), (26, 33, 82)]
[(22, 42, 108), (27, 33, 112)]
[(22, 56, 104), (26, 44, 112)]
[(22, 58, 74), (29, 37, 88)]
[(22, 63, 96), (33, 36, 112)]
[(22, 63, 111), (33, 37, 126)]
[(22, 65, 100), (25, 52, 110)]
[(22, 70, 100), (25, 55, 112)]
[(22, 71, 123), (33, 41, 142)]
[(22, 71, 130), (26, 55, 142)]
[(22, 72, 111), (36, 37, 132)]
[(22, 72, 117), (27, 52, 132)]
[(22, 74, 78), (33, 37, 104)]
[(22, 78, 84), (33, 39, 112)]
[(22, 84, 96), (24, 66, 112)]
[(22, 87, 104), (29, 52, 132)]
[(22, 88, 91), (28, 52, 121)]
[(22, 92, 98), (23, 77, 112)]
[(23, 40, 114), (24, 38, 115)]
[(23, 48, 133), (28, 38, 138)]
[(23, 54, 57), (27, 38, 69)]
[(23, 56, 91), (26, 46, 98)]
[(23, 62, 76), (31, 38, 92)]
[(23, 70, 95), (35, 38, 115)]
[(23, 78, 114), (38, 39, 138)]
[(23, 78, 121), (33, 46, 143)]
[(23, 84, 84), (24, 69, 98)]
[(23, 85, 100), (25, 68, 115)]
[(23, 91, 110), (35, 46, 143)]
[(23, 93, 106), (31, 53, 138)]
[(23, 99, 117), (27, 69, 143)]
[(23, 102, 108), (27, 68, 138)]
[(24, 43, 126), (28, 36, 129)]
[(24, 46, 62), (31, 32, 69)]
[(24, 48, 77), (32, 33, 84)]
[(24, 56, 78), (26, 48, 84)]
[(24, 57, 108), (27, 48, 114)]
[(24, 62, 78), (32, 39, 93)]
[(24, 63, 66), (33, 36, 84)]
[(24, 63, 72), (27, 48, 84)]
[(24, 63, 88), (28, 48, 99)]
[(24, 63, 132), (33, 42, 144)]
[(24, 65, 126), (36, 39, 140)]
[(24, 66, 78), (33, 39, 96)]
[(24, 66, 81), (36, 36, 99)]
[(24, 66, 117), (36, 39, 132)]
[(24, 70, 95), (35, 40, 114)]
[(24, 72, 77), (32, 42, 99)]
[(24, 72, 81), (27, 54, 96)]
[(24, 72, 126), (36, 42, 144)]
[(24, 72, 133), (28, 57, 144)]
[(24, 76, 92), (32, 46, 114)]
[(24, 76, 93), (31, 48, 114)]
[(24, 78, 81), (36, 39, 108)]
[(24, 78, 115), (39, 40, 138)]
[(24, 81, 132), (27, 66, 144)]
[(24, 84, 117), (39, 42, 144)]
[(24, 86, 117), (26, 72, 129)]
[(24, 88, 126), (28, 66, 144)]
[(24, 91, 102), (39, 42, 136)]
[(24, 92, 108), (32, 54, 138)]
[(24, 95, 100), (25, 80, 114)]
[(24, 96, 108), (36, 48, 144)]
[(24, 99, 104), (39, 44, 144)]
[(24, 99, 108), (33, 54, 144)]
[(24, 108, 117), (27, 78, 144)]
[(24, 116, 117), (26, 87, 144)]
[(25, 56, 65), (26, 50, 70)]
[(25, 58, 140), (28, 50, 145)]
[(25, 64, 85), (34, 40, 100)]
[(25, 65, 84), (35, 39, 100)]
[(25, 70, 80), (35, 40, 100)]
[(25, 70, 88), (28, 55, 100)]
[(25, 78, 110), (33, 50, 130)]
[(25, 80, 92), (32, 50, 115)]
[(25, 80, 100), (40, 40, 125)]
[(25, 116, 130), (26, 100, 145)]
[(26, 42, 54), (27, 39, 56)]
[(26, 43, 84), (28, 39, 86)]
[(26, 55, 123), (33, 41, 130)]
[(26, 58, 112), (28, 52, 116)]
[(26, 63, 72), (27, 56, 78)]
[(26, 69, 123), (39, 41, 138)]
[(26, 73, 129), (39, 43, 146)]
[(26, 73, 140), (28, 65, 146)]
[(26, 74, 82), (37, 41, 104)]
[(26, 77, 128), (32, 56, 143)]
[(26, 82, 84), (39, 41, 112)]
[(26, 84, 87), (39, 42, 116)]
[(26, 87, 108), (27, 78, 116)]
[(26, 98, 110), (35, 56, 143)]
[(27, 48, 66), (33, 36, 72)]
[(27, 51, 64), (34, 36, 72)]
[(27, 51, 96), (36, 36, 102)]
[(27, 52, 111), (36, 37, 117)]
[(27, 58, 84), (28, 54, 87)]
[(27, 63, 66), (33, 42, 81)]
[(27, 63, 96), (36, 42, 108)]
[(27, 66, 84), (36, 42, 99)]
[(27, 66, 104), (36, 44, 117)]
[(27, 76, 93), (31, 57, 108)]
[(27, 78, 84), (39, 42, 108)]
[(27, 78, 96), (36, 48, 117)]
[(27, 78, 99), (33, 54, 117)]
[(27, 84, 88), (28, 72, 99)]
[(27, 84, 110), (35, 54, 132)]
[(27, 84, 126), (36, 54, 147)]
[(27, 87, 104), (29, 72, 117)]
[(27, 88, 126), (28, 81, 132)]
[(27, 91, 93), (31, 63, 117)]
[(27, 96, 99), (36, 54, 132)]
[(27, 96, 114), (36, 57, 144)]
[(27, 98, 114), (38, 54, 147)]
[(28, 44, 87), (29, 42, 88)]
[(28, 55, 80), (35, 40, 88)]
[(28, 57, 126), (36, 42, 133)]
[(28, 59, 110), (35, 44, 118)]
[(28, 59, 116), (29, 56, 118)]
[(28, 64, 77), (32, 49, 88)]
[(28, 65, 129), (39, 43, 140)]
[(28, 66, 72), (36, 42, 88)]
[(28, 72, 129), (42, 43, 144)]
[(28, 74, 132), (42, 44, 148)]
[(28, 74, 145), (29, 70, 148)]
[(28, 76, 115), (40, 46, 133)]
[(28, 76, 122), (32, 61, 133)]
[(28, 76, 124), (31, 64, 133)]
[(28, 78, 114), (39, 48, 133)]
[(28, 81, 114), (36, 54, 133)]
[(28, 82, 86), (41, 43, 112)]
[(28, 86, 87), (42, 43, 116)]
[(28, 87, 110), (35, 58, 132)]
[(28, 87, 126), (36, 58, 147)]
[(28, 92, 114), (32, 69, 133)]
[(28, 95, 100), (40, 50, 133)]
[(28, 102, 111), (42, 51, 148)]
[(28, 108, 111), (36, 63, 148)]
[(28, 110, 111), (35, 66, 148)]
[(29, 55, 140), (35, 44, 145)]
[(29, 56, 110), (35, 44, 116)]
[(29, 66, 72), (36, 44, 87)]
[(29, 70, 132), (42, 44, 145)]
[(29, 78, 88), (33, 58, 104)]
[(29, 86, 88), (43, 44, 116)]
[(29, 100, 110), (44, 50, 145)]
[(31, 48, 92), (32, 46, 93)]
[(31, 64, 115), (40, 46, 124)]
[(31, 64, 122), (32, 61, 124)]
[(31, 69, 78), (39, 46, 93)]
[(31, 77, 78), (33, 62, 91)]
[(31, 77, 110), (35, 62, 121)]
[(31, 92, 94), (46, 47, 124)]
[(32, 51, 94), (34, 47, 96)]
[(32, 54, 141), (36, 47, 144)]
[(32, 55, 70), (40, 40, 77)]
[(32, 61, 115), (40, 46, 122)]
[(32, 63, 66), (36, 48, 77)]
[(32, 66, 93), (33, 62, 96)]
[(32, 68, 124), (34, 62, 128)]
[(32, 69, 78), (39, 48, 92)]
[(32, 69, 81), (36, 54, 92)]
[(32, 81, 93), (36, 62, 108)]
[(32, 93, 94), (47, 48, 124)]
[(32, 93, 115), (40, 62, 138)]
[(32, 94, 98), (47, 49, 128)]
[(32, 98, 110), (35, 77, 128)]
[(32, 99, 126), (36, 77, 144)]
[(32, 99, 138), (33, 92, 144)]
[(33, 51, 64), (34, 48, 66)]
[(33, 52, 74), (37, 44, 78)]
[(33, 54, 96), (36, 48, 99)]
[(33, 54, 104), (39, 44, 108)]
[(33, 57, 128), (38, 48, 132)]
[(33, 65, 70), (35, 55, 78)]
[(33, 69, 130), (39, 55, 138)]
[(33, 72, 84), (42, 48, 99)]
[(33, 72, 104), (44, 48, 117)]
[(33, 72, 126), (36, 63, 132)]
[(33, 74, 96), (44, 48, 111)]
[(33, 78, 128), (48, 48, 143)]
[(33, 81, 84), (36, 63, 99)]
[(33, 81, 96), (36, 66, 108)]
[(33, 82, 104), (44, 52, 123)]
[(33, 82, 111), (37, 66, 123)]
[(33, 84, 117), (39, 63, 132)]
[(33, 91, 99), (39, 63, 121)]
[(33, 91, 110), (35, 78, 121)]
[(33, 92, 126), (36, 77, 138)]
[(33, 96, 102), (48, 51, 132)]
[(33, 96, 115), (40, 66, 138)]
[(33, 96, 117), (36, 78, 132)]
[(33, 98, 117), (42, 63, 143)]
[(33, 102, 124), (34, 93, 132)]
[(34, 57, 98), (38, 49, 102)]
[(34, 70, 70), (40, 49, 85)]
[(34, 70, 80), (35, 64, 85)]
[(34, 72, 96), (36, 64, 102)]
[(34, 74, 112), (37, 64, 119)]
[(34, 76, 128), (38, 64, 136)]
[(34, 84, 104), (39, 64, 119)]
[(34, 84, 126), (49, 51, 144)]
[(34, 91, 112), (49, 52, 136)]
[(34, 93, 96), (48, 51, 124)]
[(34, 96, 98), (49, 51, 128)]
[(34, 98, 106), (49, 53, 136)]
[(35, 64, 70), (40, 49, 80)]
[(35, 66, 102), (42, 51, 110)]
[(35, 66, 108), (36, 63, 110)]
[(35, 70, 132), (42, 55, 140)]
[(35, 72, 99), (42, 54, 110)]
[(35, 77, 94), (47, 49, 110)]
[(35, 78, 99), (39, 63, 110)]
[(35, 80, 125), (50, 50, 140)]
[(35, 80, 130), (40, 65, 140)]
[(35, 84, 130), (39, 70, 140)]
[(35, 85, 104), (40, 65, 119)]
[(35, 85, 128), (40, 68, 140)]
[(35, 86, 88), (43, 56, 110)]
[(35, 87, 88), (42, 58, 110)]
[(35, 87, 130), (42, 65, 145)]
[(35, 95, 128), (38, 80, 140)]
[(35, 96, 99), (36, 84, 110)]
[(35, 100, 100), (40, 70, 125)]
[(35, 100, 110), (50, 55, 140)]
[(35, 100, 116), (50, 56, 145)]
[(35, 104, 110), (44, 65, 140)]
[(35, 126, 132), (36, 110, 147)]
[(36, 54, 78), (39, 48, 81)]
[(36, 56, 123), (41, 48, 126)]
[(36, 57, 68), (38, 51, 72)]
[(36, 63, 72), (42, 48, 81)]
[(36, 63, 102), (42, 51, 108)]
[(36, 66, 119), (44, 51, 126)]
[(36, 69, 136), (46, 51, 144)]
[(36, 72, 84), (42, 54, 96)]
[(36, 74, 99), (44, 54, 111)]
[(36, 78, 84), (39, 63, 96)]
[(36, 78, 99), (39, 66, 108)]
[(36, 78, 102), (48, 51, 117)]
[(36, 78, 112), (48, 52, 126)]
[(36, 84, 108), (48, 54, 126)]
[(36, 84, 115), (40, 69, 126)]
[(36, 84, 117), (39, 72, 126)]
[(36, 84, 132), (42, 66, 144)]
[(36, 88, 129), (43, 66, 144)]
[(36, 91, 114), (39, 76, 126)]
[(36, 98, 102), (42, 68, 126)]
[(36, 98, 114), (38, 84, 126)]
[(36, 99, 102), (51, 54, 132)]
[(36, 99, 117), (39, 81, 132)]
[(36, 102, 114), (51, 57, 144)]
[(36, 108, 115), (40, 81, 138)]
[(36, 111, 112), (37, 96, 126)]
[(36, 114, 128), (38, 96, 144)]
[(37, 66, 104), (44, 52, 111)]
[(37, 78, 96), (48, 52, 111)]
[(37, 84, 104), (39, 74, 112)]
[(37, 88, 130), (52, 55, 148)]
[(37, 88, 134), (44, 67, 148)]
[(37, 104, 118), (52, 59, 148)]
[(37, 128, 133), (38, 112, 148)]
[(38, 69, 106), (46, 53, 114)]
[(38, 78, 132), (48, 57, 143)]
[(38, 80, 85), (40, 68, 95)]
[(38, 84, 91), (39, 76, 98)]
[(38, 84, 102), (42, 68, 114)]
[(38, 88, 119), (44, 68, 133)]
[(38, 91, 132), (42, 76, 143)]
[(38, 96, 102), (51, 57, 128)]
[(38, 99, 117), (54, 57, 143)]
[(38, 102, 106), (53, 57, 136)]
[(38, 104, 121), (44, 76, 143)]
[(38, 110, 130), (40, 95, 143)]
[(39, 56, 82), (41, 52, 84)]
[(39, 57, 112), (42, 52, 114)]
[(39, 63, 72), (42, 54, 78)]
[(39, 70, 80), (40, 65, 84)]
[(39, 72, 108), (48, 54, 117)]
[(39, 72, 115), (40, 69, 117)]
[(39, 72, 140), (42, 65, 144)]
[(39, 81, 102), (51, 54, 117)]
[(39, 81, 112), (52, 54, 126)]
[(39, 82, 108), (52, 54, 123)]
[(39, 86, 112), (52, 56, 129)]
[(39, 86, 123), (41, 78, 129)]
[(39, 98, 132), (42, 84, 143)]
[(39, 108, 112), (52, 63, 144)]
[(40, 65, 125), (50, 50, 130)]
[(40, 69, 108), (48, 54, 115)]
[(40, 85, 121), (55, 55, 136)]
[(40, 87, 140), (42, 80, 145)]
[(40, 91, 115), (46, 70, 130)]
[(40, 92, 93), (48, 62, 115)]
[(40, 92, 94), (47, 64, 115)]
[(40, 104, 110), (44, 80, 130)]
[(40, 110, 119), (44, 85, 140)]
[(41, 78, 112), (52, 56, 123)]
[(41, 84, 108), (54, 56, 123)]
[(41, 87, 112), (42, 82, 116)]
[(42, 58, 86), (43, 56, 87)]
[(42, 63, 64), (48, 49, 72)]
[(42, 63, 144), (48, 54, 147)]
[(42, 69, 76), (46, 57, 84)]
[(42, 76, 78), (48, 57, 91)]
[(42, 77, 124), (49, 62, 132)]
[(42, 77, 141), (47, 66, 147)]
[(42, 78, 108), (48, 63, 117)]
[(42, 78, 140), (48, 65, 147)]
[(42, 81, 114), (54, 57, 126)]
[(42, 84, 138), (48, 69, 147)]
[(42, 86, 114), (56, 57, 129)]
[(42, 87, 133), (57, 58, 147)]
[(42, 88, 116), (56, 58, 132)]
[(42, 88, 129), (43, 84, 132)]
[(42, 91, 138), (46, 78, 147)]
[(42, 92, 121), (46, 77, 132)]
[(42, 94, 126), (49, 72, 141)]
[(42, 96, 108), (48, 72, 126)]
[(42, 99, 104), (44, 84, 117)]
[(42, 99, 108), (54, 63, 132)]
[(42, 99, 126), (54, 66, 147)]
[(42, 100, 110), (50, 70, 132)]
[(42, 102, 126), (51, 72, 147)]
[(42, 104, 121), (44, 91, 132)]
[(42, 108, 114), (57, 63, 144)]
[(42, 108, 126), (48, 81, 147)]
[(42, 111, 119), (51, 74, 147)]
[(42, 112, 117), (52, 72, 147)]
[(42, 112, 123), (48, 82, 147)]
[(42, 119, 132), (44, 102, 147)]
[(42, 129, 133), (43, 114, 147)]
[(43, 84, 116), (56, 58, 129)]
[(43, 87, 114), (57, 58, 129)]
[(44, 65, 100), (50, 55, 104)]
[(44, 67, 130), (52, 55, 134)]
[(44, 78, 96), (48, 66, 104)]
[(44, 87, 118), (58, 59, 132)]
[(44, 91, 92), (46, 77, 104)]
[(44, 102, 111), (51, 74, 132)]
[(44, 111, 118), (59, 66, 148)]
[(46, 78, 84), (48, 69, 91)]
[(46, 93, 122), (61, 62, 138)]
[(46, 95, 100), (50, 76, 115)]
[(46, 99, 99), (54, 69, 121)]
[(46, 102, 114), (57, 69, 136)]
[(46, 108, 114), (54, 76, 138)]
[(47, 64, 93), (48, 62, 94)]
[(47, 93, 126), (62, 63, 141)]
[(47, 96, 124), (62, 64, 141)]
[(47, 96, 138), (48, 92, 141)]
[(47, 99, 126), (54, 77, 141)]
[(48, 68, 126), (51, 63, 128)]
[(48, 81, 84), (54, 63, 96)]
[(48, 81, 99), (54, 66, 108)]
[(48, 81, 102), (51, 72, 108)]
[(48, 82, 117), (52, 72, 123)]
[(48, 92, 124), (62, 64, 138)]
[(48, 94, 126), (63, 64, 141)]
[(48, 98, 108), (63, 63, 128)]
[(48, 98, 124), (49, 93, 128)]
[(48, 99, 117), (54, 78, 132)]
[(48, 99, 126), (63, 66, 144)]
[(48, 99, 130), (55, 78, 144)]
[(48, 110, 115), (55, 80, 138)]
[(48, 114, 117), (57, 78, 144)]
[(48, 115, 125), (50, 100, 138)]
[(49, 68, 96), (51, 64, 98)]
[(49, 72, 144), (54, 64, 147)]
[(49, 93, 108), (63, 63, 124)]
[(49, 96, 108), (63, 64, 126)]
[(49, 96, 132), (64, 66, 147)]
[(49, 102, 128), (64, 68, 147)]
[(49, 102, 141), (51, 94, 147)]
[(50, 85, 96), (51, 80, 100)]
[(50, 100, 110), (55, 80, 125)]
[(50, 112, 130), (52, 100, 140)]
[(51, 72, 99), (54, 66, 102)]
[(51, 76, 132), (57, 66, 136)]
[(51, 87, 88), (58, 66, 102)]
[(51, 94, 128), (64, 68, 141)]
[(51, 96, 121), (66, 66, 136)]
[(51, 98, 108), (63, 68, 126)]
[(51, 98, 132), (66, 68, 147)]
[(51, 99, 128), (66, 68, 144)]
[(51, 104, 112), (52, 96, 119)]
[(51, 106, 128), (53, 96, 136)]
[(51, 112, 117), (52, 102, 126)]
[(52, 70, 110), (55, 65, 112)]
[(52, 71, 140), (56, 65, 142)]
[(52, 84, 108), (54, 78, 112)]
[(52, 98, 106), (53, 91, 112)]
[(53, 76, 102), (57, 68, 106)]
[(53, 121, 130), (55, 106, 143)]
[(54, 77, 93), (62, 63, 99)]
[(54, 78, 140), (63, 65, 144)]
[(54, 84, 138), (63, 69, 144)]
[(54, 86, 126), (56, 81, 129)]
[(54, 87, 88), (58, 72, 99)]
[(54, 92, 93), (62, 69, 108)]
[(54, 96, 132), (66, 72, 144)]
[(54, 102, 128), (68, 72, 144)]
[(54, 108, 126), (63, 81, 144)]
[(54, 112, 123), (63, 82, 144)]
[(54, 114, 132), (57, 99, 144)]
[(54, 130, 132), (55, 117, 144)]
[(55, 78, 126), (63, 66, 130)]
[(55, 91, 110), (65, 70, 121)]
[(55, 91, 122), (61, 77, 130)]
[(55, 95, 102), (57, 85, 110)]
[(55, 96, 117), (66, 72, 130)]
[(55, 98, 130), (70, 70, 143)]
[(55, 104, 111), (66, 74, 130)]
[(55, 104, 118), (59, 88, 130)]
[(55, 114, 117), (57, 99, 130)]
[(55, 116, 140), (56, 110, 145)]
[(56, 73, 145), (58, 70, 146)]
[(56, 87, 108), (63, 72, 116)]
[(56, 87, 114), (57, 84, 116)]
[(56, 108, 129), (63, 86, 144)]
[(57, 84, 108), (63, 72, 114)]
[(57, 88, 126), (66, 72, 133)]
[(57, 91, 108), (63, 76, 117)]
[(57, 91, 140), (65, 76, 147)]
[(57, 96, 99), (66, 72, 114)]
[(57, 96, 121), (66, 76, 132)]
[(57, 98, 136), (68, 76, 147)]
[(57, 118, 119), (59, 102, 133)]
[(58, 110, 130), (65, 88, 145)]
[(58, 111, 132), (66, 87, 148)]
[(59, 88, 111), (66, 74, 118)]
[(61, 92, 114), (69, 76, 122)]
[(63, 92, 99), (69, 77, 108)]
[(63, 92, 132), (72, 77, 138)]
[(63, 96, 99), (66, 84, 108)]
[(63, 96, 117), (72, 78, 126)]
[(63, 96, 124), (64, 93, 126)]
[(63, 102, 104), (72, 78, 119)]
[(63, 104, 111), (74, 78, 126)]
[(63, 117, 126), (78, 81, 147)]
[(63, 117, 140), (65, 108, 147)]
[(63, 126, 132), (66, 108, 147)]
[(64, 93, 117), (72, 78, 124)]
[(64, 99, 141), (66, 94, 144)]
[(65, 84, 138), (69, 78, 140)]
[(65, 85, 128), (68, 80, 130)]
[(65, 98, 136), (68, 91, 140)]
[(65, 108, 126), (78, 81, 140)]
[(65, 110, 128), (80, 80, 143)]
[(65, 112, 123), (78, 82, 140)]
[(65, 112, 134), (67, 104, 140)]
[(65, 114, 115), (69, 95, 130)]
[(65, 119, 128), (68, 104, 140)]
[(65, 126, 132), (66, 117, 140)]
[(66, 84, 92), (69, 77, 96)]
[(66, 102, 128), (68, 96, 132)]
[(66, 108, 117), (78, 81, 132)]
[(66, 117, 128), (72, 96, 143)]
[(67, 104, 123), (78, 82, 134)]
[(67, 119, 128), (68, 112, 134)]
[(68, 110, 130), (80, 85, 143)]
[(68, 117, 132), (72, 102, 143)]
[(69, 108, 126), (81, 84, 138)]
[(69, 108, 132), (72, 99, 138)]
[(69, 112, 123), (82, 84, 138)]
[(70, 87, 144), (72, 84, 145)]
[(70, 92, 110), (77, 80, 115)]
[(70, 95, 136), (76, 85, 140)]
[(70, 102, 140), (80, 85, 147)]
[(70, 116, 129), (84, 86, 145)]
[(70, 116, 142), (71, 112, 145)]
[(71, 112, 129), (84, 86, 142)]
[(72, 91, 114), (76, 84, 117)]
[(72, 99, 126), (81, 84, 132)]
[(72, 104, 111), (74, 96, 117)]
[(72, 111, 119), (74, 102, 126)]
[(72, 114, 121), (76, 99, 132)]
[(72, 114, 136), (76, 102, 144)]
[(72, 116, 129), (86, 87, 144)]
[(72, 126, 126), (81, 96, 147)]
[(73, 116, 132), (87, 88, 146)]
[(74, 133, 136), (76, 119, 148)]
[(76, 110, 110), (80, 95, 121)]
[(80, 110, 133), (88, 95, 140)]
[(80, 119, 130), (85, 104, 140)]
[(81, 112, 123), (82, 108, 126)]
[(84, 117, 121), (91, 99, 132)]
[(84, 117, 136), (91, 102, 144)]
[(84, 126, 128), (96, 98, 144)]
[(84, 126, 132), (96, 99, 147)]
[(84, 132, 133), (88, 114, 147)]
[(88, 111, 144), (96, 99, 148)]
[(88, 114, 126), (96, 99, 133)]
[(91, 119, 128), (98, 104, 136)]
[(96, 117, 119), (102, 104, 126)]
[(98, 132, 144), (99, 128, 147)]
[(99, 132, 136), (102, 121, 144)]
[(111, 133, 144), (114, 126, 148)]
