[(2, 21, 48), (3, 12, 56)]
[(2, 22, 100), (4, 10, 110)]
[(2, 23, 80), (5, 8, 92)]
[(2, 24, 42), (6, 6, 56)]
[(2, 28, 40), (4, 10, 56)]
[(2, 32, 112), (4, 14, 128)]
[(2, 37, 57), (3, 19, 74)]
[(2, 39, 60), (3, 20, 78)]
[(2, 40, 57), (3, 20, 76)]
[(2, 40, 69), (4, 15, 92)]
[(2, 40, 88), (4, 16, 110)]
[(2, 44, 80), (8, 8, 110)]
[(2, 46, 60), (6, 10, 92)]
[(2, 48, 96), (6, 12, 128)]
[(2, 50, 77), (5, 14, 110)]
[(2, 50, 112), (4, 20, 140)]
[(2, 55, 76), (4, 19, 110)]
[(2, 58, 80), (4, 20, 116)]
[(2, 60, 66), (6, 12, 110)]
[(2, 60, 76), (4, 20, 114)]
[(2, 64, 80), (8, 10, 128)]
[(2, 66, 75), (3, 30, 110)]
[(2, 73, 95), (5, 19, 146)]
[(2, 73, 111), (3, 37, 146)]
[(2, 75, 114), (3, 38, 150)]
[(2, 76, 111), (3, 38, 148)]
[(3, 24, 26), (6, 8, 39)]
[(3, 25, 63), (7, 9, 75)]
[(3, 30, 60), (6, 12, 75)]
[(3, 30, 112), (4, 21, 120)]
[(3, 31, 78), (6, 13, 93)]
[(3, 37, 95), (5, 19, 111)]
[(3, 38, 40), (4, 20, 57)]
[(3, 40, 42), (4, 21, 60)]
[(3, 40, 60), (4, 24, 75)]
[(3, 41, 105), (5, 21, 123)]
[(3, 42, 50), (6, 14, 75)]
[(3, 42, 95), (5, 21, 114)]
[(3, 43, 105), (7, 15, 129)]
[(3, 45, 45), (9, 9, 75)]
[(3, 45, 77), (5, 21, 99)]
[(3, 48, 62), (8, 12, 93)]
[(3, 49, 117), (9, 13, 147)]
[(3, 56, 96), (6, 21, 128)]
[(3, 60, 74), (6, 20, 111)]
[(3, 60, 84), (6, 21, 120)]
[(3, 60, 130), (4, 39, 150)]
[(3, 63, 78), (6, 21, 117)]
[(3, 63, 86), (9, 14, 129)]
[(3, 63, 105), (9, 15, 147)]
[(3, 74, 76), (4, 38, 111)]
[(3, 76, 78), (4, 39, 114)]
[(3, 77, 105), (5, 33, 147)]
[(3, 78, 98), (6, 26, 147)]
[(3, 84, 84), (12, 12, 147)]
[(3, 84, 112), (4, 48, 147)]
[(4, 24, 30), (6, 12, 40)]
[(4, 24, 105), (6, 15, 112)]
[(4, 25, 28), (7, 10, 40)]
[(4, 26, 120), (8, 12, 130)]
[(4, 28, 100), (10, 10, 112)]
[(4, 29, 44), (8, 11, 58)]
[(4, 30, 77), (5, 22, 84)]
[(4, 30, 117), (9, 12, 130)]
[(4, 32, 98), (8, 14, 112)]
[(4, 37, 133), (7, 19, 148)]
[(4, 38, 60), (6, 20, 76)]
[(4, 42, 57), (6, 21, 76)]
[(4, 42, 66), (6, 22, 84)]
[(4, 42, 96), (6, 24, 112)]
[(4, 44, 60), (6, 22, 80)]
[(4, 47, 66), (11, 12, 94)]
[(4, 48, 84), (12, 12, 112)]
[(4, 52, 100), (10, 16, 130)]
[(4, 55, 116), (8, 22, 145)]
[(4, 56, 80), (8, 20, 112)]
[(4, 56, 95), (5, 38, 112)]
[(4, 59, 100), (5, 40, 118)]
[(4, 60, 84), (6, 30, 112)]
[(4, 60, 95), (5, 40, 114)]
[(4, 60, 104), (6, 32, 130)]
[(4, 62, 88), (8, 22, 124)]
[(4, 63, 111), (9, 21, 148)]
[(4, 64, 70), (10, 16, 112)]
[(4, 65, 88), (11, 16, 130)]
[(4, 66, 80), (8, 22, 120)]
[(4, 74, 100), (10, 20, 148)]
[(4, 74, 114), (6, 38, 148)]
[(4, 77, 80), (5, 44, 112)]
[(4, 78, 80), (8, 24, 130)]
[(4, 78, 111), (6, 39, 148)]
[(4, 95, 111), (5, 57, 148)]
[(5, 28, 66), (10, 12, 77)]
[(5, 33, 63), (9, 15, 77)]
[(5, 35, 115), (7, 23, 125)]
[(5, 38, 80), (8, 20, 95)]
[(5, 42, 66), (6, 30, 77)]
[(5, 44, 56), (8, 20, 77)]
[(5, 44, 76), (8, 22, 95)]
[(5, 44, 92), (8, 23, 110)]
[(5, 46, 80), (8, 23, 100)]
[(5, 57, 63), (9, 21, 95)]
[(5, 57, 78), (6, 39, 95)]
[(5, 60, 76), (6, 40, 95)]
[(5, 60, 82), (6, 41, 100)]
[(5, 63, 69), (9, 23, 105)]
[(5, 64, 92), (10, 23, 128)]
[(5, 69, 82), (10, 23, 123)]
[(6, 25, 56), (7, 20, 60)]
[(6, 25, 147), (7, 21, 150)]
[(6, 28, 30), (10, 12, 42)]
[(6, 28, 50), (10, 14, 60)]
[(6, 30, 48), (12, 12, 60)]
[(6, 30, 140), (12, 14, 150)]
[(6, 32, 84), (12, 14, 96)]
[(6, 33, 65), (11, 15, 78)]
[(6, 33, 120), (12, 15, 132)]
[(6, 38, 100), (10, 20, 114)]
[(6, 39, 63), (9, 21, 78)]
[(6, 40, 44), (8, 22, 60)]
[(6, 40, 117), (9, 24, 130)]
[(6, 44, 48), (8, 24, 66)]
[(6, 44, 117), (9, 26, 132)]
[(6, 44, 120), (8, 30, 132)]
[(6, 45, 135), (9, 27, 150)]
[(6, 46, 95), (10, 23, 114)]
[(6, 46, 120), (10, 24, 138)]
[(6, 48, 52), (12, 16, 78)]
[(6, 48, 63), (9, 24, 84)]
[(6, 48, 80), (8, 30, 96)]
[(6, 48, 100), (10, 24, 120)]
[(6, 48, 110), (12, 20, 132)]
[(6, 51, 125), (15, 17, 150)]
[(6, 57, 84), (12, 21, 114)]
[(6, 60, 64), (10, 24, 96)]
[(6, 60, 120), (12, 24, 150)]
[(6, 63, 64), (9, 28, 96)]
[(6, 63, 125), (9, 35, 150)]
[(6, 64, 102), (12, 24, 136)]
[(6, 66, 76), (12, 22, 114)]
[(6, 66, 96), (12, 24, 132)]
[(6, 66, 100), (10, 30, 132)]
[(6, 75, 105), (15, 21, 150)]
[(6, 75, 117), (9, 39, 150)]
[(6, 75, 133), (7, 57, 150)]
[(6, 76, 80), (8, 40, 114)]
[(6, 80, 84), (8, 42, 120)]
[(6, 80, 99), (8, 45, 132)]
[(6, 80, 120), (8, 48, 150)]
[(6, 84, 100), (12, 28, 150)]
[(6, 84, 115), (7, 60, 138)]
[(6, 105, 115), (7, 69, 150)]
[(7, 30, 80), (8, 25, 84)]
[(7, 38, 120), (12, 20, 133)]
[(7, 40, 100), (10, 25, 112)]
[(7, 45, 45), (9, 25, 63)]
[(7, 46, 100), (10, 28, 115)]
[(7, 48, 114), (12, 24, 133)]
[(7, 50, 92), (14, 20, 115)]
[(7, 50, 120), (12, 25, 140)]
[(7, 55, 65), (11, 25, 91)]
[(7, 57, 105), (15, 21, 133)]
[(7, 57, 117), (9, 39, 133)]
[(7, 63, 114), (9, 42, 133)]
[(7, 63, 129), (9, 43, 147)]
[(7, 65, 85), (13, 25, 119)]
[(7, 68, 100), (14, 25, 136)]
[(7, 69, 75), (15, 21, 115)]
[(7, 69, 95), (15, 23, 133)]
[(7, 75, 86), (14, 25, 129)]
[(7, 75, 105), (15, 25, 147)]
[(7, 76, 88), (16, 22, 133)]
[(7, 76, 100), (10, 40, 133)]
[(7, 76, 116), (8, 58, 133)]
[(7, 80, 92), (8, 56, 115)]
[(7, 80, 114), (8, 60, 133)]
[(7, 80, 122), (8, 61, 140)]
[(7, 82, 95), (10, 41, 133)]
[(7, 86, 100), (10, 43, 140)]
[(8, 28, 75), (10, 21, 80)]
[(8, 29, 110), (11, 20, 116)]
[(8, 30, 33), (12, 15, 44)]
[(8, 30, 117), (9, 26, 120)]
[(8, 31, 52), (13, 16, 62)]
[(8, 32, 70), (14, 16, 80)]
[(8, 35, 68), (14, 17, 80)]
[(8, 40, 66), (12, 22, 80)]
[(8, 42, 84), (12, 24, 98)]
[(8, 44, 65), (11, 26, 80)]
[(8, 48, 60), (12, 24, 80)]
[(8, 48, 78), (12, 26, 96)]
[(8, 49, 78), (13, 24, 98)]
[(8, 50, 56), (14, 20, 80)]
[(8, 50, 64), (10, 32, 80)]
[(8, 52, 66), (12, 26, 88)]
[(8, 56, 70), (16, 20, 98)]
[(8, 56, 104), (14, 26, 128)]
[(8, 58, 88), (16, 22, 116)]
[(8, 58, 100), (10, 40, 116)]
[(8, 60, 63), (9, 42, 80)]
[(8, 60, 87), (15, 24, 116)]
[(8, 63, 66), (9, 44, 84)]
[(8, 63, 84), (9, 48, 98)]
[(8, 64, 110), (10, 44, 128)]
[(8, 66, 87), (12, 33, 116)]
[(8, 66, 100), (10, 44, 120)]
[(8, 67, 104), (13, 32, 134)]
[(8, 70, 104), (16, 26, 140)]
[(8, 78, 88), (16, 26, 132)]
[(9, 28, 60), (10, 24, 63)]
[(9, 30, 56), (12, 20, 63)]
[(9, 35, 51), (15, 17, 63)]
[(9, 39, 49), (13, 21, 63)]
[(9, 39, 105), (15, 21, 117)]
[(9, 42, 48), (12, 24, 63)]
[(9, 42, 104), (14, 24, 117)]
[(9, 48, 104), (12, 32, 117)]
[(9, 52, 96), (16, 24, 117)]
[(9, 52, 102), (12, 34, 117)]
[(9, 57, 91), (19, 21, 117)]
[(9, 65, 87), (15, 29, 117)]
[(9, 65, 99), (11, 45, 117)]
[(9, 78, 84), (12, 42, 117)]
[(9, 78, 100), (10, 60, 117)]
[(9, 82, 105), (10, 63, 123)]
[(9, 84, 100), (10, 63, 120)]
[(10, 30, 96), (12, 24, 100)]
[(10, 32, 56), (14, 20, 64)]
[(10, 34, 128), (16, 20, 136)]
[(10, 35, 120), (12, 28, 125)]
[(10, 40, 88), (16, 22, 100)]
[(10, 41, 69), (15, 23, 82)]
[(10, 42, 48), (12, 28, 60)]
[(10, 42, 140), (14, 28, 150)]
[(10, 48, 48), (12, 30, 64)]
[(10, 48, 105), (15, 28, 120)]
[(10, 49, 52), (13, 28, 70)]
[(10, 49, 68), (14, 28, 85)]
[(10, 50, 84), (14, 30, 100)]
[(10, 51, 84), (15, 28, 102)]
[(10, 51, 120), (15, 30, 136)]
[(10, 52, 80), (16, 26, 100)]
[(10, 52, 85), (13, 34, 100)]
[(10, 52, 112), (16, 28, 130)]
[(10, 55, 76), (19, 22, 100)]
[(10, 56, 69), (15, 28, 92)]
[(10, 56, 75), (20, 21, 100)]
[(10, 56, 88), (16, 28, 110)]
[(10, 59, 92), (20, 23, 118)]
[(10, 60, 84), (12, 42, 100)]
[(10, 60, 138), (12, 46, 150)]
[(10, 64, 70), (16, 28, 100)]
[(10, 65, 88), (11, 52, 100)]
[(10, 66, 80), (12, 44, 100)]
[(10, 66, 92), (12, 46, 110)]
[(10, 68, 70), (14, 34, 100)]
[(10, 68, 112), (14, 40, 136)]
[(10, 68, 120), (12, 50, 136)]
[(10, 69, 84), (12, 46, 105)]
[(10, 74, 112), (20, 28, 148)]
[(10, 76, 91), (19, 28, 130)]
[(10, 84, 92), (20, 28, 138)]
[(10, 85, 104), (13, 50, 136)]
[(10, 88, 119), (11, 70, 136)]
[(10, 96, 102), (12, 60, 136)]
[(10, 96, 120), (12, 64, 150)]
[(11, 34, 112), (16, 22, 119)]
[(11, 40, 52), (16, 22, 65)]
[(11, 45, 87), (15, 29, 99)]
[(11, 51, 105), (15, 33, 119)]
[(11, 68, 98), (14, 44, 119)]
[(11, 78, 120), (12, 65, 132)]
[(11, 84, 102), (12, 66, 119)]
[(11, 85, 91), (13, 55, 119)]
[(11, 87, 94), (22, 29, 141)]
[(12, 32, 42), (14, 24, 48)]
[(12, 33, 40), (15, 22, 48)]
[(12, 33, 60), (15, 24, 66)]
[(12, 34, 96), (16, 24, 102)]
[(12, 38, 55), (19, 20, 66)]
[(12, 40, 105), (15, 30, 112)]
[(12, 40, 110), (20, 22, 120)]
[(12, 42, 50), (14, 30, 60)]
[(12, 44, 52), (16, 26, 66)]
[(12, 45, 88), (16, 30, 99)]
[(12, 48, 70), (16, 30, 84)]
[(12, 49, 78), (13, 42, 84)]
[(12, 50, 51), (15, 30, 68)]
[(12, 50, 112), (14, 40, 120)]
[(12, 51, 70), (15, 34, 84)]
[(12, 51, 88), (16, 33, 102)]
[(12, 52, 60), (16, 30, 78)]
[(12, 55, 114), (19, 30, 132)]
[(12, 56, 60), (20, 24, 84)]
[(12, 56, 100), (20, 28, 120)]
[(12, 60, 96), (24, 24, 120)]
[(12, 60, 105), (15, 42, 120)]
[(12, 60, 110), (20, 30, 132)]
[(12, 60, 115), (24, 25, 138)]
[(12, 60, 140), (14, 48, 150)]
[(12, 63, 104), (14, 48, 117)]
[(12, 68, 84), (14, 48, 102)]
[(12, 68, 105), (14, 51, 120)]
[(12, 69, 100), (15, 46, 120)]
[(12, 69, 110), (20, 33, 138)]
[(12, 69, 120), (15, 48, 138)]
[(12, 70, 93), (21, 30, 124)]
[(12, 70, 96), (16, 42, 120)]
[(12, 70, 104), (14, 52, 120)]
[(12, 74, 75), (20, 30, 111)]
[(12, 75, 84), (21, 30, 120)]
[(12, 78, 80), (24, 26, 120)]
[(12, 78, 85), (13, 60, 102)]
[(12, 78, 121), (13, 66, 132)]
[(12, 80, 87), (15, 48, 116)]
[(12, 80, 88), (16, 44, 120)]
[(12, 85, 104), (13, 68, 120)]
[(12, 88, 96), (16, 48, 132)]
[(12, 92, 105), (15, 56, 138)]
[(13, 34, 80), (16, 26, 85)]
[(13, 40, 124), (16, 31, 130)]
[(13, 44, 110), (20, 26, 121)]
[(13, 51, 75), (15, 39, 85)]
[(13, 63, 93), (21, 31, 117)]
[(13, 63, 105), (15, 49, 117)]
[(13, 68, 70), (14, 52, 85)]
[(13, 70, 112), (16, 49, 130)]
[(13, 88, 88), (16, 52, 121)]
[(13, 93, 98), (26, 31, 147)]
[(14, 34, 64), (16, 28, 68)]
[(14, 35, 136), (17, 28, 140)]
[(14, 39, 96), (21, 24, 104)]
[(14, 40, 132), (22, 24, 140)]
[(14, 43, 75), (21, 25, 86)]
[(14, 44, 130), (22, 26, 140)]
[(14, 50, 128), (20, 32, 140)]
[(14, 51, 60), (15, 42, 68)]
[(14, 52, 96), (16, 42, 104)]
[(14, 56, 80), (20, 32, 98)]
[(14, 56, 125), (20, 35, 140)]
[(14, 57, 96), (21, 32, 114)]
[(14, 60, 120), (24, 30, 140)]
[(14, 61, 100), (25, 28, 122)]
[(14, 64, 75), (21, 32, 100)]
[(14, 64, 78), (24, 28, 104)]
[(14, 65, 116), (26, 29, 140)]
[(14, 68, 125), (17, 50, 140)]
[(14, 70, 80), (16, 50, 98)]
[(14, 70, 128), (16, 56, 140)]
[(14, 75, 112), (21, 40, 140)]
[(14, 76, 110), (22, 38, 140)]
[(14, 80, 104), (26, 32, 140)]
[(14, 80, 110), (20, 44, 140)]
[(14, 80, 124), (16, 62, 140)]
[(14, 84, 100), (28, 30, 140)]
[(14, 88, 120), (16, 66, 140)]
[(14, 92, 95), (23, 38, 140)]
[(14, 92, 100), (20, 46, 140)]
[(14, 96, 100), (28, 32, 150)]
[(14, 100, 123), (15, 82, 140)]
[(14, 105, 120), (15, 84, 140)]
[(14, 105, 129), (15, 86, 147)]
[(15, 34, 48), (16, 30, 51)]
[(15, 35, 102), (17, 30, 105)]
[(15, 39, 98), (21, 26, 105)]
[(15, 41, 115), (23, 25, 123)]
[(15, 42, 96), (24, 24, 105)]
[(15, 46, 56), (20, 28, 69)]
[(15, 48, 110), (20, 33, 120)]
[(15, 49, 93), (21, 31, 105)]
[(15, 55, 57), (19, 33, 75)]
[(15, 56, 66), (20, 33, 84)]
[(15, 57, 77), (21, 33, 95)]
[(15, 57, 91), (19, 39, 105)]
[(15, 58, 66), (22, 30, 87)]
[(15, 60, 84), (24, 30, 105)]
[(15, 60, 132), (24, 33, 150)]
[(15, 63, 81), (27, 27, 105)]
[(15, 66, 96), (24, 33, 120)]
[(15, 66, 115), (25, 33, 138)]
[(15, 69, 77), (23, 33, 105)]
[(15, 70, 96), (16, 60, 105)]
[(15, 81, 99), (27, 33, 135)]
[(15, 82, 84), (28, 30, 123)]
[(15, 82, 92), (20, 46, 123)]
[(15, 84, 88), (16, 66, 105)]
[(15, 88, 92), (16, 69, 110)]
[(15, 92, 102), (20, 51, 138)]
[(15, 94, 96), (24, 40, 141)]
[(15, 94, 99), (22, 45, 141)]
[(16, 35, 68), (17, 32, 70)]
[(16, 39, 42), (21, 24, 52)]
[(16, 42, 60), (24, 24, 70)]
[(16, 44, 78), (24, 26, 88)]
[(16, 46, 77), (23, 28, 88)]
[(16, 50, 56), (20, 32, 70)]
[(16, 53, 102), (17, 48, 106)]
[(16, 55, 74), (20, 37, 88)]
[(16, 55, 76), (19, 40, 88)]
[(16, 60, 66), (24, 30, 88)]
[(16, 60, 102), (24, 34, 120)]
[(16, 62, 104), (26, 32, 124)]
[(16, 62, 110), (20, 44, 124)]
[(16, 68, 78), (24, 34, 104)]
[(16, 71, 136), (17, 64, 142)]
[(16, 74, 130), (20, 52, 148)]
[(16, 76, 91), (19, 52, 112)]
[(16, 78, 93), (24, 39, 124)]
[(16, 78, 110), (20, 52, 132)]
[(16, 84, 93), (21, 48, 124)]
[(17, 49, 75), (21, 35, 85)]
[(17, 50, 56), (20, 35, 68)]
[(17, 52, 132), (24, 34, 143)]
[(17, 60, 84), (24, 35, 102)]
[(17, 65, 98), (26, 35, 119)]
[(17, 70, 100), (28, 34, 125)]
[(17, 75, 105), (21, 51, 125)]
[(17, 84, 100), (30, 35, 136)]
[(17, 88, 104), (32, 34, 143)]
[(17, 104, 110), (20, 68, 143)]
[(19, 40, 74), (20, 37, 76)]
[(19, 42, 111), (21, 37, 114)]
[(19, 56, 78), (24, 38, 91)]
[(19, 60, 110), (20, 55, 114)]
[(19, 75, 77), (21, 55, 95)]
[(19, 77, 115), (23, 55, 133)]
[(19, 87, 110), (33, 38, 145)]
[(20, 42, 48), (24, 30, 56)]
[(20, 42, 57), (21, 38, 60)]
[(20, 44, 76), (22, 38, 80)]
[(20, 44, 104), (26, 32, 110)]
[(20, 46, 84), (28, 30, 92)]
[(20, 46, 95), (23, 38, 100)]
[(20, 48, 114), (24, 38, 120)]
[(20, 48, 120), (30, 30, 128)]
[(20, 50, 133), (25, 38, 140)]
[(20, 57, 60), (24, 38, 75)]
[(20, 60, 99), (24, 45, 110)]
[(20, 60, 147), (21, 56, 150)]
[(20, 64, 112), (28, 40, 128)]
[(20, 64, 115), (25, 46, 128)]
[(20, 66, 69), (30, 33, 92)]
[(20, 66, 96), (24, 48, 110)]
[(20, 66, 112), (22, 56, 120)]
[(20, 66, 114), (30, 38, 132)]
[(20, 68, 88), (32, 34, 110)]
[(20, 73, 132), (24, 55, 146)]
[(20, 76, 77), (22, 56, 95)]
[(20, 76, 84), (30, 38, 112)]
[(20, 76, 104), (32, 38, 130)]
[(20, 77, 82), (28, 41, 110)]
[(20, 77, 92), (23, 56, 110)]
[(20, 78, 88), (24, 52, 110)]
[(20, 78, 112), (24, 56, 130)]
[(20, 80, 104), (26, 50, 128)]
[(20, 84, 96), (24, 56, 120), (30, 42, 128)]
[(20, 84, 111), (21, 74, 120)]
[(20, 84, 115), (25, 56, 138)]
[(20, 88, 112), (22, 70, 128)]
[(20, 91, 116), (26, 56, 145)]
[(20, 96, 96), (24, 60, 128)]
[(20, 98, 104), (26, 56, 140)]
[(21, 43, 125), (25, 35, 129)]
[(21, 48, 78), (24, 39, 84)]
[(21, 48, 140), (30, 32, 147)]
[(21, 50, 64), (28, 32, 75)]
[(21, 52, 60), (24, 39, 70)]
[(21, 60, 60), (24, 42, 75)]
[(21, 60, 140), (24, 50, 147)]
[(21, 62, 78), (26, 42, 93)]
[(21, 63, 135), (27, 45, 147)]
[(21, 64, 78), (28, 39, 96)]
[(21, 65, 87), (29, 39, 105)]
[(21, 65, 102), (30, 39, 119)]
[(21, 66, 76), (22, 57, 84)]
[(21, 69, 95), (23, 57, 105)]
[(21, 74, 96), (24, 56, 111)]
[(21, 75, 133), (25, 57, 147)]
[(21, 76, 96), (24, 57, 112)]
[(21, 77, 123), (33, 41, 147)]
[(21, 77, 138), (23, 66, 147)]
[(21, 78, 125), (35, 39, 150)]
[(21, 84, 120), (30, 48, 147)]
[(21, 84, 132), (24, 66, 147)]
[(21, 86, 96), (32, 42, 129)]
[(21, 86, 100), (28, 50, 129)]
[(21, 87, 119), (29, 51, 147)]
[(21, 91, 111), (37, 39, 147)]
[(21, 95, 115), (23, 75, 133)]
[(21, 98, 117), (26, 63, 147)]
[(21, 99, 105), (33, 45, 147)]
[(21, 100, 114), (28, 57, 150)]
[(21, 102, 105), (30, 51, 147)]
[(21, 105, 115), (25, 69, 147)]
[(21, 112, 114), (24, 76, 147)]
[(21, 112, 132), (22, 96, 147)]
[(22, 45, 96), (24, 40, 99)]
[(22, 47, 87), (29, 33, 94)]
[(22, 48, 60), (24, 40, 66)]
[(22, 48, 105), (30, 33, 112)]
[(22, 52, 80), (26, 40, 88)]
[(22, 56, 100), (28, 40, 110)]
[(22, 60, 120), (30, 40, 132)]
[(22, 64, 70), (28, 40, 88)]
[(22, 64, 98), (28, 44, 112)]
[(22, 65, 116), (29, 44, 130)]
[(22, 69, 120), (33, 40, 138)]
[(22, 78, 105), (33, 42, 130)]
[(22, 78, 116), (26, 58, 132)]
[(22, 78, 120), (24, 66, 130)]
[(22, 80, 84), (30, 44, 112)]
[(22, 80, 87), (33, 40, 116)]
[(22, 80, 91), (26, 55, 112)]
[(22, 80, 104), (32, 44, 130)]
[(22, 84, 96), (24, 66, 112)]
[(22, 85, 88), (34, 40, 121)]
[(22, 91, 100), (28, 55, 130)]
[(22, 92, 95), (23, 76, 110)]
[(22, 96, 114), (24, 76, 132)]
[(23, 56, 82), (28, 41, 92)]
[(23, 66, 123), (33, 41, 138)]
[(23, 84, 118), (28, 59, 138)]
[(23, 84, 132), (24, 77, 138)]
[(23, 114, 120), (24, 95, 138)]
[(24, 44, 130), (26, 40, 132)]
[(24, 48, 50), (30, 32, 60)]
[(24, 51, 88), (33, 34, 96)]
[(24, 52, 68), (32, 34, 78)]
[(24, 57, 104), (32, 39, 114)]
[(24, 58, 65), (29, 40, 78)]
[(24, 60, 84), (30, 42, 96)]
[(24, 60, 140), (32, 42, 150)]
[(24, 62, 121), (31, 44, 132)]
[(24, 63, 104), (32, 42, 117)]
[(24, 64, 84), (28, 48, 96)]
[(24, 66, 70), (30, 42, 88)]
[(24, 66, 80), (30, 44, 96)]
[(24, 66, 105), (33, 42, 120)]
[(24, 66, 120), (30, 48, 132)]
[(24, 68, 84), (32, 42, 102)]
[(24, 70, 102), (34, 42, 120)]
[(24, 75, 130), (39, 40, 150)]
[(24, 76, 110), (38, 40, 132)]
[(24, 77, 118), (28, 59, 132)]
[(24, 78, 80), (26, 60, 96)]
[(24, 82, 105), (28, 60, 123)]
[(24, 84, 100), (28, 60, 120)]
[(24, 84, 110), (30, 56, 132)]
[(24, 84, 125), (35, 48, 150)]
[(24, 88, 102), (34, 48, 132)]
[(24, 88, 104), (32, 52, 132)]
[(24, 94, 105), (40, 42, 141)]
[(24, 100, 102), (30, 60, 136)]
[(24, 100, 120), (30, 64, 150)]
[(24, 105, 110), (33, 56, 150)]
[(24, 110, 115), (25, 92, 132)]
[(24, 115, 120), (25, 96, 138)]
[(25, 46, 112), (28, 40, 115)]
[(25, 64, 86), (32, 43, 100)]
[(25, 69, 99), (33, 45, 115)]
[(25, 69, 102), (30, 51, 115)]
[(25, 76, 92), (38, 40, 115)]
[(25, 76, 112), (40, 40, 133)]
[(25, 78, 129), (39, 43, 150)]
[(25, 84, 92), (30, 56, 115)]
[(25, 84, 114), (30, 60, 133)]
[(25, 84, 122), (30, 61, 140)]
[(25, 86, 112), (40, 43, 140)]
[(25, 96, 122), (32, 61, 150)]
[(26, 48, 75), (30, 39, 80)]
[(26, 49, 93), (31, 39, 98)]
[(26, 55, 84), (30, 44, 91)]
[(26, 60, 66), (30, 44, 78)]
[(26, 64, 70), (28, 52, 80)]
[(26, 67, 124), (31, 52, 134)]
[(26, 68, 88), (34, 44, 104)]
[(26, 70, 84), (30, 52, 98)]
[(26, 75, 132), (39, 44, 150)]
[(26, 76, 110), (38, 44, 130)]
[(26, 87, 88), (33, 52, 116)]
[(26, 88, 93), (39, 44, 124)]
[(26, 100, 112), (28, 80, 130)]
[(27, 63, 125), (35, 45, 135)]
[(27, 75, 117), (39, 45, 135)]
[(27, 99, 105), (33, 63, 135)]
[(28, 48, 60), (30, 42, 64)]
[(28, 50, 96), (32, 42, 100)]
[(28, 50, 138), (30, 46, 140)]
[(28, 51, 132), (33, 42, 136)]
[(28, 66, 69), (33, 46, 84)]
[(28, 68, 125), (35, 50, 136)]
[(28, 68, 128), (32, 56, 136)]
[(28, 70, 85), (34, 49, 100)]
[(28, 75, 78), (39, 42, 100)]
[(28, 76, 92), (38, 46, 112)]
[(28, 76, 115), (40, 46, 133)]
[(28, 80, 84), (30, 64, 98)]
[(28, 85, 112), (40, 49, 136)]
[(28, 85, 124), (31, 70, 136)]
[(28, 86, 115), (43, 46, 140)]
[(28, 92, 96), (42, 46, 128)]
[(28, 96, 102), (42, 48, 136)]
[(28, 96, 125), (35, 64, 150)]
[(28, 102, 120), (30, 84, 136)]
[(28, 116, 119), (29, 98, 136)]
[(29, 55, 141), (33, 47, 145)]
[(29, 68, 112), (32, 58, 119)]
[(29, 80, 94), (40, 47, 116)]
[(29, 80, 104), (32, 65, 116)]
[(29, 91, 125), (35, 65, 145)]
[(29, 102, 105), (30, 87, 119)]
[(30, 51, 99), (33, 45, 102)]
[(30, 56, 76), (38, 40, 84)]
[(30, 56, 114), (38, 42, 120)]
[(30, 60, 112), (40, 42, 120)]
[(30, 68, 70), (34, 50, 84)]
[(30, 68, 96), (32, 60, 102)]
[(30, 69, 132), (33, 60, 138)]
[(30, 75, 104), (39, 50, 120)]
[(30, 76, 96), (40, 48, 114)]
[(30, 78, 112), (42, 48, 130)]
[(30, 80, 99), (44, 45, 120)]
[(30, 80, 132), (44, 48, 150)]
[(30, 84, 96), (42, 48, 120)]
[(30, 85, 93), (31, 75, 102)]
[(30, 86, 115), (43, 50, 138)]
[(30, 88, 102), (34, 66, 120)]
[(30, 88, 105), (33, 70, 120)]
[(30, 92, 112), (40, 56, 138)]
[(30, 92, 114), (38, 60, 138)]
[(30, 96, 99), (45, 48, 132)]
[(30, 96, 104), (32, 78, 120)]
[(30, 96, 120), (48, 48, 150)]
[(30, 96, 140), (32, 84, 150)]
[(30, 104, 112), (32, 84, 130)]
[(30, 105, 132), (33, 84, 150)]
[(30, 110, 114), (38, 66, 150)]
[(31, 68, 80), (32, 62, 85)]
[(31, 70, 112), (40, 49, 124)]
[(31, 88, 98), (44, 49, 124)]
[(32, 51, 66), (33, 48, 68)]
[(32, 52, 102), (34, 48, 104)]
[(32, 56, 125), (35, 50, 128)]
[(32, 65, 94), (40, 47, 104)]
[(32, 70, 130), (40, 52, 140)]
[(32, 70, 136), (34, 64, 140)]
[(32, 74, 91), (37, 56, 104)]
[(32, 75, 78), (39, 50, 96)]
[(32, 78, 84), (42, 48, 104)]
[(32, 80, 110), (44, 50, 128)]
[(32, 84, 120), (48, 48, 140)]
[(32, 92, 100), (46, 50, 128)]
[(32, 98, 110), (44, 56, 140)]
[(32, 98, 125), (35, 80, 140)]
[(32, 100, 102), (48, 50, 136)]
[(32, 100, 112), (40, 64, 140)]
[(32, 102, 105), (48, 51, 140)]
[(32, 105, 132), (33, 96, 140)]
[(33, 58, 80), (40, 44, 87)]
[(33, 60, 98), (42, 44, 105)]
[(33, 70, 102), (34, 66, 105)]
[(33, 75, 91), (39, 55, 105)]
[(33, 80, 84), (44, 48, 105)]
[(33, 80, 102), (44, 51, 120)]
[(33, 85, 99), (45, 51, 121)]
[(33, 92, 114), (38, 69, 132)]
[(33, 94, 116), (44, 58, 141)]
[(33, 94, 120), (40, 66, 141)]
[(33, 96, 102), (48, 51, 132)]
[(34, 53, 105), (35, 51, 106)]
[(34, 64, 130), (40, 52, 136)]
[(34, 65, 112), (40, 52, 119)]
[(34, 71, 140), (35, 68, 142)]
[(34, 78, 84), (42, 52, 102)]
[(34, 93, 104), (39, 68, 124)]
[(34, 100, 104), (50, 52, 136)]
[(34, 100, 112), (40, 70, 136)]
[(34, 104, 105), (51, 52, 140)]
[(35, 60, 120), (42, 48, 125)]
[(35, 75, 114), (42, 57, 125)]
[(35, 75, 117), (39, 63, 125)]
[(35, 78, 132), (42, 60, 143)]
[(35, 80, 110), (44, 56, 125)]
[(35, 85, 105), (49, 51, 125)]
[(35, 88, 130), (40, 70, 143)]
[(35, 91, 121), (49, 55, 143)]
[(35, 92, 100), (46, 56, 125)]
[(35, 95, 110), (38, 77, 125)]
[(35, 96, 100), (42, 64, 125)]
[(35, 99, 117), (45, 63, 143)]
[(35, 104, 106), (52, 53, 140)]
[(35, 104, 110), (50, 56, 143)]
[(37, 57, 110), (38, 55, 111)]
[(37, 75, 99), (45, 55, 111)]
[(37, 76, 146), (38, 73, 148)]
[(37, 88, 130), (52, 55, 148)]
[(37, 110, 112), (55, 56, 148)]
[(37, 110, 116), (44, 74, 145)]
[(37, 112, 130), (40, 91, 148)]
[(38, 60, 112), (40, 56, 114)]
[(38, 75, 99), (45, 57, 110)]
[(38, 77, 80), (44, 56, 95)]
[(38, 78, 111), (39, 74, 114)]
[(38, 84, 96), (48, 56, 114)]
[(38, 96, 112), (42, 76, 128)]
[(38, 111, 112), (56, 57, 148)]
[(38, 112, 115), (40, 92, 133)]
[(39, 60, 70), (42, 52, 75)]
[(39, 60, 76), (40, 57, 78)]
[(39, 62, 88), (44, 52, 93)]
[(39, 63, 114), (42, 57, 117)]
[(39, 70, 140), (50, 52, 147)]
[(39, 76, 120), (48, 57, 130)]
[(39, 88, 114), (52, 57, 132)]
[(39, 98, 124), (52, 62, 147)]
[(39, 98, 132), (44, 78, 147)]
[(39, 99, 125), (45, 75, 143)]
[(39, 105, 119), (51, 65, 147)]
[(39, 112, 140), (40, 104, 147)]
[(40, 66, 116), (44, 58, 120)]
[(40, 68, 105), (50, 51, 112)]
[(40, 70, 104), (50, 52, 112)]
[(40, 74, 140), (50, 56, 148)]
[(40, 78, 120), (48, 60, 130)]
[(40, 82, 95), (41, 76, 100)]
[(40, 84, 87), (48, 58, 105)]
[(40, 84, 96), (48, 60, 112)]
[(40, 84, 99), (45, 66, 112)]
[(40, 84, 114), (42, 76, 120)]
[(40, 84, 117), (48, 63, 130)]
[(40, 86, 133), (43, 76, 140)]
[(40, 87, 102), (51, 58, 120)]
[(40, 88, 91), (52, 55, 112)]
[(40, 88, 98), (44, 70, 112)]
[(40, 91, 110), (55, 56, 130)]
[(40, 96, 98), (42, 80, 112)]
[(40, 99, 114), (45, 76, 132)]
[(40, 100, 104), (50, 64, 130)]
[(40, 102, 104), (48, 68, 130)]
[(40, 111, 114), (57, 60, 148)]
[(40, 111, 120), (48, 75, 148)]
[(40, 114, 120), (48, 76, 150)]
[(41, 69, 118), (46, 59, 123)]
[(41, 99, 105), (45, 77, 123)]
[(41, 105, 114), (42, 95, 123)]
[(42, 64, 92), (46, 56, 96)]
[(42, 66, 80), (44, 60, 84)]
[(42, 66, 128), (48, 56, 132)]
[(42, 69, 100), (46, 60, 105)]
[(42, 75, 140), (50, 60, 147)]
[(42, 80, 84), (48, 60, 98)]
[(42, 80, 88), (44, 70, 96)]
[(42, 84, 85), (49, 60, 102)]
[(42, 84, 121), (49, 66, 132)]
[(42, 85, 140), (49, 68, 150)]
[(42, 88, 117), (52, 63, 132)]
[(42, 88, 120), (48, 70, 132)]
[(42, 92, 120), (56, 60, 138)]
[(42, 95, 99), (45, 77, 114)]
[(42, 96, 110), (56, 60, 132)]
[(42, 99, 120), (45, 84, 132)]
[(42, 100, 128), (56, 64, 150)]
[(42, 100, 138), (46, 84, 150)]
[(42, 104, 120), (48, 78, 140)]
[(42, 106, 125), (53, 70, 150)]
[(42, 110, 120), (56, 66, 150)]
[(42, 120, 120), (48, 84, 150)]
[(42, 129, 133), (43, 114, 147)]
[(43, 75, 122), (50, 61, 129)]
[(44, 70, 91), (52, 55, 98)]
[(44, 78, 124), (52, 62, 132)]
[(44, 84, 84), (48, 66, 98)]
[(44, 87, 102), (51, 66, 116)]
[(44, 92, 100), (46, 80, 110)]
[(44, 93, 114), (57, 62, 132)]
[(44, 96, 120), (48, 80, 132)]
[(44, 104, 125), (50, 80, 143)]
[(45, 66, 96), (48, 60, 99)]
[(45, 78, 88), (52, 60, 99)]
[(45, 84, 88), (48, 70, 99)]
[(45, 91, 99), (55, 63, 117)]
[(45, 120, 132), (48, 99, 150)]
[(46, 84, 128), (56, 64, 138)]
[(46, 96, 120), (60, 64, 138)]
[(46, 102, 123), (51, 82, 138)]
[(46, 102, 128), (48, 92, 136)]
[(46, 120, 120), (48, 100, 138)]
[(47, 87, 130), (58, 65, 141)]
[(47, 102, 112), (48, 94, 119)]
[(47, 105, 117), (63, 65, 141)]
[(48, 68, 100), (50, 64, 102)]
[(48, 69, 136), (51, 64, 138)]
[(48, 70, 78), (52, 60, 84)]
[(48, 70, 117), (52, 63, 120)]
[(48, 75, 114), (57, 60, 120)]
[(48, 78, 88), (52, 66, 96)]
[(48, 84, 110), (56, 66, 120)]
[(48, 85, 98), (49, 80, 102)]
[(48, 92, 105), (56, 69, 120)]
[(48, 96, 100), (60, 64, 120)]
[(48, 96, 110), (60, 66, 128)]
[(48, 100, 132), (64, 66, 150)]
[(48, 102, 105), (51, 84, 120)]
[(49, 88, 110), (56, 70, 121)]
[(49, 93, 134), (62, 67, 147)]
[(49, 99, 99), (63, 63, 121)]
[(50, 78, 96), (60, 60, 104)]
[(50, 84, 132), (60, 66, 140)]
[(50, 88, 91), (55, 70, 104)]
[(50, 91, 132), (55, 78, 140)]
[(50, 96, 102), (60, 68, 120)]
[(50, 96, 136), (64, 68, 150)]
[(50, 98, 124), (62, 70, 140)]
[(50, 98, 128), (56, 80, 140)]
[(50, 102, 132), (66, 68, 150)]
[(50, 104, 119), (65, 68, 140)]
[(50, 105, 136), (51, 100, 140)]
[(50, 112, 114), (60, 76, 140)]
[(50, 112, 116), (58, 80, 140)]
[(50, 114, 129), (57, 86, 150)]
[(51, 70, 104), (52, 68, 105)]
[(51, 84, 92), (56, 69, 102)]
[(52, 93, 114), (57, 78, 124)]
[(52, 100, 112), (64, 70, 130)]
[(52, 100, 119), (65, 70, 136)]
[(52, 110, 112), (56, 88, 130)]
[(55, 78, 84), (60, 66, 91)]
[(55, 87, 138), (66, 69, 145)]
[(55, 116, 120), (66, 80, 145)]
[(55, 116, 124), (62, 88, 145)]
[(56, 76, 111), (57, 74, 112)]
[(56, 80, 124), (62, 70, 128)]
[(56, 88, 100), (64, 70, 110)]
[(56, 88, 120), (66, 70, 128)]
[(56, 96, 117), (63, 78, 128)]
[(56, 96, 120), (60, 84, 128)]
[(56, 112, 116), (58, 98, 128)]
[(56, 114, 115), (60, 92, 133)]
[(56, 115, 122), (61, 92, 140)]
[(57, 96, 100), (64, 75, 114)]
[(57, 105, 115), (69, 75, 133)]
[(58, 80, 114), (60, 76, 116)]
[(58, 96, 105), (60, 87, 112)]
[(58, 105, 117), (63, 87, 130)]
[(59, 100, 114), (60, 95, 118)]
[(60, 80, 93), (62, 75, 96)]
[(60, 84, 88), (66, 70, 96)]
[(60, 84, 117), (63, 78, 120)]
[(60, 102, 104), (68, 78, 120)]
[(60, 102, 121), (66, 85, 132)]
[(60, 102, 140), (68, 84, 150)]
[(60, 105, 138), (69, 84, 150)]
[(60, 110, 111), (74, 75, 132)]
[(60, 110, 138), (66, 92, 150)]
[(60, 111, 130), (75, 78, 148)]
[(60, 112, 117), (63, 96, 130)]
[(60, 114, 130), (76, 78, 150)]
[(60, 117, 140), (63, 104, 150)]
[(60, 120, 132), (66, 96, 150)]
[(60, 120, 136), (64, 102, 150)]
[(60, 122, 133), (61, 114, 140)]
[(62, 88, 120), (66, 80, 124)]
[(63, 102, 104), (68, 84, 117)]
[(64, 85, 134), (67, 80, 136)]
[(64, 92, 123), (69, 82, 128)]
[(64, 102, 132), (66, 96, 136)]
[(64, 110, 120), (66, 100, 128)]
[(64, 119, 130), (65, 112, 136)]
[(66, 92, 105), (69, 84, 110)]
[(66, 95, 112), (76, 77, 120)]
[(66, 112, 114), (76, 84, 132)]
[(68, 100, 129), (75, 86, 136)]
[(68, 105, 138), (69, 102, 140)]
[(69, 116, 120), (80, 87, 138)]
[(70, 93, 120), (75, 84, 124)]
[(70, 104, 132), (78, 88, 140)]
[(70, 120, 132), (84, 88, 150)]
[(74, 112, 138), (84, 92, 148)]
[(74, 130, 132), (78, 110, 148)]
[(75, 114, 148), (76, 111, 150)]
[(75, 124, 132), (88, 93, 150)]
[(77, 114, 120), (84, 95, 132)]
[(78, 105, 145), (87, 91, 150)]
[(78, 112, 120), (84, 96, 130)]
[(78, 120, 140), (84, 104, 150)]
[(78, 135, 135), (81, 117, 150)]
[(82, 105, 120), (84, 100, 123)]
[(84, 105, 116), (87, 98, 120)]
[(84, 129, 140), (86, 120, 147)]
[(91, 116, 140), (98, 104, 145)]
[(92, 120, 132), (96, 110, 138)]
[(96, 130, 140), (104, 112, 150)]
