[(2, 24, 28), (4, 8, 42)]
[(2, 30, 85), (5, 10, 102)]
[(2, 31, 44), (4, 11, 62)]
[(2, 34, 84), (4, 14, 102)]
[(2, 41, 63), (3, 21, 82)]
[(2, 43, 66), (3, 22, 86)]
[(2, 44, 63), (3, 22, 84)]
[(2, 48, 68), (8, 8, 102)]
[(2, 51, 66), (6, 11, 102)]
[(2, 61, 84), (4, 21, 122)]
[(2, 63, 68), (3, 28, 102)]
[(2, 64, 88), (4, 22, 128)]
[(2, 66, 84), (4, 22, 126)]
[(2, 71, 88), (8, 11, 142)]
[(3, 24, 56), (4, 16, 63)]
[(3, 26, 132), (6, 12, 143)]
[(3, 27, 49), (7, 9, 63)]
[(3, 28, 48), (8, 8, 63)]
[(3, 35, 45), (5, 15, 63)]
[(3, 41, 105), (5, 21, 123)]
[(3, 42, 44), (4, 22, 63)]
[(3, 44, 46), (4, 23, 66)]
[(3, 44, 130), (4, 30, 143)]
[(3, 45, 115), (5, 23, 135)]
[(3, 46, 105), (5, 23, 126)]
[(3, 52, 110), (10, 12, 143)]
[(3, 65, 110), (5, 30, 143)]
[(3, 66, 82), (6, 22, 123)]
[(3, 66, 92), (6, 23, 132)]
[(3, 66, 104), (6, 24, 143)]
[(3, 69, 86), (6, 23, 129)]
[(3, 78, 88), (8, 18, 143)]
[(3, 82, 84), (4, 42, 123)]
[(3, 84, 86), (4, 43, 126)]
[(3, 88, 104), (4, 48, 143)]
[(4, 26, 33), (6, 13, 44)]
[(4, 26, 96), (6, 16, 104)]
[(4, 28, 72), (8, 12, 84)]
[(4, 30, 70), (10, 10, 84)]
[(4, 31, 110), (10, 11, 124)]
[(4, 32, 48), (8, 12, 64)]
[(4, 32, 105), (5, 24, 112)]
[(4, 36, 128), (8, 16, 144)]
[(4, 42, 66), (6, 22, 84)]
[(4, 45, 70), (5, 30, 84)]
[(4, 46, 63), (6, 23, 84)]
[(4, 46, 72), (6, 24, 92)]
[(4, 48, 56), (8, 16, 84)]
[(4, 48, 66), (6, 24, 88)]
[(4, 48, 78), (8, 18, 104)]
[(4, 48, 126), (6, 28, 144)]
[(4, 49, 54), (9, 14, 84)]
[(4, 52, 72), (12, 12, 104)]
[(4, 52, 93), (12, 13, 124)]
[(4, 54, 112), (12, 14, 144)]
[(4, 56, 87), (7, 24, 116)]
[(4, 62, 88), (8, 22, 124)]
[(4, 62, 105), (5, 42, 124)]
[(4, 64, 108), (8, 24, 144)]
[(4, 65, 110), (5, 44, 130)]
[(4, 66, 93), (6, 33, 124)]
[(4, 66, 105), (5, 44, 126)]
[(4, 68, 96), (8, 24, 136)]
[(4, 72, 88), (8, 24, 132)]
[(4, 72, 96), (12, 16, 144)]
[(4, 96, 105), (5, 56, 144)]
[(5, 27, 35), (7, 15, 45)]
[(5, 27, 98), (7, 18, 105)]
[(5, 28, 96), (8, 16, 105)]
[(5, 29, 135), (9, 15, 145)]
[(5, 30, 30), (10, 10, 45)]
[(5, 30, 52), (10, 12, 65)]
[(5, 33, 91), (11, 13, 105)]
[(5, 34, 70), (10, 14, 85)]
[(5, 35, 90), (10, 15, 105)]
[(5, 42, 88), (8, 22, 105)]
[(5, 48, 84), (8, 24, 105)]
[(5, 49, 81), (9, 21, 105)]
[(5, 49, 87), (7, 29, 105)]
[(5, 50, 88), (8, 25, 110)]
[(5, 51, 55), (11, 15, 85)]
[(5, 51, 77), (11, 17, 105)]
[(5, 56, 72), (12, 16, 105)]
[(5, 63, 69), (9, 23, 105)]
[(5, 63, 86), (6, 43, 105)]
[(5, 66, 84), (6, 44, 105)]
[(5, 66, 90), (6, 45, 110)]
[(5, 69, 75), (9, 25, 115)]
[(5, 75, 75), (15, 15, 125)]
[(5, 75, 90), (10, 25, 135)]
[(5, 87, 90), (10, 27, 145)]
[(5, 87, 105), (7, 45, 145)]
[(6, 30, 55), (10, 15, 66)]
[(6, 33, 52), (12, 13, 66)]
[(6, 36, 112), (12, 16, 126)]
[(6, 39, 88), (8, 26, 99)]
[(6, 42, 110), (10, 22, 126)]
[(6, 43, 69), (9, 23, 86)]
[(6, 44, 48), (8, 24, 66)]
[(6, 48, 52), (8, 26, 72)]
[(6, 48, 112), (8, 32, 126)]
[(6, 49, 78), (9, 26, 98)]
[(6, 49, 108), (9, 28, 126)]
[(6, 50, 105), (10, 25, 126)]
[(6, 50, 130), (10, 26, 150)]
[(6, 52, 69), (9, 26, 92)]
[(6, 52, 110), (10, 26, 132)]
[(6, 53, 78), (13, 18, 106)]
[(6, 53, 88), (8, 33, 106)]
[(6, 54, 98), (14, 18, 126)]
[(6, 56, 96), (16, 16, 126)]
[(6, 56, 108), (8, 36, 126)]
[(6, 63, 92), (12, 23, 126)]
[(6, 65, 70), (10, 26, 105)]
[(6, 66, 91), (11, 26, 126)]
[(6, 70, 90), (10, 30, 126)]
[(6, 72, 84), (12, 24, 126)]
[(6, 72, 104), (12, 26, 144)]
[(6, 73, 104), (13, 24, 146)]
[(6, 73, 110), (10, 33, 146)]
[(6, 78, 92), (12, 26, 138)]
[(6, 84, 88), (8, 44, 126)]
[(6, 87, 98), (7, 58, 126)]
[(6, 88, 92), (8, 46, 132)]
[(7, 28, 144), (8, 24, 147)]
[(7, 29, 81), (9, 21, 87)]
[(7, 32, 108), (8, 27, 112)]
[(7, 35, 135), (15, 15, 147)]
[(7, 36, 48), (8, 27, 56)]
[(7, 39, 133), (13, 19, 147)]
[(7, 42, 132), (12, 22, 147)]
[(7, 45, 90), (10, 27, 105)]
[(7, 49, 135), (9, 35, 147)]
[(7, 51, 99), (11, 27, 119)]
[(7, 52, 126), (12, 26, 147)]
[(7, 54, 58), (14, 18, 87)]
[(7, 57, 119), (17, 19, 147)]
[(7, 63, 115), (15, 23, 147)]
[(7, 63, 129), (9, 43, 147)]
[(7, 69, 126), (9, 46, 147)]
[(7, 72, 72), (12, 27, 112)]
[(7, 72, 112), (12, 32, 147)]
[(7, 74, 108), (14, 27, 148)]
[(7, 75, 105), (15, 25, 147)]
[(7, 77, 102), (17, 22, 147)]
[(7, 77, 111), (11, 37, 147)]
[(7, 81, 94), (14, 27, 141)]
[(7, 81, 98), (18, 21, 147)]
[(7, 84, 96), (16, 24, 147)]
[(7, 84, 110), (10, 44, 147)]
[(7, 84, 128), (8, 64, 147)]
[(7, 88, 126), (8, 66, 147)]
[(7, 90, 105), (10, 45, 147)]
[(7, 91, 93), (13, 31, 147)]
[(7, 91, 99), (11, 39, 147)]
[(7, 108, 112), (8, 72, 147)]
[(8, 32, 36), (12, 16, 48)]
[(8, 33, 78), (13, 18, 88)]
[(8, 34, 56), (14, 16, 68)]
[(8, 34, 77), (14, 17, 88)]
[(8, 36, 49), (9, 28, 56)]
[(8, 36, 96), (16, 16, 108)]
[(8, 37, 136), (16, 17, 148)]
[(8, 44, 51), (11, 24, 68)]
[(8, 44, 72), (12, 24, 88)]
[(8, 44, 91), (11, 28, 104)]
[(8, 48, 112), (12, 28, 128)]
[(8, 52, 66), (12, 26, 88)]
[(8, 52, 84), (12, 28, 104)]
[(8, 54, 84), (14, 24, 108)]
[(8, 55, 70), (10, 35, 88)]
[(8, 56, 72), (12, 28, 96)]
[(8, 56, 81), (16, 21, 108)]
[(8, 64, 96), (16, 24, 128)]
[(8, 64, 110), (10, 44, 128)]
[(8, 66, 69), (9, 46, 88)]
[(8, 69, 72), (9, 48, 92)]
[(8, 72, 72), (12, 32, 108)]
[(8, 72, 96), (12, 36, 128)]
[(8, 72, 110), (10, 48, 132)]
[(8, 74, 112), (14, 32, 148)]
[(8, 84, 96), (16, 28, 144)]
[(8, 88, 111), (11, 48, 148)]
[(9, 35, 35), (15, 15, 49)]
[(9, 43, 115), (15, 23, 129)]
[(9, 46, 52), (12, 26, 69)]
[(9, 52, 58), (12, 29, 78)]
[(9, 58, 115), (15, 29, 138)]
[(9, 64, 116), (16, 29, 144)]
[(9, 70, 70), (10, 49, 90)]
[(9, 77, 91), (11, 49, 117)]
[(9, 78, 86), (18, 26, 129)]
[(9, 84, 112), (12, 49, 144)]
[(9, 86, 92), (12, 46, 129)]
[(9, 86, 110), (10, 66, 129)]
[(9, 87, 98), (18, 29, 147)]
[(9, 90, 115), (10, 69, 135)]
[(9, 92, 98), (12, 49, 138)]
[(9, 92, 110), (10, 69, 132)]
[(10, 33, 104), (13, 24, 110)]
[(10, 35, 81), (15, 21, 90)]
[(10, 38, 99), (18, 19, 110)]
[(10, 42, 55), (15, 22, 70)]
[(10, 44, 96), (16, 24, 110)]
[(10, 45, 52), (12, 30, 65)]
[(10, 45, 75), (15, 25, 90)]
[(10, 50, 135), (15, 30, 150)]
[(10, 52, 99), (12, 39, 110)]
[(10, 54, 70), (14, 30, 90)]
[(10, 54, 95), (15, 30, 114)]
[(10, 55, 90), (15, 30, 110)]
[(10, 56, 88), (16, 28, 110)]
[(10, 66, 78), (18, 26, 110)]
[(10, 66, 92), (12, 46, 110)]
[(10, 68, 77), (17, 28, 110)]
[(10, 72, 88), (12, 48, 110)]
[(10, 74, 77), (14, 37, 110)]
[(10, 75, 92), (12, 50, 115)]
[(10, 75, 132), (12, 55, 150)]
[(10, 78, 90), (18, 30, 130)]
[(10, 78, 95), (15, 38, 130)]
[(10, 91, 110), (11, 70, 130)]
[(11, 34, 42), (14, 22, 51)]
[(11, 37, 102), (17, 22, 111)]
[(11, 39, 93), (13, 31, 99)]
[(11, 42, 78), (18, 22, 91)]
[(11, 52, 84), (12, 44, 91)]
[(11, 68, 72), (12, 51, 88)]
[(11, 74, 84), (14, 44, 111)]
[(12, 33, 130), (13, 30, 132)]
[(12, 36, 64), (16, 24, 72)]
[(12, 38, 39), (18, 19, 52)]
[(12, 42, 121), (21, 22, 132)]
[(12, 46, 78), (18, 26, 92)]
[(12, 48, 56), (16, 28, 72)]
[(12, 48, 96), (16, 32, 108)]
[(12, 48, 98), (18, 28, 112)]
[(12, 54, 56), (14, 36, 72)]
[(12, 56, 64), (16, 32, 84)]
[(12, 56, 96), (16, 36, 112)]
[(12, 58, 69), (18, 29, 92)]
[(12, 58, 96), (18, 32, 116)]
[(12, 64, 78), (18, 32, 104)]
[(12, 64, 84), (24, 24, 112)]
[(12, 66, 104), (24, 26, 132)]
[(12, 66, 115), (15, 46, 132)]
[(12, 74, 91), (14, 52, 111)]
[(12, 75, 110), (15, 50, 132)]
[(12, 75, 130), (15, 52, 150)]
[(12, 76, 99), (19, 36, 132)]
[(12, 77, 102), (17, 42, 132)]
[(12, 77, 114), (14, 57, 132)]
[(12, 78, 99), (18, 39, 132)]
[(12, 78, 115), (15, 52, 138)]
[(12, 84, 88), (24, 28, 132)]
[(12, 88, 96), (16, 48, 132)]
[(12, 93, 104), (13, 72, 124)]
[(12, 96, 104), (16, 52, 144)]
[(13, 38, 126), (18, 26, 133)]
[(13, 44, 96), (16, 33, 104)]
[(13, 45, 55), (15, 33, 65)]
[(13, 51, 77), (17, 33, 91)]
[(13, 57, 99), (19, 33, 117)]
[(13, 57, 119), (17, 39, 133)]
[(13, 62, 66), (22, 26, 93)]
[(13, 63, 121), (21, 33, 143)]
[(13, 76, 112), (16, 52, 133)]
[(13, 77, 81), (21, 33, 117)]
[(13, 95, 105), (15, 65, 133)]
[(13, 98, 114), (14, 78, 133)]
[(14, 36, 48), (16, 28, 54)]
[(14, 37, 68), (17, 28, 74)]
[(14, 38, 108), (18, 28, 114)]
[(14, 47, 81), (21, 27, 94)]
[(14, 51, 78), (18, 34, 91)]
[(14, 57, 102), (17, 42, 114)]
[(14, 61, 102), (21, 34, 122)]
[(14, 66, 102), (22, 34, 126)]
[(14, 67, 108), (27, 28, 134)]
[(14, 68, 81), (21, 34, 108)]
[(14, 72, 96), (16, 54, 112)]
[(14, 76, 81), (21, 36, 114)]
[(14, 76, 96), (16, 56, 114)]
[(14, 90, 95), (15, 70, 114)]
[(15, 38, 90), (18, 30, 95)]
[(15, 45, 98), (18, 35, 105)]
[(15, 45, 125), (25, 25, 135)]
[(15, 46, 104), (24, 26, 115)]
[(15, 57, 85), (17, 45, 95)]
[(15, 63, 115), (23, 35, 135)]
[(15, 64, 92), (24, 32, 115)]
[(15, 69, 87), (27, 29, 115)]
[(15, 69, 98), (18, 49, 115)]
[(15, 70, 104), (24, 35, 130)]
[(15, 70, 108), (28, 30, 135)]
[(15, 70, 125), (25, 35, 150)]
[(15, 75, 105), (25, 35, 135)]
[(15, 77, 85), (17, 55, 105)]
[(15, 78, 92), (18, 52, 115)]
[(15, 78, 110), (18, 55, 130)]
[(15, 81, 105), (21, 45, 135)]
[(15, 85, 117), (17, 65, 135)]
[(15, 87, 105), (27, 35, 145)]
[(15, 90, 90), (30, 30, 135)]
[(15, 92, 96), (16, 72, 115)]
[(15, 95, 99), (19, 55, 135)]
[(16, 38, 72), (18, 32, 76)]
[(16, 42, 44), (22, 24, 56)]
[(16, 42, 88), (22, 28, 96)]
[(16, 48, 84), (24, 28, 96)]
[(16, 51, 124), (24, 31, 136)]
[(16, 56, 81), (21, 36, 96)]
[(16, 57, 68), (17, 48, 76)]
[(16, 58, 108), (18, 48, 116)]
[(16, 63, 92), (23, 36, 112)]
[(16, 64, 72), (24, 32, 96)]
[(16, 64, 108), (24, 36, 128)]
[(16, 68, 77), (17, 56, 88)]
[(16, 68, 112), (28, 32, 136)]
[(16, 72, 78), (18, 52, 96)]
[(16, 72, 84), (24, 36, 112)]
[(16, 72, 87), (27, 32, 116)]
[(16, 72, 98), (18, 56, 112)]
[(16, 76, 119), (19, 56, 136)]
[(16, 78, 84), (18, 56, 104)]
[(16, 84, 102), (24, 42, 136)]
[(16, 84, 108), (28, 36, 144)]
[(16, 88, 102), (22, 48, 136)]
[(17, 38, 54), (18, 34, 57)]
[(17, 39, 114), (19, 34, 117)]
[(17, 54, 104), (24, 34, 117)]
[(17, 78, 108), (18, 68, 117)]
[(17, 81, 91), (21, 51, 117)]
[(17, 98, 99), (18, 77, 119)]
[(18, 39, 76), (19, 36, 78)]
[(18, 46, 130), (26, 30, 138)]
[(18, 49, 87), (27, 29, 98)]
[(18, 50, 65), (25, 30, 78)]
[(18, 52, 64), (24, 32, 78)]
[(18, 56, 84), (24, 36, 98)]
[(18, 57, 104), (24, 38, 117)]
[(18, 59, 104), (24, 39, 118)]
[(18, 59, 114), (19, 54, 118)]
[(18, 64, 76), (24, 38, 96)]
[(18, 67, 114), (27, 38, 134)]
[(18, 69, 116), (29, 36, 138)]
[(18, 70, 70), (30, 30, 98)]
[(18, 70, 115), (30, 35, 138)]
[(18, 76, 87), (27, 38, 116)]
[(18, 90, 95), (30, 38, 135)]
[(18, 92, 96), (32, 36, 138)]
[(18, 92, 104), (24, 52, 138)]
[(19, 54, 104), (24, 39, 114)]
[(19, 65, 75), (25, 39, 95)]
[(19, 66, 78), (26, 38, 99)]
[(19, 68, 98), (28, 38, 119)]
[(19, 77, 81), (21, 57, 99)]
[(19, 77, 102), (22, 57, 119)]
[(19, 91, 93), (31, 39, 133)]
[(21, 44, 82), (22, 41, 84)]
[(21, 45, 75), (25, 35, 81)]
[(21, 46, 123), (23, 41, 126)]
[(21, 47, 135), (27, 35, 141)]
[(21, 48, 72), (28, 32, 81)]
[(21, 54, 68), (28, 34, 81)]
[(21, 55, 110), (30, 35, 121)]
[(21, 63, 69), (23, 49, 81)]
[(21, 66, 122), (22, 61, 126)]
[(21, 68, 82), (28, 41, 102)]
[(21, 88, 88), (28, 48, 121)]
[(21, 94, 102), (34, 42, 141)]
[(21, 94, 108), (28, 54, 141)]
[(21, 99, 102), (22, 81, 119)]
[(22, 46, 63), (23, 42, 66)]
[(22, 48, 84), (24, 42, 88)]
[(22, 50, 105), (25, 42, 110)]
[(22, 51, 93), (31, 33, 102)]
[(22, 52, 126), (26, 42, 132)]
[(22, 63, 130), (30, 42, 143)]
[(22, 68, 84), (28, 44, 102)]
[(22, 70, 90), (30, 42, 110)]
[(22, 71, 124), (31, 44, 142)]
[(22, 72, 112), (32, 42, 132)]
[(22, 72, 124), (24, 62, 132)]
[(22, 73, 126), (33, 42, 146)]
[(22, 75, 85), (25, 55, 102)]
[(22, 84, 93), (33, 42, 124)]
[(22, 92, 123), (23, 82, 132)]
[(22, 104, 123), (24, 82, 143)]
[(23, 52, 86), (26, 43, 92)]
[(23, 58, 129), (29, 43, 138)]
[(23, 66, 130), (30, 46, 143)]
[(23, 72, 84), (24, 63, 92)]
[(23, 75, 105), (25, 63, 115)]
[(23, 78, 126), (26, 63, 138)]
[(23, 98, 108), (28, 63, 138)]
[(23, 104, 132), (24, 92, 143)]
[(24, 48, 56), (28, 36, 64)]
[(24, 52, 66), (26, 44, 72)]
[(24, 52, 96), (32, 36, 104)]
[(24, 54, 136), (34, 36, 144)]
[(24, 56, 72), (32, 36, 84)]
[(24, 56, 88), (28, 44, 96)]
[(24, 56, 135), (35, 36, 144)]
[(24, 62, 91), (31, 42, 104)]
[(24, 62, 112), (32, 42, 124)]
[(24, 64, 132), (32, 44, 144)]
[(24, 65, 90), (30, 45, 104)]
[(24, 66, 112), (32, 44, 126)]
[(24, 68, 91), (28, 51, 104)]
[(24, 72, 88), (32, 44, 108)]
[(24, 72, 128), (32, 48, 144)]
[(24, 72, 130), (30, 52, 144)]
[(24, 76, 78), (36, 38, 104)]
[(24, 78, 87), (27, 58, 104)]
[(24, 84, 128), (28, 64, 144)]
[(24, 87, 96), (27, 64, 116)]
[(24, 88, 93), (33, 48, 124)]
[(24, 88, 96), (36, 44, 128)]
[(24, 88, 112), (28, 64, 132)]
[(24, 88, 126), (28, 66, 144)]
[(24, 96, 108), (36, 48, 144)]
[(24, 96, 112), (32, 56, 144)]
[(24, 99, 104), (39, 44, 144)]
[(24, 104, 126), (26, 84, 144)]
[(24, 108, 112), (28, 72, 144)]
[(24, 125, 130), (25, 104, 150)]
[(25, 68, 70), (28, 50, 85)]
[(25, 70, 90), (30, 50, 105)]
[(25, 70, 135), (35, 45, 150)]
[(25, 75, 105), (35, 45, 125)]
[(25, 75, 110), (30, 55, 125)]
[(25, 87, 135), (27, 75, 145)]
[(25, 90, 116), (36, 50, 145)]
[(25, 90, 130), (30, 65, 150)]
[(25, 126, 130), (26, 105, 150)]
[(26, 53, 99), (33, 39, 106)]
[(26, 54, 119), (34, 39, 126)]
[(26, 58, 69), (29, 46, 78)]
[(26, 64, 92), (32, 46, 104)]
[(26, 70, 115), (35, 46, 130)]
[(26, 72, 112), (32, 52, 126)]
[(26, 73, 132), (33, 52, 146)]
[(26, 77, 108), (28, 66, 117)]
[(26, 84, 88), (28, 66, 104)]
[(26, 84, 99), (39, 44, 126)]
[(26, 90, 105), (30, 65, 126)]
[(26, 90, 110), (30, 66, 130)]
[(26, 92, 99), (39, 46, 132)]
[(26, 98, 108), (28, 78, 126)]
[(27, 49, 145), (29, 45, 147)]
[(27, 58, 76), (36, 38, 87)]
[(27, 68, 94), (34, 47, 108)]
[(27, 76, 94), (36, 47, 114)]
[(27, 77, 133), (33, 57, 147)]
[(27, 91, 119), (39, 51, 147)]
[(27, 98, 114), (38, 54, 147)]
[(27, 98, 116), (36, 58, 147)]
[(27, 98, 130), (30, 78, 147)]
[(27, 105, 105), (45, 45, 147)]
[(27, 112, 112), (32, 72, 147)]
[(28, 51, 62), (31, 42, 68)]
[(28, 54, 102), (34, 42, 108)]
[(28, 64, 72), (32, 48, 84)]
[(28, 64, 135), (35, 48, 144)]
[(28, 72, 96), (32, 56, 108), (36, 48, 112)]
[(28, 74, 135), (35, 54, 148)]
[(28, 74, 136), (34, 56, 148)]
[(28, 75, 90), (35, 50, 108)]
[(28, 81, 82), (41, 42, 108)]
[(28, 85, 90), (30, 68, 105)]
[(28, 90, 90), (30, 70, 108)]
[(28, 96, 96), (36, 56, 128)]
[(28, 96, 102), (42, 48, 136)]
[(28, 102, 111), (42, 51, 148)]
[(28, 111, 124), (31, 84, 148)]
[(28, 111, 130), (30, 91, 148)]
[(29, 56, 112), (32, 49, 116)]
[(29, 76, 98), (38, 49, 116)]
[(29, 92, 96), (32, 69, 116)]
[(29, 105, 105), (45, 49, 145)]
[(29, 105, 115), (35, 69, 145)]
[(30, 52, 128), (32, 48, 130)]
[(30, 54, 85), (34, 45, 90)]
[(30, 55, 84), (35, 44, 90)]
[(30, 55, 105), (35, 45, 110)]
[(30, 65, 99), (39, 45, 110)]
[(30, 70, 75), (35, 50, 90)]
[(30, 74, 117), (37, 54, 130)]
[(30, 75, 76), (36, 50, 95)]
[(30, 76, 117), (36, 57, 130)]
[(30, 77, 95), (35, 57, 110)]
[(30, 78, 114), (38, 54, 130)]
[(30, 78, 116), (36, 58, 130)]
[(30, 88, 104), (44, 48, 130)]
[(30, 90, 125), (45, 50, 150)]
[(30, 91, 102), (42, 51, 130)]
[(30, 91, 124), (31, 84, 130)]
[(30, 96, 104), (36, 64, 130)]
[(30, 98, 115), (35, 70, 138)]
[(30, 104, 112), (32, 84, 130)]
[(30, 105, 116), (36, 70, 145)]
[(31, 74, 102), (34, 62, 111)]
[(31, 84, 102), (42, 51, 124)]
[(31, 104, 112), (32, 91, 124)]
[(32, 54, 68), (34, 48, 72)]
[(32, 76, 78), (38, 52, 96)]
[(32, 76, 98), (38, 56, 112)]
[(32, 84, 88), (44, 48, 112)]
[(32, 84, 96), (36, 64, 112)]
[(32, 84, 135), (35, 72, 144)]
[(32, 88, 104), (44, 52, 128)]
[(32, 88, 108), (48, 48, 132)]
[(32, 96, 108), (36, 72, 128)]
[(32, 99, 104), (39, 64, 132)]
[(32, 104, 108), (48, 52, 144)]
[(33, 62, 84), (42, 44, 93)]
[(33, 76, 126), (36, 66, 133)]
[(33, 84, 106), (44, 53, 126)]
[(33, 84, 114), (44, 54, 133)]
[(33, 92, 106), (46, 53, 132)]
[(33, 95, 105), (45, 55, 133)]
[(33, 114, 119), (34, 99, 133)]
[(34, 56, 135), (35, 54, 136)]
[(34, 57, 111), (37, 51, 114)]
[(34, 76, 108), (36, 68, 114)]
[(34, 81, 82), (41, 54, 102)]
[(34, 84, 99), (44, 54, 119)]
[(34, 95, 105), (35, 85, 114)]
[(34, 96, 108), (48, 54, 136)]
[(34, 108, 111), (51, 54, 148)]
[(35, 63, 129), (43, 49, 135)]
[(35, 65, 99), (39, 55, 105)]
[(35, 69, 105), (45, 49, 115)]
[(35, 69, 126), (46, 49, 135)]
[(35, 76, 90), (36, 70, 95)]
[(35, 81, 122), (42, 61, 135)]
[(35, 81, 123), (41, 63, 135)]
[(35, 85, 99), (45, 55, 119)]
[(35, 96, 108), (48, 56, 135)]
[(35, 99, 117), (39, 77, 135)]
[(35, 102, 108), (42, 68, 135)]
[(35, 111, 117), (37, 91, 135)]
[(36, 57, 74), (37, 54, 76)]
[(36, 58, 114), (38, 54, 116)]
[(36, 64, 88), (44, 48, 96)]
[(36, 68, 128), (48, 48, 136)]
[(36, 77, 104), (44, 56, 117)]
[(36, 84, 88), (44, 56, 108)]
[(36, 84, 128), (48, 56, 144)]
[(36, 87, 94), (47, 54, 116)]
[(36, 88, 112), (48, 56, 132)]
[(36, 102, 112), (42, 72, 136)]
[(36, 104, 112), (52, 56, 144)]
[(36, 104, 119), (39, 84, 136)]
[(37, 78, 114), (38, 74, 117)]
[(37, 91, 99), (39, 77, 111)]
[(37, 108, 114), (54, 57, 148)]
[(38, 59, 117), (39, 57, 118)]
[(38, 77, 84), (44, 57, 98)]
[(38, 87, 94), (47, 58, 114)]
[(38, 92, 117), (52, 57, 138)]
[(39, 66, 92), (46, 52, 99)]
[(39, 68, 112), (48, 52, 119)]
[(39, 72, 88), (48, 52, 99)]
[(39, 85, 105), (45, 65, 119)]
[(39, 92, 118), (52, 59, 138)]
[(39, 98, 102), (42, 78, 119)]
[(39, 121, 123), (41, 99, 143)]
[(41, 63, 122), (42, 61, 123)]
[(42, 66, 124), (44, 62, 126)]
[(42, 68, 96), (48, 56, 102)]
[(42, 71, 136), (51, 56, 142)]
[(42, 85, 90), (45, 70, 102)]
[(42, 86, 123), (43, 82, 126)]
[(42, 93, 106), (53, 62, 126)]
[(42, 93, 114), (54, 62, 133)]
[(42, 96, 124), (56, 62, 144)]
[(43, 66, 84), (44, 63, 86)]
[(43, 69, 126), (46, 63, 129)]
[(44, 70, 75), (50, 55, 84)]
[(44, 72, 128), (48, 64, 132)]
[(44, 90, 105), (45, 84, 110)]
[(44, 92, 126), (46, 84, 132)]
[(44, 93, 106), (53, 66, 124)]
[(44, 96, 112), (56, 64, 132)]
[(44, 96, 126), (56, 66, 144)]
[(44, 108, 112), (48, 84, 132)]
[(44, 108, 128), (48, 88, 144)]
[(44, 112, 117), (52, 77, 144)]
[(45, 75, 130), (50, 65, 135)]
[(45, 77, 95), (55, 57, 105)]
[(45, 85, 91), (51, 65, 105)]
[(45, 87, 134), (54, 67, 145)]
[(45, 87, 141), (47, 81, 145)]
[(45, 95, 117), (57, 65, 135)]
[(45, 112, 116), (56, 72, 145)]
[(45, 114, 116), (54, 76, 145)]
[(45, 115, 126), (46, 105, 135)]
[(45, 116, 128), (48, 96, 145)]
[(46, 72, 88), (48, 66, 92)]
[(46, 75, 110), (50, 66, 115)]
[(46, 78, 132), (52, 66, 138)]
[(46, 98, 129), (49, 86, 138)]
[(46, 99, 118), (59, 66, 138)]
[(46, 108, 112), (48, 92, 126)]
[(47, 81, 134), (54, 67, 141)]
[(48, 72, 104), (52, 64, 108)]
[(48, 74, 144), (54, 64, 148)]
[(48, 76, 77), (56, 57, 88)]
[(48, 84, 96), (56, 64, 108)]
[(48, 84, 136), (56, 68, 144)]
[(48, 96, 112), (56, 72, 128)]
[(48, 96, 114), (54, 76, 128)]
[(48, 102, 124), (62, 68, 144)]
[(48, 104, 112), (52, 84, 128)]
[(48, 104, 132), (52, 88, 144)]
[(48, 111, 136), (51, 96, 148)]
[(49, 78, 92), (52, 69, 98)]
[(49, 87, 138), (58, 69, 147)]
[(49, 92, 96), (56, 69, 112)]
[(50, 78, 145), (58, 65, 150)]
[(50, 95, 117), (57, 75, 130)]
[(50, 105, 130), (65, 70, 150)]
[(50, 105, 136), (56, 85, 150)]
[(50, 110, 126), (66, 70, 150)]
[(50, 110, 135), (55, 90, 150)]
[(50, 114, 135), (54, 95, 150)]
[(50, 115, 132), (55, 92, 150)]
[(50, 130, 132), (52, 110, 150)]
[(51, 74, 108), (54, 68, 111)]
[(52, 84, 96), (56, 72, 104)]
[(52, 96, 98), (56, 78, 112)]
[(52, 99, 118), (59, 78, 132)]
[(52, 105, 110), (65, 70, 132)]
[(52, 110, 115), (55, 92, 130)]
[(53, 114, 126), (54, 106, 133)]
[(54, 76, 112), (56, 72, 114)]
[(54, 95, 110), (55, 90, 114)]
[(55, 90, 126), (66, 70, 135)]
[(55, 105, 117), (65, 77, 135)]
[(56, 85, 130), (65, 70, 136)]
[(56, 102, 123), (63, 82, 136)]
[(56, 102, 124), (62, 84, 136)]
[(56, 118, 119), (59, 98, 136)]
[(57, 78, 116), (58, 76, 117)]
[(57, 96, 104), (64, 76, 117)]
[(58, 96, 104), (64, 78, 116)]
[(58, 105, 130), (70, 78, 145)]
[(61, 102, 108), (68, 81, 122)]
[(62, 84, 123), (63, 82, 124)]
[(63, 104, 132), (72, 84, 143)]
[(63, 110, 130), (70, 90, 143)]
[(63, 117, 121), (77, 81, 143)]
[(64, 88, 126), (66, 84, 128)]
[(64, 108, 112), (72, 84, 128)]
[(64, 108, 132), (72, 88, 144)]
[(64, 108, 136), (68, 96, 144)]
[(64, 126, 132), (66, 112, 144)]
[(65, 90, 98), (70, 78, 105)]
[(65, 110, 126), (66, 105, 130)]
[(66, 92, 129), (69, 86, 132)]
[(66, 98, 117), (77, 78, 126)]
[(66, 108, 112), (72, 88, 126)]
[(66, 108, 119), (68, 99, 126)]
[(67, 114, 116), (76, 87, 134)]
[(68, 90, 105), (70, 85, 108)]
[(68, 96, 132), (72, 88, 136)]
[(68, 99, 112), (72, 88, 119)]
[(68, 111, 142), (71, 102, 148)]
[(70, 110, 117), (77, 90, 130)]
[(70, 125, 135), (75, 105, 150)]
[(72, 98, 104), (78, 84, 112)]
[(72, 104, 138), (78, 92, 144)]
[(72, 108, 121), (81, 88, 132)]
[(73, 124, 126), (84, 93, 146)]
[(74, 108, 141), (81, 94, 148)]
[(75, 130, 138), (78, 115, 150)]
[(77, 104, 108), (84, 88, 117)]
[(81, 110, 110), (90, 90, 121)]
[(84, 112, 138), (92, 98, 144)]
[(84, 128, 132), (88, 112, 144)]
[(90, 115, 132), (92, 110, 135)]
[(96, 119, 132), (99, 112, 136)]
