3 1 0 1 A 1 0 1.2365 0.2268 B 1 0 1.0931 0.0931 0.3s
6 1 0 1 A 1 0 2.2224 1.2128 B 1 0 2.161 1.149 0.3s
9 3 2 3 A 3 2 3.2129 2.2032 B 3 2 3.1796 2.1648 0.4s
12 3 2 3 A 3 2 4.2052 3.1955 B 3 2 4.1834 3.1689 0.4s
15 5 4 5 A 5 4 5.1985 4.1888 B 5 4 5.1828 4.1689 0.4s
18 5 4 5 A 5 4 6.1925 5.1828 B 5 4 6.1804 5.167 0.6s
21 7 6 7 A 7 6 7.1869 6.1772 B 7 6 7.1772 6.1643 0.5s
24 7 6 7 A 7 6 8.1816 7.172 B 7 6 8.1736 7.1611 0.5s
27 9 8 9 A 9 8 9.1766 8.1669 B 9 8 9.1698 8.1576 0.4s
30 9 8 9 A 9 8 10.1718 9.1621 B 9 8 10.1659 9.154 0.4s
33 11 10 11 A 11 10 11.1671 10.1574 B 11 10 11.162 10.1502 0.5s
36 11 10 13 A 11 10 12.1626 11.1529 B 11 10 12.158 11.1465 0.5s
39 13 12 13 A 13 12 13.1581 12.1485 B 13 12 13.1541 12.1427 0.4s
42 13 12 15 A 13 12 14.1538 13.1441 B 13 12 14.1502 13.1389 0.4s
45 15 14 15 A 15 14 15.1496 14.1399 B 15 14 15.1463 14.1351 0.5s
48 15 14 17 A 15 14 16.1454 15.1357 B 15 14 16.1424 15.1313 0.6s
51 17 16 17 A 17 16 17.1413 16.1316 B 17 16 17.1385 16.1275 0.5s
54 17 16 19 A 17 16 18.1372 17.1275 B 17 16 18.1346 17.1237 0.7s
57 19 18 19 A 19 18 19.1332 18.1235 B 19 18 19.1308 18.12 0.6s
60 19 18 21 A 19 18 20.1292 19.1195 B 19 18 20.127 19.1162 0.5s
63 21 20 21 A 21 20 21.1253 20.1156 B 21 20 21.1232 20.1125 0.6s
66 21 20 23 A 21 20 22.1214 21.1117 B 21 20 22.1194 21.1088 0.5s
69 23 22 25 A 23 22 23.1175 22.1078 B 23 22 23.1157 22.1051 0.5s
72 23 22 25 A 23 22 24.1136 23.104 B 23 22 24.112 23.1014 0.5s
75 25 24 27 A 25 24 25.1098 24.1002 B 25 24 25.1082 24.0977 0.6s
78 25 24 27 A 25 24 26.106 25.0964 B 25 24 26.1046 25.0941 0.5s
81 27 26 29 A 27 26 27.1023 26.0926 B 27 26 27.1009 26.0904 0.5s
84 27 26 29 A 27 26 28.0985 27.0889 B 27 26 28.0972 27.0868 0.6s
87 29 28 31 A 29 28 29.0948 28.0851 B 29 28 29.0935 28.0831 0.6s
90 29 28 31 A 29 28 30.0911 29.0814 B 29 28 30.0899 29.0795 0.6s
93 31 30 33 A 31 30 31.0874 30.0778 B 31 30 31.0863 30.0759 0.6s
96 31 30 33 A 31 30 32.0838 31.0741 B 31 30 32.0827 31.0723 0.7s
99 33 32 35 A 33 32 33.0801 32.0704 B 33 32 33.0791 32.0688 0.7s
102 33 32 37 A 33 32 34.0765 33.0668 B 33 32 34.0755 33.0652 0.6s
105 35 34 37 A 35 34 35.0729 34.0632 B 35 34 35.0719 34.0616 0.6s
108 35 34 39 A 35 34 36.0692 35.0596 B 35 34 36.0683 35.0581 0.6s
111 37 36 39 A 37 36 37.0656 36.056 B 37 36 37.0648 36.0545 0.6s
114 37 36 41 A 37 36 38.062 37.0524 B 37 36 38.0612 37.051 0.5s
117 39 38 41 A 39 38 39.0585 38.0488 B 39 38 39.0577 38.0474 0.8s
120 39 38 43 A 39 38 40.0549 39.0452 B 39 38 40.0541 39.0439 0.6s
123 41 40 43 A 41 40 41.0513 40.0417 B 41 40 41.0506 40.0404 0.8s
126 41 40 45 A 41 40 42.0478 41.0381 B 41 40 42.0471 41.0369 0.8s
129 43 42 45 A 43 42 43.0443 42.0346 B 43 42 43.0436 42.0334 0.8s
132 43 42 47 A 43 42 44.0407 43.031 B 43 42 44.0401 43.0299 0.8s
135 45 44 47 A 45 44 45.0372 44.0275 B 45 44 45.0366 44.0264 0.7s
138 45 44 49 A 45 44 46.0337 45.024 B 45 44 46.0331 45.0229 0.7s
141 47 46 51 A 47 46 47.0302 46.0205 B 47 46 47.0296 46.0195 0.8s
144 47 46 51 A 47 46 48.0267 47.017 B 47 46 48.0261 47.016 0.7s
147 49 48 53 A 49 48 49.0232 48.0135 B 49 48 49.0226 48.0125 0.8s
150 49 48 53 A 49 48 50.0197 49.01 B 49 48 50.0191 49.0091 0.8s
153 51 50 55 A 51 50 51.0162 50.0065 B 51 50 51.0157 50.0056 0.9s
156 51 50 55 A 51 50 52.0127 51.0031 B 51 50 52.0122 51.0022 0.9s
159 53 50 57 A 53 50 53.0093 51.9996 B 53 50 53.0088 51.9987 0.9s
162 53 52 57 A 53 52 54.0058 52.9961 B 53 52 54.0053 52.9953 0.8s
165 55 52 59 A 55 52 55.0024 53.9927 B 55 52 55.0019 53.9918 1.1s
168 55 54 59 A 55 54 55.9989 54.9892 B 55 54 55.9984 54.9884 1.0s
171 55 54 61 A 55 54 56.9955 55.9858 B 55 54 56.995 55.985 0.9s
174 57 56 63 A 57 56 57.992 56.9823 B 57 56 57.9916 56.9816 0.9s
177 57 56 63 A 57 56 58.9886 57.9789 B 57 56 58.9881 57.9781 1.0s
180 59 58 65 A 59 58 59.9851 58.9755 B 59 58 59.9847 58.9747 1.0s
183 59 58 65 A 59 58 60.9817 59.972 B 59 58 60.9813 59.9713 1.0s
186 61 60 67 A 61 60 61.9783 60.9686 B 61 60 61.9779 60.9679 1.0s
189 61 60 67 A 61 60 62.9749 61.9652 B 61 60 62.9745 61.9645 0.9s
192 63 62 69 A 63 62 63.9714 62.9618 B 63 62 63.9711 62.9611 0.9s
195 63 62 69 A 63 62 64.968 63.9584 B 63 62 64.9677 63.9577 1.0s
198 65 64 71 A 65 64 65.9646 64.9549 B 65 64 65.9643 64.9543 1.2s
201 65 64 71 A 65 64 66.9612 65.9515 B 65 64 66.9609 65.9509 1.0s
204 67 66 73 A 67 66 67.9578 66.9481 B 67 66 67.9575 66.9475 1.4s
207 67 66 75 A 67 66 68.9544 67.9447 B 67 66 68.9541 67.9441 1.1s
210 69 68 75 A 69 68 69.951 68.9413 B 69 68 69.9507 68.9407 1.1s
213 69 68 77 A 69 68 70.9476 69.9379 B 69 68 70.9473 69.9374 1.3s
216 71 70 77 A 71 70 71.9442 70.9346 B 71 70 71.9439 70.934 1.4s
219 71 70 79 A 71 70 72.9409 71.9312 B 71 70 72.9405 71.9306 1.4s
222 73 72 79 A 73 72 73.9375 72.9278 B 73 72 73.9372 72.9272 1.5s
225 73 72 81 A 73 72 74.9341 73.9244 B 73 72 74.9338 73.9239 1.5s
228 75 74 81 A 75 74 75.9307 74.921 B 75 74 75.9304 74.9205 1.3s
231 75 74 83 A 75 74 76.9273 75.9177 B 75 74 76.927 75.9171 1.9s
234 77 76 83 A 77 76 77.924 76.9143 B 77 76 77.9237 76.9138 1.5s
237 77 76 85 A 77 76 78.9206 77.9109 B 77 76 78.9203 77.9104 1.5s
240 79 78 87 A 79 78 79.9172 78.9075 B 79 78 79.917 78.907 1.5s
243 79 78 87 A 79 78 80.9139 79.9042 B 79 78 80.9136 79.9037 1.5s
246 81 80 89 A 81 80 81.9105 80.9008 B 81 80 81.9102 80.9003 1.4s
249 81 80 89 A 81 80 82.9071 81.8975 B 81 80 82.9069 81.897 1.5s
252 83 82 91 A 83 82 83.9038 82.8941 B 83 82 83.9035 82.8936 1.5s
255 83 82 91 A 83 82 84.9004 83.8907 B 83 82 84.9002 83.8903 1.6s
258 85 84 93 A 85 84 85.8971 84.8874 B 85 84 85.8968 84.8869 1.5s
261 85 84 93 A 85 84 86.8937 85.884 B 85 84 86.8935 85.8836 1.7s
264 87 86 95 A 87 86 87.8904 86.8807 B 87 86 87.8901 86.8803 1.6s
267 87 86 95 A 87 86 88.887 87.8773 B 87 86 88.8868 87.8769 1.3s
270 89 88 97 A 89 88 89.8837 88.874 B 89 88 89.8835 88.8736 1.2s
273 89 88 99 A 89 88 90.8803 89.8707 B 89 88 90.8801 89.8702 1.4s
276 91 90 99 A 91 90 91.877 90.8673 B 91 90 91.8768 90.8669 0.9s
279 91 90 101 A 91 90 92.8737 91.864 B 91 90 92.8734 91.8636 1.1s
282 93 92 101 A 93 92 93.8703 92.8606 B 93 92 93.8701 92.8602 1.1s
285 93 92 103 A 93 92 94.867 93.8573 B 93 92 94.8668 93.8569 1.1s
288 95 94 103 A 95 94 95.8636 94.854 B 95 94 95.8634 94.8536 0.9s
291 95 94 105 A 95 94 96.8603 95.8506 B 95 94 96.8601 95.8503 1.3s
294 97 96 105 A 97 96 97.857 96.8473 B 97 96 97.8568 96.8469 1.3s
297 97 96 107 A 97 96 98.8537 97.844 B 97 96 98.8535 97.8436 1.3s
300 99 98 107 A 99 98 99.8503 98.8406 B 99 98 99.8501 98.8403 1.4s
303 99 98 109 A 99 98 100.847 99.8373 B 99 98 100.8468 99.837 1.3s
306 101 100 111 A 101 100 101.8437 100.834 B 101 100 101.8435 100.8336 1.4s
309 101 100 111 A 101 100 102.8404 101.8307 B 101 100 102.8402 101.8303 1.4s
312 103 102 113 A 103 102 103.837 102.8274 B 103 102 103.8369 102.827 1.4s
315 103 102 113 A 103 102 104.8337 103.824 B 103 102 104.8335 103.8237 1.2s
318 105 104 115 A 105 104 105.8304 104.8207 B 105 104 105.8302 104.8204 1.4s
321 105 104 115 A 105 104 106.8271 105.8174 B 105 104 106.8269 105.8171 1.7s
324 107 106 117 A 107 106 107.8238 106.8141 B 107 106 107.8236 106.8138 1.6s
327 107 106 117 A 107 106 108.8204 107.8108 B 107 106 108.8203 107.8104 2.0s
330 109 108 119 A 109 108 109.8171 108.8075 B 109 108 109.817 108.8071 2.1s
333 109 108 119 A 109 108 110.8138 109.8041 B 109 108 110.8137 109.8038 1.7s
336 111 110 121 A 111 110 111.8105 110.8008 B 111 110 111.8104 110.8005 1.5s
339 111 110 121 A 111 110 112.8072 111.7975 B 111 110 112.807 111.7972 1.4s
342 113 112 123 A 113 112 113.8039 112.7942 B 113 112 113.8037 112.7939 1.4s
345 113 112 125 A 113 112 114.8006 113.7909 B 113 112 114.8004 113.7906 1.6s
348 115 114 125 A 115 114 115.7973 114.7876 B 115 114 115.7971 114.7873 1.7s
351 115 114 127 A 115 114 116.794 115.7843 B 115 114 116.7938 115.784 1.6s
354 117 116 127 A 117 116 117.7907 116.781 B 117 116 117.7905 116.7807 1.6s
357 117 116 129 A 117 116 118.7874 117.7777 B 117 116 118.7872 117.7774 1.8s
360 119 118 129 A 119 118 119.7841 118.7744 B 119 118 119.7839 118.7741 1.7s
363 119 118 131 A 119 118 120.7808 119.7711 B 119 118 120.7806 119.7708 1.5s
366 121 120 131 A 121 120 121.7775 120.7678 B 121 120 121.7773 120.7675 1.3s
369 121 120 133 A 121 120 122.7742 121.7645 B 121 120 122.774 121.7642 1.5s
372 123 122 133 A 123 122 123.7709 122.7612 B 123 122 123.7707 122.7609 1.2s
375 123 122 135 A 123 122 124.7676 123.7579 B 123 122 124.7675 123.7576 1.3s
378 125 124 137 A 125 124 125.7643 124.7546 B 125 124 125.7642 124.7543 1.4s
381 125 124 137 A 125 124 126.761 125.7513 B 125 124 126.7609 125.7511 1.3s
384 127 126 139 A 127 126 127.7577 126.748 B 127 126 127.7576 126.7478 1.3s
387 127 126 139 A 127 126 128.7544 127.7447 B 127 126 128.7543 127.7445 1.7s
390 129 128 141 A 129 128 129.7511 128.7414 B 129 128 129.751 128.7412 1.1s
393 129 128 141 A 129 128 130.7478 129.7381 B 129 128 130.7477 129.7379 1.3s
396 131 130 143 A 131 130 131.7445 130.7349 B 131 130 131.7444 130.7346 1.4s
399 131 130 143 A 131 130 132.7412 131.7316 B 131 130 132.7411 131.7313 1.4s
402 133 132 145 A 133 132 133.738 132.7283 B 133 132 133.7378 132.728 1.3s
405 133 132 145 A 133 132 134.7347 133.725 B 133 132 134.7346 133.7248 1.4s
408 135 134 147 A 135 134 135.7314 134.7217 B 135 134 135.7313 134.7215 1.4s
411 135 134 149 A 135 134 136.7281 135.7184 B 135 134 136.728 135.7182 1.4s
414 137 136 149 A 137 136 137.7248 136.7151 B 137 136 137.7247 136.7149 1.3s
417 137 136 151 A 137 136 138.7215 137.7119 B 137 136 138.7214 137.7116 1.4s
420 139 138 151 A 139 138 139.7183 138.7086 B 139 138 139.7181 138.7084 1.5s
423 139 138 153 A 139 138 140.715 139.7053 B 139 138 140.7149 139.7051 1.5s
426 141 140 153 A 141 140 141.7117 140.702 B 141 140 141.7116 140.7018 1.4s
429 141 140 155 A 141 140 142.7084 141.6987 B 141 140 142.7083 141.6985 1.4s
432 143 142 155 A 143 142 143.7051 142.6955 B 143 142 143.705 142.6952 1.5s
435 143 142 157 A 143 142 144.7019 143.6922 B 143 142 144.7018 143.692 1.5s
438 145 144 157 A 145 144 145.6986 144.6889 B 145 144 145.6985 144.6887 1.4s
441 145 144 159 A 145 144 146.6953 145.6856 B 145 144 146.6952 145.6854 1.4s
444 147 146 161 A 147 146 147.692 146.6823 B 147 146 147.6919 146.6821 1.5s
447 147 146 161 A 147 146 148.6887 147.6791 B 147 146 148.6887 147.6789 1.5s
450 149 148 163 A 149 148 149.6855 148.6758 B 149 148 149.6854 148.6756 1.6s
453 149 148 163 A 149 148 150.6822 149.6725 B 149 148 150.6821 149.6723 1.7s
456 151 150 165 A 151 150 151.6789 150.6692 B 151 150 151.6788 150.669 1.7s
459 151 150 165 A 151 150 152.6757 151.666 B 151 150 152.6756 151.6658 1.7s
462 153 152 167 A 153 152 153.6724 152.6627 B 153 152 153.6723 152.6625 1.8s
465 153 152 167 A 153 152 154.6691 153.6594 B 153 152 154.669 153.6592 1.7s
468 155 154 169 A 155 154 155.6658 154.6562 B 155 154 155.6658 154.656 1.7s
471 155 154 169 A 155 154 156.6626 155.6529 B 155 154 156.6625 155.6527 1.9s
474 157 156 171 A 157 156 157.6593 156.6496 B 157 156 157.6592 156.6494 2.1s
477 157 156 173 A 157 156 158.656 157.6464 B 157 156 158.6559 157.6462 2.5s
480 159 158 173 A 159 158 159.6528 158.6431 B 159 158 159.6527 158.6429 2.3s
483 159 158 175 A 159 158 160.6495 159.6398 B 159 158 160.6494 159.6396 2.4s
486 161 160 175 A 161 160 161.6462 160.6365 B 161 160 161.6461 160.6364 2.0s
489 161 160 177 A 161 160 162.643 161.6333 B 161 160 162.6429 161.6331 2.1s
492 163 162 177 A 163 162 163.6397 162.63 B 163 162 163.6396 162.6298 1.6s
495 163 162 179 A 163 162 164.6364 163.6268 B 163 162 164.6364 163.6266 1.7s
498 165 164 179 A 165 164 165.6332 164.6235 B 165 164 165.6331 164.6233 1.6s
501 165 164 181 A 165 164 166.6299 165.6202 B 165 164 166.6298 165.6201 1.7s
504 167 166 181 A 167 166 167.6266 166.617 B 167 166 167.6266 166.6168 1.7s
507 167 166 183 A 167 166 168.6234 167.6137 B 167 166 168.6233 167.6135 1.7s
510 169 168 183 A 169 168 169.6201 168.6104 B 169 168 169.62 168.6103 1.7s
513 169 168 185 A 169 168 170.6169 169.6072 B 169 168 170.6168 169.607 1.8s
516 171 170 187 A 171 170 171.6136 170.6039 B 171 170 171.6135 170.6037 2.1s
519 171 170 187 A 171 170 172.6103 171.6006 B 171 170 172.6103 171.6005 1.7s
522 173 172 189 A 173 172 173.6071 172.5974 B 173 172 173.607 172.5972 1.9s
525 173 172 189 A 173 172 174.6038 173.5941 B 173 172 174.6037 173.594 1.9s
528 175 174 191 A 175 174 175.6006 174.5909 B 175 174 175.6005 174.5907 1.8s
531 175 174 191 A 175 174 176.5973 175.5876 B 175 174 176.5972 175.5875 2.2s
534 177 176 193 A 177 176 177.594 176.5844 B 177 176 177.594 176.5842 1.9s
537 177 176 193 A 177 176 178.5908 177.5811 B 177 176 178.5907 177.5809 2.0s
540 179 178 195 A 179 178 179.5875 178.5778 B 179 178 179.5875 178.5777 2.0s
543 179 178 195 A 179 178 180.5843 179.5746 B 179 178 180.5842 179.5744 2.0s
546 181 180 197 A 181 180 181.581 180.5713 B 181 180 181.5809 180.5712 2.5s
549 181 180 199 A 181 180 182.5778 181.5681 B 181 180 182.5777 181.5679 2.6s
552 183 182 199 A 183 182 183.5745 182.5648 B 183 182 183.5744 182.5647 2.7s
555 183 182 201 A 183 182 184.5712 183.5616 B 183 182 184.5712 183.5614 2.7s
558 185 184 201 A 185 184 185.568 184.5583 B 185 184 185.5679 184.5582 2.2s
561 185 184 203 A 185 184 186.5647 185.5551 B 185 184 186.5647 185.5549 2.2s
564 187 186 203 A 187 186 187.5615 186.5518 B 187 186 187.5614 186.5517 2.1s
567 187 186 205 A 187 186 188.5582 187.5485 B 187 186 188.5582 187.5484 2.1s
570 189 188 205 A 189 188 189.555 188.5453 B 189 188 189.5549 188.5452 2.2s
573 189 188 207 A 189 188 190.5517 189.542 B 189 188 190.5517 189.5419 2.3s
576 191 190 207 A 191 190 191.5485 190.5388 B 191 190 191.5484 190.5387 1.5s
579 191 190 209 A 191 190 192.5452 191.5355 B 191 190 192.5452 191.5354 1.4s
582 193 192 211 A 193 192 193.542 192.5323 B 193 192 193.5419 192.5322 1.8s
585 193 192 211 A 193 192 194.5387 193.529 B 193 192 194.5387 193.5289 1.2s
588 195 194 213 A 195 194 195.5355 194.5258 B 195 194 195.5354 194.5257 1.8s
591 195 194 213 A 195 194 196.5322 195.5225 B 195 194 196.5322 195.5224 2.4s
594 197 196 215 A 197 196 197.529 196.5193 B 197 196 197.5289 196.5192 2.2s
597 197 196 215 A 197 196 198.5257 197.516 B 197 196 198.5257 197.5159 2.1s
600 199 198 217 A 199 198 199.5225 198.5128 B 199 198 199.5224 198.5127 2.4s
603 199 198 217 A 199 198 200.5192 199.5095 B 199 198 200.5192 199.5094 2.5s
606 201 200 219 A 201 200 201.516 200.5063 B 201 200 201.5159 200.5062 2.3s
609 201 200 219 A 201 200 202.5127 201.503 B 201 200 202.5127 201.5029 2.6s
612 203 202 221 A 203 202 203.5095 202.4998 B 203 202 203.5094 202.4997 2.5s
615 203 202 223 A 203 202 204.5062 203.4966 B 203 202 204.5062 203.4964 2.5s
618 205 204 223 A 205 204 205.503 204.4933 B 205 204 205.5029 204.4932 2.5s
621 205 204 225 A 205 204 206.4997 205.4901 B 205 204 206.4997 205.4899 2.4s
624 207 206 225 A 207 206 207.4965 206.4868 B 207 206 207.4964 206.4867 2.7s
627 207 206 227 A 207 206 208.4933 207.4836 B 207 206 208.4932 207.4835 2.8s
630 209 208 227 A 209 208 209.49 208.4803 B 209 208 209.49 208.4802 2.3s
633 209 208 229 A 209 208 210.4868 209.4771 B 209 208 210.4867 209.477 1.9s
636 211 210 229 A 211 210 211.4835 210.4738 B 211 210 211.4835 210.4737 1.6s
639 211 210 231 A 211 210 212.4803 211.4706 B 211 210 212.4802 211.4705 1.9s
642 213 212 231 A 213 212 213.477 212.4674 B 213 212 213.477 212.4672 3.0s
645 213 212 233 A 213 212 214.4738 213.4641 B 213 212 214.4737 213.464 2.4s
648 215 214 235 A 215 214 215.4705 214.4609 B 215 214 215.4705 214.4608 2.4s
651 215 214 235 A 215 214 216.4673 215.4576 B 215 214 216.4673 215.4575 2.5s
654 217 216 237 A 217 216 217.4641 216.4544 B 217 216 217.464 216.4543 2.5s
657 217 216 237 A 217 216 218.4608 217.4511 B 217 216 218.4608 217.451 2.6s
660 219 218 239 A 219 218 219.4576 218.4479 B 219 218 219.4575 218.4478 2.5s
663 219 218 239 A 219 218 220.4543 219.4447 B 219 218 220.4543 219.4445 2.6s
666 221 220 241 A 221 220 221.4511 220.4414 B 221 220 221.4511 220.4413 2.6s
669 221 220 241 A 221 220 222.4479 221.4382 B 221 220 222.4478 221.4381 2.0s
672 223 222 243 A 223 222 223.4446 222.4349 B 223 222 223.4446 222.4348 2.6s
675 223 222 243 A 223 222 224.4414 223.4317 B 223 222 224.4413 223.4316 3.3s
678 225 224 245 A 225 224 225.4381 224.4285 B 225 224 225.4381 224.4284 2.6s
681 225 224 247 A 225 224 226.4349 225.4252 B 225 224 226.4349 225.4251 2.9s
684 227 226 247 A 227 226 227.4317 226.422 B 227 226 227.4316 226.4219 2.5s
687 227 226 249 A 227 226 228.4284 227.4187 B 227 226 228.4284 227.4186 2.6s
690 229 228 249 A 229 228 229.4252 228.4155 B 229 228 229.4251 228.4154 2.7s
693 229 228 251 A 229 228 230.4219 229.4123 B 229 228 230.4219 229.4122 3.0s
696 231 230 251 A 231 230 231.4187 230.409 B 231 230 231.4187 230.4089 3.0s
699 231 230 253 A 231 230 232.4155 231.4058 B 231 230 232.4154 231.4057 3.0s
702 233 232 253 A 233 232 233.4122 232.4026 B 233 232 233.4122 232.4025 2.7s
705 233 232 255 A 233 232 234.409 233.3993 B 233 232 234.409 233.3992 3.1s
708 235 234 255 A 235 234 235.4058 234.3961 B 235 234 235.4057 234.396 3.4s
711 235 234 257 A 235 234 236.4025 235.3928 B 235 234 236.4025 235.3927 2.5s
714 237 236 257 A 237 236 237.3993 236.3896 B 237 236 237.3993 236.3895 2.6s
717 237 236 259 A 237 236 238.3961 237.3864 B 237 236 238.396 237.3863 2.5s
720 239 238 261 A 239 238 239.3928 238.3831 B 239 238 239.3928 238.383 2.1s
723 239 238 261 A 239 238 240.3896 239.3799 B 239 238 240.3896 239.3798 2.5s
726 241 240 263 A 241 240 241.3864 240.3767 B 241 240 241.3863 240.3766 1.9s
729 241 240 263 A 241 240 242.3831 241.3734 B 241 240 242.3831 241.3733 1.7s
732 243 242 265 A 243 242 243.3799 242.3702 B 243 242 243.3798 242.3701 2.2s
735 243 242 265 A 243 242 244.3766 243.367 B 243 242 244.3766 243.3669 2.2s
738 245 244 267 A 245 244 245.3734 244.3637 B 245 244 245.3734 244.3636 2.4s
741 245 244 267 A 245 244 246.3702 245.3605 B 245 244 246.3701 245.3604 2.1s
744 247 246 269 A 247 246 247.3669 246.3573 B 247 246 247.3669 246.3572 1.9s
747 247 246 269 A 247 246 248.3637 247.354 B 247 246 248.3637 247.3539 1.8s
750 249 248 271 A 249 248 249.3605 248.3508 B 249 248 249.3605 248.3507 1.6s
753 249 248 273 A 249 248 250.3573 249.3476 B 249 248 250.3572 249.3475 2.1s
756 251 250 273 A 251 250 251.354 250.3443 B 251 250 251.354 250.3442 1.9s
759 251 250 275 A 251 250 252.3508 251.3411 B 251 250 252.3508 251.341 1.8s
762 253 252 275 A 253 252 253.3476 252.3379 B 253 252 253.3475 252.3378 1.7s
765 253 252 277 A 253 252 254.3443 253.3346 B 253 252 254.3443 253.3346 2.0s
768 255 254 277 A 255 254 255.3411 254.3314 B 255 254 255.3411 254.3313 1.9s
771 255 254 279 A 255 254 256.3379 255.3282 B 255 254 256.3378 255.3281 2.5s
774 257 256 279 A 257 256 257.3346 256.325 B 257 256 257.3346 256.3249 2.8s
777 257 256 281 A 257 256 258.3314 257.3217 B 257 256 258.3314 257.3216 2.9s
780 259 258 281 A 259 258 259.3282 258.3185 B 259 258 259.3281 258.3184 1.8s
783 259 258 283 A 259 258 260.3249 259.3153 B 259 258 260.3249 259.3152 1.9s
786 261 260 285 A 261 260 261.3217 260.312 B 261 260 261.3217 260.3119 2.5s
789 261 260 285 A 261 260 262.3185 261.3088 B 261 260 262.3185 261.3087 2.3s
792 263 262 287 A 263 262 263.3153 262.3056 B 263 262 263.3152 262.3055 2.0s
795 263 262 287 A 263 262 264.312 263.3023 B 263 262 264.312 263.3023 2.5s
798 265 264 289 A 265 264 265.3088 264.2991 B 265 264 265.3088 264.299 2.2s
801 265 264 289 A 265 264 266.3056 265.2959 B 265 264 266.3055 265.2958 2.2s
804 267 266 291 A 267 266 267.3023 266.2927 B 267 266 267.3023 266.2926 1.8s
807 267 266 291 A 267 266 268.2991 267.2894 B 267 266 268.2991 267.2893 1.9s
810 269 268 293 A 269 268 269.2959 268.2862 B 269 268 269.2959 268.2861 1.6s
813 269 268 293 A 269 268 270.2927 269.283 B 269 268 270.2926 269.2829 2.4s
816 271 270 295 A 271 270 271.2894 270.2797 B 271 270 271.2894 270.2797 2.2s
819 271 270 297 A 271 270 272.2862 271.2765 B 271 270 272.2862 271.2764 2.6s
822 273 272 297 A 273 272 273.283 272.2733 B 273 272 273.2829 272.2732 3.1s
825 273 272 299 A 273 272 274.2797 273.2701 B 273 272 274.2797 273.27 1.9s
828 275 274 299 A 275 274 275.2765 274.2668 B 275 274 275.2765 274.2668 2.4s
831 275 274 301 A 275 274 276.2733 275.2636 B 275 274 276.2733 275.2635 2.0s
834 277 276 301 A 277 276 277.2701 276.2604 B 277 276 277.27 276.2603 2.2s
837 277 276 303 A 277 276 278.2668 277.2572 B 277 276 278.2668 277.2571 1.7s
840 279 278 303 A 279 278 279.2636 278.2539 B 279 278 279.2636 278.2539 2.1s
843 279 278 305 A 279 278 280.2604 279.2507 B 279 278 280.2604 279.2506 2.3s
846 281 280 305 A 281 280 281.2572 280.2475 B 281 280 281.2571 280.2474 2.6s
849 281 280 307 A 281 280 282.2539 281.2443 B 281 280 282.2539 281.2442 2.2s
852 283 282 309 A 283 282 283.2507 282.241 B 283 282 283.2507 282.241 2.1s
855 283 282 309 A 283 282 284.2475 283.2378 B 283 282 284.2475 283.2377 2.6s
858 285 284 311 A 285 284 285.2443 284.2346 B 285 284 285.2442 284.2345 2.6s
861 285 284 311 A 285 284 286.241 285.2314 B 285 284 286.241 285.2313 2.4s
864 287 286 313 A 287 286 287.2378 286.2281 B 287 286 287.2378 286.2281 2.2s
867 287 286 313 A 287 286 288.2346 287.2249 B 287 286 288.2346 287.2248 2.1s
870 289 288 315 A 289 288 289.2314 288.2217 B 289 288 289.2313 288.2216 2.4s
873 289 288 315 A 289 288 290.2281 289.2185 B 289 288 290.2281 289.2184 2.5s
876 291 290 317 A 291 290 291.2249 290.2152 B 291 290 291.2249 290.2152 2.2s
879 291 290 317 A 291 290 292.2217 291.212 B 291 290 292.2217 291.2119 2.6s
882 293 292 319 A 293 292 293.2185 292.2088 B 293 292 293.2185 292.2087 2.2s
885 293 292 321 A 293 292 294.2153 293.2056 B 293 292 294.2152 293.2055 2.4s
888 295 294 321 A 295 294 295.212 294.2023 B 295 294 295.212 294.2023 2.0s
891 295 294 323 A 295 294 296.2088 295.1991 B 295 294 296.2088 295.1991 2.0s
894 297 296 323 A 297 296 297.2056 296.1959 B 297 296 297.2056 296.1958 2.7s
897 297 296 325 A 297 296 298.2024 297.1927 B 297 296 298.2023 297.1926 3.1s
900 299 298 325 A 299 298 299.1991 298.1895 B 299 298 299.1991 298.1894 2.3s
903 299 298 327 A 299 298 300.1959 299.1862 B 299 298 300.1959 299.1862 2.5s
906 301 300 327 A 301 300 301.1927 300.183 B 301 300 301.1927 300.1829 2.2s
909 301 300 329 A 301 300 302.1895 301.1798 B 301 300 302.1895 301.1797 2.4s
912 303 302 329 A 303 302 303.1863 302.1766 B 303 302 303.1862 302.1765 2.4s
915 303 302 331 A 303 302 304.183 303.1734 B 303 302 304.183 303.1733 2.2s
918 305 304 331 A 305 304 305.1798 304.1701 B 305 304 305.1798 304.1701 2.3s
921 305 304 333 A 305 304 306.1766 305.1669 B 305 304 306.1766 305.1668 2.3s
924 307 306 335 A 307 306 307.1734 306.1637 B 307 306 307.1733 306.1636 2.8s
927 307 306 335 A 307 306 308.1701 307.1605 B 307 306 308.1701 307.1604 2.8s
930 309 308 337 A 309 308 309.1669 308.1572 B 309 308 309.1669 308.1572 2.3s
933 309 308 337 A 309 308 310.1637 309.154 B 309 308 310.1637 309.154 2.7s
936 311 310 339 A 311 310 311.1605 310.1508 B 311 310 311.1605 310.1507 2.8s
939 311 310 339 A 311 310 312.1573 311.1476 B 311 310 312.1572 311.1475 3.0s
942 313 312 341 A 313 312 313.154 312.1444 B 313 312 313.154 312.1443 2.4s
945 313 312 341 A 313 312 314.1508 313.1411 B 313 312 314.1508 313.1411 2.6s
948 315 314 343 A 315 314 315.1476 314.1379 B 315 314 315.1476 314.1379 2.3s
951 315 314 343 A 315 314 316.1444 315.1347 B 315 314 316.1444 315.1346 3.9s
954 317 316 345 A 317 316 317.1412 316.1315 B 317 316 317.1412 316.1314 4.6s
957 317 316 347 A 317 316 318.138 317.1283 B 317 316 318.1379 317.1282 5.3s
960 319 318 347 A 319 318 319.1347 318.1251 B 319 318 319.1347 318.125 4.9s
963 319 318 349 A 319 318 320.1315 319.1218 B 319 318 320.1315 319.1218 5.1s
966 321 320 349 A 321 320 321.1283 320.1186 B 321 320 321.1283 320.1186 5.3s
969 321 320 351 A 321 320 322.1251 321.1154 B 321 320 322.1251 321.1153 5.1s
972 323 322 351 A 323 322 323.1219 322.1122 B 323 322 323.1218 322.1121 5.5s
975 323 322 353 A 323 322 324.1186 323.109 B 323 322 324.1186 323.1089 5.4s
978 325 324 353 A 325 324 325.1154 324.1057 B 325 324 325.1154 324.1057 5.5s
981 325 324 355 A 325 324 326.1122 325.1025 B 325 324 326.1122 325.1025 5.6s
984 327 326 355 A 327 326 327.109 326.0993 B 327 326 327.109 326.0992 5.4s
987 327 326 357 A 327 326 328.1058 327.0961 B 327 326 328.1058 327.096 4.2s
990 329 328 359 A 329 328 329.1026 328.0929 B 329 328 329.1025 328.0928 3.5s
993 329 328 359 A 329 328 330.0993 329.0897 B 329 328 330.0993 329.0896 2.8s
996 331 330 361 A 331 330 331.0961 330.0864 B 331 330 331.0961 330.0864 2.7s
999 331 330 361 A 331 330 332.0929 331.0832 B 331 330 332.0929 331.0832 3.9s
1002 333 332 363 A 333 332 333.0897 332.08 B 333 332 333.0897 332.0799 4.2s
1005 333 332 363 A 333 332 334.0865 333.0768 B 333 332 334.0865 333.0767 3.9s
1008 335 334 365 A 335 334 335.0833 334.0736 B 335 334 335.0832 334.0735 3.1s
1011 335 334 365 A 335 334 336.08 335.0704 B 335 334 336.08 335.0703 3.3s
1014 337 336 367 A 337 336 337.0768 336.0671 B 337 336 337.0768 336.0671 2.8s
1017 337 336 367 A 337 336 338.0736 337.0639 B 337 336 338.0736 337.0639 2.8s
1020 339 338 369 A 339 338 339.0704 338.0607 B 339 338 339.0704 338.0607 3.0s
1023 339 338 371 A 339 338 340.0672 339.0575 B 339 338 340.0672 339.0574 2.9s
1026 341 340 371 A 341 340 341.064 340.0543 B 341 340 341.0639 340.0542 3.3s
1029 341 340 373 A 341 340 342.0607 341.0511 B 341 340 342.0607 341.051 2.9s
1032 343 342 373 A 343 342 343.0575 342.0478 B 343 342 343.0575 342.0478 2.9s
1035 343 342 375 A 343 342 344.0543 343.0446 B 343 342 344.0543 343.0446 2.9s
1038 345 344 375 A 345 344 345.0511 344.0414 B 345 344 345.0511 344.0414 3.1s
1041 345 344 377 A 345 344 346.0479 345.0382 B 345 344 346.0479 345.0381 2.9s
1044 347 346 377 A 347 346 347.0447 346.035 B 347 346 347.0447 346.0349 2.9s
1047 347 346 379 A 347 346 348.0415 347.0318 B 347 346 348.0414 347.0317 2.9s
1050 349 348 379 A 349 348 349.0382 348.0286 B 349 348 349.0382 348.0285 2.8s
1053 349 348 381 A 349 348 350.035 349.0253 B 349 348 350.035 349.0253 2.7s
1056 351 350 383 A 351 350 351.0318 350.0221 B 351 350 351.0318 350.0221 3.6s
1059 351 350 383 A 351 350 352.0286 351.0189 B 351 350 352.0286 351.0189 2.9s
