3 1 0 1 A 1 0 1.0942 0.0848 B 1 0 0.952 -0.048 0.2s
6 1 0 1 A 1 0 1.9414 0.9319 B 1 0 1.8796 0.8681 0.2s
9 1 0 1 A 1 0 2.7929 1.7834 B 1 0 2.7593 1.7449 0.3s
12 3 2 3 A 3 2 3.6463 2.6368 B 3 2 3.6242 2.6101 0.2s
15 3 2 3 A 3 2 4.5006 3.4912 B 3 2 4.4846 3.4711 0.3s
18 5 4 5 A 5 4 5.3556 4.3462 B 5 4 5.3433 4.3302 0.3s
21 5 4 5 A 5 4 6.211 5.2016 B 5 4 6.2012 5.1885 0.3s
24 7 6 7 A 7 6 7.0668 6.0573 B 7 6 7.0586 6.0463 0.3s
27 7 6 7 A 7 6 7.9228 6.9133 B 7 6 7.9158 6.9038 0.3s
30 7 6 9 A 7 6 8.7789 7.7695 B 7 6 8.7729 7.7612 0.3s
33 9 8 9 A 9 8 9.6353 8.6258 B 9 8 9.63 8.6185 0.3s
36 9 8 11 A 9 8 10.4917 9.4822 B 9 8 10.4871 9.4757 0.3s
39 11 10 11 A 11 10 11.3483 10.3388 B 11 10 11.3441 10.3329 0.3s
42 11 10 13 A 11 10 12.2049 11.1954 B 11 10 12.2012 11.1901 0.3s
45 13 12 13 A 13 12 13.0616 12.0522 B 13 12 13.0582 12.0473 0.3s
48 13 12 15 A 13 12 13.9184 12.909 B 13 12 13.9153 12.9045 0.3s
51 13 12 15 A 13 12 14.7753 13.7658 B 13 12 14.7725 13.7617 0.3s
54 15 14 17 A 15 14 15.6322 14.6227 B 15 14 15.6296 14.6189 0.3s
57 15 14 17 A 15 14 16.4892 15.4797 B 15 14 16.4867 15.4761 0.4s
60 17 16 17 A 17 16 17.3462 16.3367 B 17 16 17.3439 16.3334 0.3s
63 17 16 19 A 17 16 18.2032 17.1937 B 17 16 18.2011 17.1906 0.3s
66 19 18 19 A 19 18 19.0603 18.0508 B 19 18 19.0583 18.0479 0.4s
69 19 18 21 A 19 18 19.9174 18.9079 B 19 18 19.9155 18.9051 0.4s
72 19 18 21 A 19 18 20.7745 19.765 B 19 18 20.7728 19.7624 0.4s
75 21 20 23 A 21 20 21.6317 20.6222 B 21 20 21.63 20.6197 0.4s
78 21 20 23 A 21 20 22.4889 21.4794 B 21 20 22.4873 21.477 0.4s
81 23 22 25 A 23 22 23.3461 22.3366 B 23 22 23.3446 22.3344 0.5s
84 23 22 25 A 23 22 24.2033 23.1938 B 23 22 24.2019 23.1917 0.5s
87 25 24 27 A 25 24 25.0605 24.0511 B 25 24 25.0592 24.049 0.4s
90 25 24 27 A 25 24 25.9178 24.9083 B 25 24 25.9165 24.9064 0.4s
93 25 24 29 A 25 24 26.7751 25.7656 B 25 24 26.7739 25.7638 0.4s
96 27 26 29 A 27 26 27.6324 26.6229 B 27 26 27.6312 26.6211 0.4s
99 27 26 31 A 27 26 28.4897 27.4802 B 27 26 28.4886 27.4785 0.4s
102 29 28 31 A 29 28 29.347 28.3376 B 29 28 29.346 28.3359 0.4s
105 29 28 33 A 29 28 30.2044 29.1949 B 29 28 30.2034 29.1933 0.5s
108 31 30 33 A 31 30 31.0617 30.0523 B 31 30 31.0608 30.0507 0.4s
111 31 30 35 A 31 30 31.9191 30.9096 B 31 30 31.9182 30.9082 0.4s
114 31 30 35 A 31 30 32.7765 31.767 B 31 30 32.7756 31.7656 0.4s
117 33 32 35 A 33 32 33.6339 32.6244 B 33 32 33.633 32.623 0.4s
120 33 32 37 A 33 32 34.4913 33.4818 B 33 32 34.4904 33.4805 0.4s
123 35 34 37 A 35 34 35.3487 34.3392 B 35 34 35.3479 34.3379 0.4s
126 35 34 39 A 35 34 36.2061 35.1966 B 35 34 36.2053 35.1954 0.4s
129 37 36 39 A 37 36 37.0635 36.0541 B 37 36 37.0628 36.0529 0.5s
132 37 36 41 A 37 36 37.921 36.9115 B 37 36 37.9202 36.9103 0.5s
135 37 36 41 A 37 36 38.7784 37.7689 B 37 36 38.7777 37.7678 0.5s
138 39 38 43 A 39 38 39.6359 38.6264 B 39 38 39.6352 38.6253 0.6s
141 39 38 43 A 39 38 40.4933 39.4839 B 39 38 40.4927 39.4828 0.6s
144 41 40 45 A 41 40 41.3508 40.3413 B 41 40 41.3501 40.3403 0.5s
147 41 40 45 A 41 40 42.2083 41.1988 B 41 40 42.2076 41.1978 0.8s
150 43 42 47 A 43 42 43.0657 42.0563 B 43 42 43.0651 42.0553 0.5s
153 43 42 47 A 43 42 43.9232 42.9138 B 43 42 43.9226 42.9128 0.5s
156 43 42 49 A 43 42 44.7807 43.7712 B 43 42 44.7801 43.7703 0.6s
159 45 44 49 A 45 44 45.6382 44.6287 B 45 44 45.6377 44.6278 0.6s
162 45 44 51 A 45 44 46.4957 45.4862 B 45 44 46.4952 45.4854 0.5s
165 47 46 51 A 47 46 47.3532 46.3437 B 47 46 47.3527 46.3429 0.5s
168 47 46 53 A 47 46 48.2107 47.2013 B 47 46 48.2102 47.2004 0.5s
171 49 48 53 A 49 48 49.0682 48.0588 B 49 48 49.0677 48.058 0.5s
174 49 48 53 A 49 48 49.9258 48.9163 B 49 48 49.9253 48.9155 0.5s
177 49 48 55 A 49 48 50.7833 49.7738 B 49 48 50.7828 49.773 0.6s
180 51 50 55 A 51 50 51.6408 50.6314 B 51 50 51.6404 50.6306 0.6s
183 51 50 57 A 51 50 52.4984 51.4889 B 51 50 52.4979 51.4881 0.6s
186 53 52 57 A 53 52 53.3559 52.3464 B 53 52 53.3555 52.3457 0.6s
189 53 52 59 A 53 52 54.2134 53.204 B 53 52 54.213 53.2033 0.7s
192 55 54 59 A 55 54 55.071 54.0615 B 55 54 55.0706 54.0608 0.6s
195 55 54 61 A 55 54 55.9285 54.9191 B 55 54 55.9281 54.9184 0.6s
198 55 54 61 A 55 54 56.7861 55.7766 B 55 54 56.7857 55.7759 0.8s
201 57 56 63 A 57 56 57.6436 56.6342 B 57 56 57.6433 56.6335 0.6s
204 57 56 63 A 57 56 58.5012 57.4917 B 57 56 58.5008 57.4911 0.6s
207 59 58 65 A 59 58 59.3588 58.3493 B 59 58 59.3584 58.3487 0.6s
210 59 58 65 A 59 58 60.2163 59.2069 B 59 58 60.216 59.2063 0.6s
213 61 60 67 A 61 60 61.0739 60.0644 B 61 60 61.0736 60.0638 0.6s
216 61 60 67 A 61 60 61.9315 60.922 B 61 60 61.9311 60.9214 0.6s
219 61 60 69 A 61 60 62.7891 61.7796 B 61 60 62.7887 61.779 0.7s
222 63 62 69 A 63 62 63.6466 62.6372 B 63 62 63.6463 62.6366 0.5s
225 63 62 71 A 63 62 64.5042 63.4948 B 63 62 64.5039 63.4942 0.5s
228 65 64 71 A 65 64 65.3618 64.3523 B 65 64 65.3615 64.3518 0.5s
231 65 64 71 A 65 64 66.2194 65.2099 B 65 64 66.2191 65.2094 0.6s
234 67 66 73 A 67 66 67.077 66.0675 B 67 66 67.0767 66.067 0.6s
237 67 66 73 A 67 66 67.9346 66.9251 B 67 66 67.9343 66.9246 0.4s
240 67 66 75 A 67 66 68.7922 67.7827 B 67 66 68.7919 67.7822 0.7s
243 69 68 75 A 69 68 69.6498 68.6403 B 69 68 69.6495 68.6398 0.6s
246 69 68 77 A 69 68 70.5074 69.4979 B 69 68 70.5071 69.4974 0.7s
249 71 70 77 A 71 70 71.365 70.3555 B 71 70 71.3647 70.355 0.6s
252 71 70 79 A 71 70 72.2226 71.2131 B 71 70 72.2223 71.2126 0.6s
255 73 72 79 A 73 72 73.0802 72.0707 B 73 72 73.0799 72.0702 0.5s
258 73 72 81 A 73 72 73.9378 72.9283 B 73 72 73.9375 72.9279 0.6s
261 73 72 81 A 73 72 74.7954 73.7859 B 73 72 74.7951 73.7855 0.6s
264 75 74 83 A 75 74 75.653 74.6435 B 75 74 75.6528 74.6431 0.6s
267 75 74 83 A 75 74 76.5106 75.5012 B 75 74 76.5104 75.5007 0.6s
270 77 76 85 A 77 76 77.3682 76.3588 B 77 76 77.368 76.3583 0.8s
273 77 76 85 A 77 76 78.2259 77.2164 B 77 76 78.2256 77.216 0.6s
276 79 78 87 A 79 78 79.0835 78.074 B 79 78 79.0833 78.0736 0.7s
279 79 78 87 A 79 78 79.9411 78.9316 B 79 78 79.9409 78.9312 0.6s
282 79 78 89 A 79 78 80.7987 79.7893 B 79 78 80.7985 79.7889 0.6s
285 81 80 89 A 81 80 81.6564 80.6469 B 81 80 81.6561 80.6465 0.8s
288 81 80 89 A 81 80 82.514 81.5045 B 81 80 82.5138 81.5041 0.5s
291 83 82 91 A 83 82 83.3716 82.3621 B 83 82 83.3714 82.3618 0.9s
294 83 82 91 A 83 82 84.2292 83.2198 B 83 82 84.229 83.2194 1.2s
297 85 84 93 A 85 84 85.0869 84.0774 B 85 84 85.0867 84.077 0.8s
300 85 84 93 A 85 84 85.9445 84.935 B 85 84 85.9443 84.9347 0.9s
303 85 84 95 A 85 84 86.8021 85.7927 B 85 84 86.8019 85.7923 1.4s
306 87 86 95 A 87 86 87.6598 86.6503 B 87 86 87.6596 86.65 0.9s
309 87 86 97 A 87 86 88.5174 87.508 B 87 86 88.5172 87.5076 1.0s
312 89 88 97 A 89 88 89.3751 88.3656 B 89 88 89.3749 88.3652 1.0s
315 89 88 99 A 89 88 90.2327 89.2232 B 89 88 90.2325 89.2229 1.0s
318 91 90 99 A 91 90 91.0903 90.0809 B 91 90 91.0902 90.0805 0.9s
321 91 90 101 A 91 90 91.948 90.9385 B 91 90 91.9478 90.9382 1.1s
324 91 90 101 A 91 90 92.8056 91.7962 B 91 90 92.8055 91.7958 0.9s
327 93 92 103 A 93 92 93.6633 92.6538 B 93 92 93.6631 92.6535 0.9s
330 93 92 103 A 93 92 94.5209 93.5115 B 93 92 94.5208 93.5111 0.7s
333 95 94 105 A 95 94 95.3786 94.3691 B 95 94 95.3784 94.3688 0.7s
336 95 94 105 A 95 94 96.2362 95.2268 B 95 94 96.2361 95.2265 0.9s
339 97 96 107 A 97 96 97.0939 96.0844 B 97 96 97.0937 96.0841 0.9s
342 97 96 107 A 97 96 97.9515 96.9421 B 97 96 97.9514 96.9418 0.7s
345 97 96 107 A 97 96 98.8092 97.7997 B 97 96 98.809 97.7994 1.0s
348 99 98 109 A 99 98 99.6669 98.6574 B 99 98 99.6667 98.6571 0.7s
351 99 98 109 A 99 98 100.5245 99.515 B 99 98 100.5243 99.5147 0.8s
354 101 100 111 A 101 100 101.3822 100.3727 B 101 100 101.382 100.3724 0.7s
357 101 100 111 A 101 100 102.2398 101.2304 B 101 100 102.2397 101.2301 0.9s
360 103 102 113 A 103 102 103.0975 102.088 B 103 102 103.0973 102.0877 0.7s
363 103 102 113 A 103 102 103.9551 102.9457 B 103 102 103.955 102.9454 0.9s
366 103 102 115 A 103 102 104.8128 103.8033 B 103 102 104.8127 103.8031 0.8s
369 105 104 115 A 105 104 105.6705 104.661 B 105 104 105.6703 104.6607 0.8s
372 105 104 117 A 105 104 106.5281 105.5187 B 105 104 106.528 105.5184 1.0s
375 107 106 117 A 107 106 107.3858 106.3763 B 107 106 107.3857 106.3761 0.8s
378 107 106 119 A 107 106 108.2435 107.234 B 107 106 108.2433 107.2337 0.8s
381 109 108 119 A 109 108 109.1011 108.0917 B 109 108 109.101 108.0914 0.8s
384 109 108 121 A 109 108 109.9588 108.9493 B 109 108 109.9587 108.9491 0.7s
387 109 108 121 A 109 108 110.8165 109.807 B 109 108 110.8163 109.8067 0.9s
390 111 110 123 A 111 110 111.6741 110.6647 B 111 110 111.674 110.6644 0.9s
393 111 110 123 A 111 110 112.5318 111.5223 B 111 110 112.5317 111.5221 1.0s
396 113 112 125 A 113 112 113.3895 112.38 B 113 112 113.3894 112.3798 1.0s
399 113 112 125 A 113 112 114.2472 113.2377 B 113 112 114.247 113.2374 0.9s
402 115 114 125 A 115 114 115.1048 114.0954 B 115 114 115.1047 114.0951 0.9s
405 115 114 127 A 115 114 115.9625 114.953 B 115 114 115.9624 114.9528 0.9s
408 115 114 127 A 115 114 116.8202 115.8107 B 115 114 116.8201 115.8105 0.9s
411 117 116 129 A 117 116 117.6779 116.6684 B 117 116 117.6777 116.6682 0.9s
414 117 116 129 A 117 116 118.5355 117.5261 B 117 116 118.5354 117.5258 0.9s
417 119 118 131 A 119 118 119.3932 118.3837 B 119 118 119.3931 118.3835 0.9s
420 119 118 131 A 119 118 120.2509 119.2414 B 119 118 120.2508 119.2412 0.9s
423 121 120 133 A 121 120 121.1086 120.0991 B 121 120 121.1085 120.0989 0.9s
426 121 120 133 A 121 120 121.9662 120.9568 B 121 120 121.9661 120.9566 1.1s
429 121 120 135 A 121 120 122.8239 121.8145 B 121 120 122.8238 121.8142 0.9s
432 123 122 135 A 123 122 123.6816 122.6721 B 123 122 123.6815 122.6719 1.0s
435 123 122 137 A 123 122 124.5393 123.5298 B 123 122 124.5392 123.5296 1.0s
438 125 124 137 A 125 124 125.397 124.3875 B 125 124 125.3969 124.3873 1.0s
441 125 124 139 A 125 124 126.2547 125.2452 B 125 124 126.2546 125.245 1.0s
444 127 126 139 A 127 126 127.1123 126.1029 B 127 126 127.1122 126.1027 0.9s
447 127 126 141 A 127 126 127.97 126.9606 B 127 126 127.9699 126.9604 1.0s
450 127 126 141 A 127 126 128.8277 127.8182 B 127 126 128.8276 127.818 1.0s
453 129 128 143 A 129 128 129.6854 128.6759 B 129 128 129.6853 128.6757 1.0s
456 129 128 143 A 129 128 130.5431 129.5336 B 129 128 130.543 129.5334 1.0s
459 131 130 143 A 131 130 131.4008 130.3913 B 131 130 131.4007 130.3911 1.0s
462 131 130 145 A 131 130 132.2585 131.249 B 131 130 132.2584 131.2488 1.1s
465 133 132 145 A 133 132 133.1162 132.1067 B 133 132 133.1161 132.1065 1.0s
468 133 132 147 A 133 132 133.9738 132.9644 B 133 132 133.9737 132.9642 0.9s
471 133 132 147 A 133 132 134.8315 133.8221 B 133 132 134.8314 133.8219 1.0s
474 135 134 149 A 135 134 135.6892 134.6798 B 135 134 135.6891 134.6796 1.0s
477 135 134 149 A 135 134 136.5469 135.5374 B 135 134 136.5468 135.5373 1.0s
480 137 136 151 A 137 136 137.4046 136.3951 B 137 136 137.4045 136.395 1.1s
483 137 136 151 A 137 136 138.2623 137.2528 B 137 136 138.2622 137.2526 1.1s
486 139 138 153 A 139 138 139.12 138.1105 B 139 138 139.1199 138.1103 1.1s
489 139 138 153 A 139 138 139.9777 138.9682 B 139 138 139.9776 138.968 0.9s
492 139 138 155 A 139 138 140.8354 139.8259 B 139 138 140.8353 139.8257 1.2s
495 141 140 155 A 141 140 141.6931 140.6836 B 141 140 141.693 140.6834 1.1s
498 141 140 157 A 141 140 142.5508 141.5413 B 141 140 142.5507 141.5411 1.1s
