4 1 0 1 A 1 0 1.0819 0.0779 B 1 0 1.002 0.0019 0.3s
6 1 0 1 A 1 0 1.554 0.55 B 1 0 1.499 0.4969 0.3s
8 1 0 1 A 1 0 2.0268 1.0228 B 1 0 1.9871 0.9822 0.3s
10 1 0 1 A 1 0 2.5001 1.4961 B 1 0 2.4697 1.4645 0.3s
12 1 0 1 A 1 0 2.9736 1.9696 B 1 0 2.9492 1.9432 0.3s
14 3 2 3 A 3 2 3.4474 2.4433 B 3 2 3.4271 2.4215 0.3s
16 3 2 3 A 3 2 3.9212 2.9172 B 3 2 3.904 2.8979 0.4s
18 3 2 3 A 3 2 4.3951 3.3911 B 3 2 4.3802 3.3746 0.4s
20 3 2 3 A 3 2 4.8691 3.8651 B 3 2 4.856 3.8502 0.4s
22 5 4 5 A 5 4 5.3433 4.3393 B 5 4 5.3315 4.3261 0.4s
24 5 4 5 A 5 4 5.8174 4.8134 B 5 4 5.8069 4.8012 0.4s
26 5 4 5 A 5 4 6.2916 5.2876 B 5 4 6.282 5.2767 0.4s
28 5 4 5 A 5 4 6.7658 5.7618 B 5 4 6.7571 5.7516 0.4s
30 7 6 7 A 7 6 7.2401 6.2361 B 7 6 7.232 6.2269 0.5s
32 7 6 7 A 7 6 7.7144 6.7104 B 7 6 7.7069 6.7016 0.5s
34 7 6 7 A 7 6 8.1887 7.1847 B 7 6 8.1818 7.1767 0.4s
36 7 6 7 A 7 6 8.6631 7.659 B 7 6 8.6566 7.6514 0.4s
38 9 8 9 A 9 8 9.1375 8.1334 B 9 8 9.1314 8.1264 0.5s
40 9 8 9 A 9 8 9.6118 8.6078 B 9 8 9.6061 8.601 0.5s
42 9 8 9 A 9 8 10.0862 9.0822 B 9 8 10.0809 9.076 0.5s
44 9 8 9 A 9 8 10.5606 9.5566 B 9 8 10.5556 9.5505 0.6s
46 11 10 11 A 11 10 11.0351 10.0311 B 11 10 11.0303 10.0254 0.4s
48 11 10 11 A 11 10 11.5095 10.5055 B 11 10 11.5049 10.5 0.4s
50 11 10 11 A 11 10 11.984 10.98 B 11 10 11.9796 10.9749 0.5s
52 11 10 11 A 11 10 12.4584 11.4544 B 11 10 12.4543 11.4494 0.3s
54 11 10 13 A 11 10 12.9329 11.9289 B 11 10 12.9289 11.9242 0.4s
56 13 12 13 A 13 12 13.4074 12.4034 B 13 12 13.4036 12.3988 0.4s
58 13 12 13 A 13 12 13.8819 12.8779 B 13 12 13.8782 12.8736 0.4s
60 13 12 13 A 13 12 14.3564 13.3523 B 13 12 14.3529 13.3481 0.4s
62 13 12 15 A 13 12 14.8309 13.8269 B 13 12 14.8275 13.8229 0.4s
64 15 14 15 A 15 14 15.3054 14.3014 B 15 14 15.3022 14.2974 0.4s
66 15 14 15 A 15 14 15.7799 14.7759 B 15 14 15.7768 14.7722 0.4s
68 15 14 15 A 15 14 16.2544 15.2504 B 15 14 16.2515 15.2467 0.5s
70 15 14 17 A 15 14 16.729 15.725 B 15 14 16.726 15.7215 0.4s
72 17 16 17 A 17 16 17.2035 16.1995 B 17 16 17.2007 16.196 0.5s
74 17 16 17 A 17 16 17.6781 16.6741 B 17 16 17.6753 16.6708 0.5s
76 17 16 17 A 17 16 18.1526 17.1486 B 17 16 18.15 17.1453 0.5s
78 17 16 19 A 17 16 18.6272 17.6232 B 17 16 18.6246 17.6201 0.5s
80 19 18 19 A 19 18 19.1017 18.0977 B 19 18 19.0992 18.0946 0.5s
82 19 18 19 A 19 18 19.5763 18.5723 B 19 18 19.5738 18.5694 0.5s
84 19 18 19 A 19 18 20.0508 19.0468 B 19 18 20.0485 19.0439 0.5s
86 19 18 21 A 19 18 20.5254 19.5214 B 19 18 20.5231 19.5187 0.5s
88 19 18 21 A 19 18 20.9999 19.9959 B 19 18 20.9978 19.9932 0.5s
90 21 20 21 A 21 20 21.4745 20.4705 B 21 20 21.4724 20.468 0.5s
92 21 20 21 A 21 20 21.9491 20.9451 B 21 20 21.947 20.9425 0.4s
94 21 20 23 A 21 20 22.4237 21.4197 B 21 20 22.4216 21.4172 0.6s
96 21 20 23 A 21 20 22.8983 21.8942 B 21 20 22.8963 21.8918 0.6s
98 23 22 23 A 23 22 23.3729 22.3689 B 23 22 23.3709 22.3665 0.7s
100 23 22 23 A 23 22 23.8474 22.8434 B 23 22 23.8456 22.8411 0.6s
102 23 22 25 A 23 22 24.322 23.318 B 23 22 24.3202 23.3158 0.6s
104 23 22 25 A 23 22 24.7966 23.7926 B 23 22 24.7948 23.7904 0.5s
106 25 24 25 A 25 24 25.2712 24.2672 B 25 24 25.2695 24.2651 0.5s
108 25 24 25 A 25 24 25.7458 24.7418 B 25 24 25.7441 24.7397 0.5s
110 25 24 27 A 25 24 26.2204 25.2164 B 25 24 26.2187 25.2144 0.6s
112 25 24 27 A 25 24 26.695 25.691 B 25 24 26.6934 25.689 0.7s
114 27 26 27 A 27 26 27.1696 26.1656 B 27 26 27.168 26.1637 0.6s
116 27 26 27 A 27 26 27.6442 26.6402 B 27 26 27.6427 26.6382 0.6s
118 27 26 29 A 27 26 28.1189 27.1149 B 27 26 28.1173 27.113 0.8s
120 27 26 29 A 27 26 28.5934 27.5894 B 27 26 28.5919 27.5875 0.8s
122 29 28 29 A 29 28 29.0681 28.0641 B 29 28 29.0666 28.0623 0.8s
124 29 28 29 A 29 28 29.5427 28.5387 B 29 28 29.5412 28.5368 0.7s
126 29 28 31 A 29 28 30.0173 29.0133 B 29 28 30.0159 29.0116 0.6s
128 29 28 31 A 29 28 30.4919 29.4879 B 29 28 30.4905 29.4861 0.6s
130 29 28 31 A 29 28 30.9665 29.9625 B 29 28 30.9652 29.9609 0.6s
132 31 30 31 A 31 30 31.4411 30.4371 B 31 30 31.4398 30.4354 0.7s
134 31 30 33 A 31 30 31.9158 30.9118 B 31 30 31.9145 30.9102 0.7s
136 31 30 33 A 31 30 32.3904 31.3864 B 31 30 32.3891 31.3847 0.7s
138 31 30 33 A 31 30 32.865 31.861 B 31 30 32.8637 31.8595 0.7s
140 33 32 33 A 33 32 33.3396 32.3356 B 33 32 33.3384 32.3341 0.8s
142 33 32 35 A 33 32 33.8143 32.8103 B 33 32 33.813 32.8088 0.6s
144 33 32 35 A 33 32 34.2889 33.2849 B 33 32 34.2877 33.2834 0.6s
146 33 32 35 A 33 32 34.7636 33.7595 B 33 32 34.7623 33.7581 0.7s
148 35 34 35 A 35 34 35.2382 34.2341 B 35 34 35.237 34.2327 0.6s
150 35 34 37 A 35 34 35.7128 34.7088 B 35 34 35.7117 34.7074 0.7s
152 35 34 37 A 35 34 36.1874 35.1834 B 35 34 36.1863 35.182 0.6s
154 35 34 37 A 35 34 36.6621 35.6581 B 35 34 36.661 35.6567 0.7s
156 37 36 37 A 37 36 37.1367 36.1327 B 37 36 37.1356 36.1313 0.8s
158 37 36 39 A 37 36 37.6114 36.6074 B 37 36 37.6103 36.606 0.6s
160 37 36 39 A 37 36 38.086 37.082 B 37 36 38.0849 37.0806 0.6s
162 37 36 39 A 37 36 38.5606 37.5566 B 37 36 38.5596 37.5553 0.7s
164 39 38 39 A 39 38 39.0353 38.0312 B 39 38 39.0342 38.0299 0.7s
166 39 38 41 A 39 38 39.5099 38.5059 B 39 38 39.5089 38.5047 0.7s
168 39 38 41 A 39 38 39.9845 38.9805 B 39 38 39.9835 38.9793 0.9s
170 39 38 41 A 39 38 40.4592 39.4552 B 39 38 40.4582 39.454 0.8s
172 39 38 41 A 39 38 40.9338 39.9298 B 39 38 40.9328 39.9286 0.9s
174 41 40 43 A 41 40 41.4085 40.4045 B 41 40 41.4075 40.4033 1.0s
176 41 40 43 A 41 40 41.8831 40.8791 B 41 40 41.8822 40.8779 0.6s
178 41 40 43 A 41 40 42.3578 41.3538 B 41 40 42.3568 41.3526 0.7s
180 41 40 43 A 41 40 42.8324 41.8284 B 41 40 42.8315 41.8272 1.0s
182 43 42 45 A 43 42 43.3071 42.3031 B 43 42 43.3062 42.302 0.9s
184 43 42 45 A 43 42 43.7817 42.7777 B 43 42 43.7808 42.7766 0.9s
186 43 42 45 A 43 42 44.2564 43.2524 B 43 42 44.2555 43.2513 1.0s
188 43 42 45 A 43 42 44.731 43.727 B 43 42 44.7301 43.7259 1.0s
190 45 44 47 A 45 44 45.2057 44.2017 B 45 44 45.2048 44.2006 1.0s
192 45 44 47 A 45 44 45.6803 44.6763 B 45 44 45.6795 44.6752 1.0s
194 45 44 47 A 45 44 46.155 45.151 B 45 44 46.1541 45.1499 1.0s
196 45 44 47 A 45 44 46.6296 45.6256 B 45 44 46.6288 45.6245 0.9s
198 47 46 49 A 47 46 47.1043 46.1003 B 47 46 47.1035 46.0993 1.0s
200 47 46 49 A 47 46 47.5789 46.5749 B 47 46 47.5781 46.5739 1.3s
202 47 46 49 A 47 46 48.0536 47.0496 B 47 46 48.0528 47.0486 1.1s
204 47 46 49 A 47 46 48.5282 47.5242 B 47 46 48.5274 47.5232 1.0s
206 49 46 51 A 49 46 49.0029 47.9989 B 49 46 49.0021 47.9979 1.1s
208 49 48 51 A 49 48 49.4776 48.4735 B 49 48 49.4768 48.4726 0.9s
210 49 48 51 A 49 48 49.9522 48.9482 B 49 48 49.9515 48.9473 1.0s
212 49 48 51 A 49 48 50.4269 49.4229 B 49 48 50.4261 49.4219 1.0s
214 49 48 53 A 49 48 50.9016 49.8976 B 49 48 50.9008 49.8966 1.0s
216 51 50 53 A 51 50 51.3762 50.3722 B 51 50 51.3754 50.3712 1.0s
218 51 50 53 A 51 50 51.8509 50.8469 B 51 50 51.8501 50.846 1.0s
220 51 50 53 A 51 50 52.3255 51.3215 B 51 50 52.3248 51.3206 1.0s
222 51 50 55 A 51 50 52.8002 51.7962 B 51 50 52.7995 51.7953 1.1s
224 53 52 55 A 53 52 53.2748 52.2708 B 53 52 53.2741 52.2699 1.0s
226 53 52 55 A 53 52 53.7495 52.7455 B 53 52 53.7488 52.7447 1.1s
228 53 52 55 A 53 52 54.2242 53.2201 B 53 52 54.2235 53.2193 1.2s
230 53 52 57 A 53 52 54.6989 53.6948 B 53 52 54.6982 53.694 1.1s
232 55 54 57 A 55 54 55.1735 54.1695 B 55 54 55.1728 54.1686 1.1s
234 55 54 57 A 55 54 55.6482 54.6442 B 55 54 55.6475 54.6433 0.9s
236 55 54 57 A 55 54 56.1228 55.1188 B 55 54 56.1222 55.118 0.9s
238 55 54 59 A 55 54 56.5975 55.5935 B 55 54 56.5969 55.5927 0.8s
240 57 56 59 A 57 56 57.0721 56.0681 B 57 56 57.0715 56.0673 0.9s
242 57 56 59 A 57 56 57.5468 56.5428 B 57 56 57.5462 56.542 0.9s
244 57 56 59 A 57 56 58.0215 57.0175 B 57 56 58.0208 57.0167 0.7s
246 57 56 61 A 57 56 58.4962 57.4922 B 57 56 58.4955 57.4914 0.6s
248 57 56 61 A 57 56 58.9708 57.9668 B 57 56 58.9702 57.966 0.6s
250 59 58 61 A 59 58 59.4455 58.4415 B 59 58 59.4449 58.4407 0.8s
252 59 58 61 A 59 58 59.9202 58.9161 B 59 58 59.9195 58.9154 0.8s
254 59 58 63 A 59 58 60.3949 59.3908 B 59 58 60.3942 59.3901 0.9s
256 59 58 63 A 59 58 60.8695 59.8655 B 59 58 60.8689 59.8647 0.9s
258 61 60 63 A 61 60 61.3442 60.3402 B 61 60 61.3436 60.3394 1.0s
260 61 60 63 A 61 60 61.8188 60.8148 B 61 60 61.8182 60.8141 1.0s
262 61 60 65 A 61 60 62.2935 61.2895 B 61 60 62.2929 61.2888 1.0s
264 61 60 65 A 61 60 62.7682 61.7642 B 61 60 62.7676 61.7634 1.0s
266 63 62 65 A 63 62 63.2429 62.2389 B 63 62 63.2423 62.2382 1.1s
268 63 62 65 A 63 62 63.7175 62.7135 B 63 62 63.7169 62.7128 1.1s
270 63 62 67 A 63 62 64.1922 63.1882 B 63 62 64.1917 63.1875 1.0s
272 63 62 67 A 63 62 64.6669 63.6628 B 63 62 64.6663 63.6621 1.0s
274 65 64 67 A 65 64 65.1416 64.1376 B 65 64 65.141 64.1369 1.0s
276 65 64 67 A 65 64 65.6162 64.6122 B 65 64 65.6157 64.6115 1.0s
278 65 64 69 A 65 64 66.0909 65.0869 B 65 64 66.0904 65.0862 1.2s
280 65 64 69 A 65 64 66.5656 65.5615 B 65 64 66.565 65.5608 1.1s
282 67 66 69 A 67 66 67.0403 66.0363 B 67 66 67.0397 66.0356 1.0s
284 67 66 69 A 67 66 67.5149 66.5109 B 67 66 67.5144 66.5102 1.0s
286 67 66 71 A 67 66 67.9896 66.9856 B 67 66 67.9891 66.9849 1.0s
288 67 66 71 A 67 66 68.4643 67.4602 B 67 66 68.4637 67.4596 0.9s
290 67 66 71 A 67 66 68.939 67.935 B 67 66 68.9384 67.9343 1.1s
292 69 68 71 A 69 68 69.4136 68.4096 B 69 68 69.4131 68.4089 1.4s
294 69 68 73 A 69 68 69.8883 68.8843 B 69 68 69.8878 68.8837 1.6s
296 69 68 73 A 69 68 70.363 69.3589 B 69 68 70.3625 69.3583 1.3s
298 69 68 73 A 69 68 70.8377 69.8337 B 69 68 70.8372 69.833 1.1s
300 71 70 73 A 71 70 71.3123 70.3083 B 71 70 71.3118 70.3077 1.1s
302 71 70 75 A 71 70 71.787 70.783 B 71 70 71.7865 70.7824 1.2s
304 71 70 75 A 71 70 72.2617 71.2577 B 71 70 72.2612 71.257 1.2s
306 71 70 75 A 71 70 72.7364 71.7324 B 71 70 72.7359 71.7318 1.3s
308 73 72 75 A 73 72 73.211 72.207 B 73 72 73.2105 72.2064 1.1s
310 73 72 77 A 73 72 73.6857 72.6817 B 73 72 73.6853 72.6811 1.2s
312 73 72 77 A 73 72 74.1604 73.1564 B 73 72 74.1599 73.1558 1.1s
314 73 72 77 A 73 72 74.6351 73.6311 B 73 72 74.6346 73.6305 1.3s
316 75 74 77 A 75 74 75.1097 74.1057 B 75 74 75.1093 74.1051 1.1s
318 75 74 79 A 75 74 75.5844 74.5804 B 75 74 75.584 74.5799 1.1s
320 75 74 79 A 75 74 76.0591 75.0551 B 75 74 76.0586 75.0545 1.3s
322 75 74 79 A 75 74 76.5338 75.5298 B 75 74 76.5334 75.5292 1.0s
324 77 76 79 A 77 76 77.0085 76.0044 B 77 76 77.008 76.0039 1.0s
326 77 76 81 A 77 76 77.4832 76.4792 B 77 76 77.4827 76.4786 0.9s
328 77 76 81 A 77 76 77.9578 76.9538 B 77 76 77.9574 76.9532 0.8s
330 77 76 81 A 77 76 78.4325 77.4285 B 77 76 78.4321 77.428 0.8s
332 77 76 81 A 77 76 78.9072 77.9032 B 77 76 78.9067 77.9026 0.9s
334 79 78 83 A 79 78 79.3819 78.3779 B 79 78 79.3815 78.3773 0.8s
336 79 78 83 A 79 78 79.8565 78.8525 B 79 78 79.8561 78.852 0.7s
338 79 78 83 A 79 78 80.3313 79.3272 B 79 78 80.3308 79.3267 0.7s
340 79 78 83 A 79 78 80.8059 79.8019 B 79 78 80.8055 79.8013 0.8s
342 81 80 85 A 81 80 81.2806 80.2766 B 81 80 81.2802 80.2761 0.7s
344 81 80 85 A 81 80 81.7553 80.7513 B 81 80 81.7549 80.7507 0.7s
346 81 80 85 A 81 80 82.23 81.226 B 81 80 82.2296 81.2255 0.8s
348 81 80 85 A 81 80 82.7046 81.7006 B 81 80 82.7042 81.7001 0.9s
350 83 82 87 A 83 82 83.1794 82.1753 B 83 82 83.1789 82.1748 0.8s
352 83 82 87 A 83 82 83.654 82.65 B 83 82 83.6536 82.6495 0.9s
354 83 82 87 A 83 82 84.1287 83.1247 B 83 82 84.1283 83.1242 0.8s
356 83 82 87 A 83 82 84.6034 83.5994 B 83 82 84.603 83.5988 0.8s
358 85 84 89 A 85 84 85.0781 84.0741 B 85 84 85.0777 84.0736 0.9s
360 85 84 89 A 85 84 85.5527 84.5487 B 85 84 85.5523 84.5482 0.9s
362 85 84 89 A 85 84 86.0275 85.0234 B 85 84 86.0271 85.023 0.9s
364 85 84 89 A 85 84 86.5021 85.4981 B 85 84 86.5017 85.4976 0.9s
366 85 84 91 A 85 84 86.9768 85.9728 B 85 84 86.9764 85.9723 0.9s
368 87 86 91 A 87 86 87.4515 86.4475 B 87 86 87.4511 86.447 0.9s
370 87 86 91 A 87 86 87.9262 86.9222 B 87 86 87.9258 86.9217 1.1s
372 87 86 91 A 87 86 88.4009 87.3968 B 87 86 88.4005 87.3963 0.9s
374 87 86 93 A 87 86 88.8756 87.8716 B 87 86 88.8752 87.8711 0.9s
376 89 88 93 A 89 88 89.3502 88.3462 B 89 88 89.3498 88.3457 0.9s
378 89 88 93 A 89 88 89.8249 88.8209 B 89 88 89.8246 88.8205 0.9s
380 89 88 93 A 89 88 90.2996 89.2956 B 89 88 90.2992 89.2951 1.0s
382 89 88 95 A 89 88 90.7743 89.7703 B 89 88 90.7739 89.7698 0.9s
384 91 90 95 A 91 90 91.249 90.245 B 91 90 91.2486 90.2445 0.8s
386 91 90 95 A 91 90 91.7237 90.7197 B 91 90 91.7233 90.7192 0.9s
388 91 90 95 A 91 90 92.1983 91.1943 B 91 90 92.198 91.1939 0.8s
390 91 90 97 A 91 90 92.6731 91.6691 B 91 90 92.6727 91.6686 0.9s
392 93 92 97 A 93 92 93.1477 92.1437 B 93 92 93.1474 92.1432 0.9s
394 93 92 97 A 93 92 93.6224 92.6184 B 93 92 93.6221 92.618 1.0s
396 93 92 97 A 93 92 94.0971 93.0931 B 93 92 94.0967 93.0926 1.0s
398 93 92 99 A 93 92 94.5718 93.5678 B 93 92 94.5715 93.5674 1.0s
400 95 94 99 A 95 94 95.0465 94.0425 B 95 94 95.0461 94.042 0.9s
402 95 94 99 A 95 94 95.5212 94.5172 B 95 94 95.5208 94.5167 1.0s
404 95 94 99 A 95 94 95.9958 94.9918 B 95 94 95.9955 94.9914 1.1s
406 95 94 101 A 95 94 96.4706 95.4666 B 95 94 96.4702 95.4661 0.9s
408 95 94 101 A 95 94 96.9452 95.9412 B 95 94 96.9449 95.9408 1.0s
410 97 96 101 A 97 96 97.4199 96.4159 B 97 96 97.4196 96.4155 0.9s
412 97 96 101 A 97 96 97.8946 96.8906 B 97 96 97.8943 96.8901 0.9s
414 97 96 103 A 97 96 98.3693 97.3653 B 97 96 98.369 97.3649 1.1s
416 97 96 103 A 97 96 98.844 97.84 B 97 96 98.8436 97.8395 1.2s
418 99 98 103 A 99 98 99.3187 98.3147 B 99 98 99.3184 98.3143 1.1s
420 99 98 103 A 99 98 99.7934 98.7893 B 99 98 99.793 98.7889 1.0s
422 99 98 105 A 99 98 100.2681 99.2641 B 99 98 100.2678 99.2637 1.1s
424 99 98 105 A 99 98 100.7427 99.7387 B 99 98 100.7424 99.7383 1.1s
426 101 100 105 A 101 100 101.2175 100.2135 B 101 100 101.2171 100.213 1.1s
428 101 100 105 A 101 100 101.6921 100.6881 B 101 100 101.6918 100.6877 1.0s
430 101 100 107 A 101 100 102.1668 101.1628 B 101 100 102.1665 101.1624 1.2s
432 101 100 107 A 101 100 102.6415 101.6375 B 101 100 102.6412 101.6371 1.2s
434 103 102 107 A 103 102 103.1162 102.1122 B 103 102 103.1159 102.1118 1.2s
436 103 102 107 A 103 102 103.5909 102.5869 B 103 102 103.5906 102.5865 1.0s
438 103 102 109 A 103 102 104.0656 103.0616 B 103 102 104.0653 103.0612 1.3s
440 103 102 109 A 103 102 104.5403 103.5362 B 103 102 104.54 103.5358 1.3s
442 105 104 109 A 105 104 105.015 104.011 B 105 104 105.0147 104.0106 1.7s
444 105 104 109 A 105 104 105.4896 104.4856 B 105 104 105.4893 104.4852 1.4s
446 105 104 111 A 105 104 105.9644 104.9604 B 105 104 105.9641 104.96 1.3s
448 105 104 111 A 105 104 106.439 105.435 B 105 104 106.4387 105.4346 1.5s
450 105 104 111 A 105 104 106.9137 105.9097 B 105 104 106.9135 105.9094 1.3s
452 107 106 111 A 107 106 107.3884 106.3844 B 107 106 107.3881 106.384 1.0s
454 107 106 113 A 107 106 107.8631 106.8591 B 107 106 107.8628 106.8587 1.1s
456 107 106 113 A 107 106 108.3378 107.3338 B 107 106 108.3375 107.3334 1.3s
458 107 106 113 A 107 106 108.8125 107.8085 B 107 106 108.8122 107.8081 1.3s
460 109 108 113 A 109 108 109.2872 108.2832 B 109 108 109.2869 108.2828 1.1s
462 109 108 115 A 109 108 109.7619 108.7579 B 109 108 109.7616 108.7575 1.1s
464 109 108 115 A 109 108 110.2366 109.2325 B 109 108 110.2363 109.2322 1.1s
466 109 108 115 A 109 108 110.7113 109.7073 B 109 108 110.711 109.7069 1.2s
468 111 110 115 A 111 110 111.1859 110.1819 B 111 110 111.1857 110.1816 1.1s
470 111 110 117 A 111 110 111.6607 110.6567 B 111 110 111.6604 110.6563 1.1s
472 111 110 117 A 111 110 112.1353 111.1313 B 111 110 112.1351 111.1309 1.2s
474 111 110 117 A 111 110 112.6101 111.6061 B 111 110 112.6098 111.6057 1.3s
476 113 112 117 A 113 112 113.0847 112.0807 B 113 112 113.0844 112.0803 1.2s
478 113 112 119 A 113 112 113.5594 112.5554 B 113 112 113.5592 112.5551 1.2s
480 113 112 119 A 113 112 114.0341 113.0301 B 113 112 114.0338 113.0297 1.2s
482 113 112 119 A 113 112 114.5088 113.5048 B 113 112 114.5086 113.5045 1.1s
484 113 112 119 A 113 112 114.9835 113.9795 B 113 112 114.9832 113.9791 1.2s
486 115 114 121 A 115 114 115.4582 114.4542 B 115 114 115.458 114.4539 1.1s
488 115 114 121 A 115 114 115.9329 114.9289 B 115 114 115.9326 114.9285 1.2s
490 115 114 121 A 115 114 116.4076 115.4036 B 115 114 116.4073 115.4033 1.1s
492 115 114 121 A 115 114 116.8823 115.8783 B 115 114 116.882 115.8779 1.3s
494 117 116 123 A 117 116 117.357 116.353 B 117 116 117.3567 116.3526 1.2s
496 117 116 123 A 117 116 117.8317 116.8276 B 117 116 117.8314 116.8273 1.4s
498 117 116 123 A 117 116 118.3064 117.3024 B 117 116 118.3061 117.302 1.2s
500 117 116 123 A 117 116 118.781 117.777 B 117 116 118.7808 117.7767 1.1s
502 119 118 125 A 119 118 119.2558 118.2518 B 119 118 119.2555 118.2514 1.2s
504 119 118 125 A 119 118 119.7304 118.7264 B 119 118 119.7302 118.7261 1.1s
506 119 118 125 A 119 118 120.2052 119.2012 B 119 118 120.2049 119.2008 1.2s
508 119 118 125 A 119 118 120.6798 119.6758 B 119 118 120.6796 119.6755 1.3s
510 121 120 127 A 121 120 121.1546 120.1505 B 121 120 121.1543 120.1502 1.2s
512 121 120 127 A 121 120 121.6292 120.6252 B 121 120 121.629 120.6249 1.2s
514 121 120 127 A 121 120 122.1039 121.0999 B 121 120 122.1037 121.0996 1.5s
516 121 120 127 A 121 120 122.5786 121.5746 B 121 120 122.5784 121.5743 1.7s
518 123 122 129 A 123 122 123.0533 122.0493 B 123 122 123.0531 122.049 1.5s
520 123 122 129 A 123 122 123.528 122.524 B 123 122 123.5277 122.5237 1.8s
522 123 122 129 A 123 122 124.0027 122.9987 B 123 122 124.0025 122.9984 1.7s
524 123 122 129 A 123 122 124.4774 123.4734 B 123 122 124.4771 123.4731 1.8s
526 123 122 131 A 123 122 124.9521 123.9481 B 123 122 124.9519 123.9478 1.2s
528 125 124 131 A 125 124 125.4268 124.4228 B 125 124 125.4265 124.4224 1.3s
530 125 124 131 A 125 124 125.9015 124.8975 B 125 124 125.9013 124.8972 1.3s
532 125 124 131 A 125 124 126.3762 125.3722 B 125 124 126.3759 125.3718 1.1s
534 125 124 133 A 125 124 126.8509 125.8469 B 125 124 126.8507 125.8466 1.3s
536 127 126 133 A 127 126 127.3256 126.3216 B 127 126 127.3253 126.3212 1.3s
538 127 126 133 A 127 126 127.8003 126.7963 B 127 126 127.8001 126.796 1.2s
540 127 126 133 A 127 126 128.275 127.2709 B 127 126 128.2747 127.2706 1.4s
542 127 126 135 A 127 126 128.7497 127.7457 B 127 126 128.7495 127.7454 1.3s
544 129 128 135 A 129 128 129.2244 128.2203 B 129 128 129.2241 128.22 1.4s
546 129 128 135 A 129 128 129.6991 128.6951 B 129 128 129.6989 128.6948 1.3s
548 129 128 135 A 129 128 130.1737 129.1697 B 129 128 130.1735 129.1694 1.1s
550 129 128 137 A 129 128 130.6485 129.6445 B 129 128 130.6482 129.6442 0.9s
552 131 130 137 A 131 130 131.1231 130.1191 B 131 130 131.1229 130.1188 1.1s
554 131 130 137 A 131 130 131.5979 130.5939 B 131 130 131.5976 130.5936 0.9s
556 131 130 137 A 131 130 132.0725 131.0685 B 131 130 132.0723 131.0682 1.0s
558 131 130 139 A 131 130 132.5473 131.5433 B 131 130 132.547 131.543 1.0s
560 133 132 139 A 133 132 133.0219 132.0179 B 133 132 133.0217 132.0176 1.0s
562 133 132 139 A 133 132 133.4967 132.4927 B 133 132 133.4964 132.4924 1.1s
564 133 132 139 A 133 132 133.9713 132.9673 B 133 132 133.9711 132.967 1.2s
566 133 132 141 A 133 132 134.4461 133.442 B 133 132 134.4458 133.4418 1.1s
568 133 132 141 A 133 132 134.9207 133.9167 B 133 132 134.9205 133.9164 1.5s
570 135 134 141 A 135 134 135.3955 134.3914 B 135 134 135.3952 134.3912 1.7s
572 135 134 141 A 135 134 135.8701 134.8661 B 135 134 135.8699 134.8658 2.1s
574 135 134 143 A 135 134 136.3448 135.3408 B 135 134 136.3446 135.3406 1.5s
576 135 134 143 A 135 134 136.8195 135.8155 B 135 134 136.8193 135.8152 1.6s
578 137 136 143 A 137 136 137.2942 136.2902 B 137 136 137.294 136.29 1.5s
580 137 136 143 A 137 136 137.7689 136.7649 B 137 136 137.7687 136.7646 1.7s
582 137 136 145 A 137 136 138.2436 137.2396 B 137 136 138.2434 137.2394 1.4s
584 137 136 145 A 137 136 138.7183 137.7143 B 137 136 138.7181 137.714 1.5s
586 139 138 145 A 139 138 139.193 138.189 B 139 138 139.1928 138.1888 1.5s
588 139 138 145 A 139 138 139.6677 138.6637 B 139 138 139.6675 138.6634 1.6s
590 139 138 147 A 139 138 140.1424 139.1384 B 139 138 140.1422 139.1382 1.2s
592 139 138 147 A 139 138 140.6171 139.6131 B 139 138 140.6169 139.6128 1.3s
594 141 140 147 A 141 140 141.0918 140.0878 B 141 140 141.0916 140.0876 1.5s
596 141 140 147 A 141 140 141.5665 140.5625 B 141 140 141.5663 140.5622 1.7s
598 141 140 149 A 141 140 142.0412 141.0372 B 141 140 142.041 141.037 1.5s
600 141 140 149 A 141 140 142.5159 141.5119 B 141 140 142.5157 141.5116 2.0s
602 141 140 149 A 141 140 142.9906 141.9866 B 141 140 142.9904 141.9864 2.2s
604 143 142 149 A 143 142 143.4653 142.4613 B 143 142 143.4651 142.461 1.4s
606 143 142 151 A 143 142 143.94 142.936 B 143 142 143.9398 142.9358 1.5s
608 143 142 151 A 143 142 144.4147 143.4107 B 143 142 144.4145 143.4104 1.3s
610 143 142 151 A 143 142 144.8894 143.8854 B 143 142 144.8892 143.8852 0.9s
612 145 144 151 A 145 144 145.3641 144.3601 B 145 144 145.3639 144.3598 1.2s
614 145 144 153 A 145 144 145.8388 144.8348 B 145 144 145.8386 144.8346 1.7s
616 145 144 153 A 145 144 146.3135 145.3095 B 145 144 146.3133 145.3092 1.8s
618 145 144 153 A 145 144 146.7882 145.7842 B 145 144 146.788 145.784 1.6s
620 147 146 153 A 147 146 147.2629 146.2589 B 147 146 147.2627 146.2586 1.6s
622 147 146 155 A 147 146 147.7376 146.7336 B 147 146 147.7374 146.7334 1.7s
624 147 146 155 A 147 146 148.2123 147.2083 B 147 146 148.2121 147.208 1.6s
626 147 146 155 A 147 146 148.687 147.683 B 147 146 148.6868 147.6828 1.6s
628 149 148 155 A 149 148 149.1617 148.1577 B 149 148 149.1615 148.1574 1.7s
630 149 148 157 A 149 148 149.6364 148.6324 B 149 148 149.6362 148.6322 2.0s
632 149 148 157 A 149 148 150.1111 149.1071 B 149 148 150.1109 149.1068 1.9s
634 149 148 157 A 149 148 150.5858 149.5818 B 149 148 150.5856 149.5816 1.8s
636 151 150 157 A 151 150 151.0605 150.0565 B 151 150 151.0603 150.0562 1.7s
638 151 150 159 A 151 150 151.5352 150.5312 B 151 150 151.535 150.531 1.7s
640 151 150 159 A 151 150 152.0099 151.0059 B 151 150 152.0097 151.0056 1.6s
642 151 150 159 A 151 150 152.4846 151.4806 B 151 150 152.4844 151.4804 1.5s
644 151 150 159 A 151 150 152.9593 151.9553 B 151 150 152.9591 151.955 1.6s
646 153 152 161 A 153 152 153.434 152.43 B 153 152 153.4338 152.4298 1.7s
648 153 152 161 A 153 152 153.9087 152.9047 B 153 152 153.9085 152.9044 1.6s
650 153 152 161 A 153 152 154.3834 153.3794 B 153 152 154.3832 153.3792 1.6s
652 153 152 161 A 153 152 154.8581 153.8541 B 153 152 154.8579 153.8538 1.6s
654 155 154 163 A 155 154 155.3328 154.3288 B 155 154 155.3326 154.3286 1.6s
656 155 154 163 A 155 154 155.8075 154.8035 B 155 154 155.8073 154.8032 1.8s
658 155 154 163 A 155 154 156.2822 155.2782 B 155 154 156.282 155.278 1.5s
660 155 154 163 A 155 154 156.7569 155.7529 B 155 154 156.7567 155.7526 2.0s
662 157 156 165 A 157 156 157.2316 156.2276 B 157 156 157.2314 156.2274 2.0s
664 157 156 165 A 157 156 157.7063 156.7023 B 157 156 157.7061 156.702 1.5s
666 157 156 165 A 157 156 158.181 157.177 B 157 156 158.1809 157.1768 2.0s
668 157 156 165 A 157 156 158.6557 157.6517 B 157 156 158.6555 157.6514 1.5s
670 159 158 167 A 159 158 159.1304 158.1264 B 159 158 159.1303 158.1262 1.5s
672 159 158 167 A 159 158 159.6051 158.6011 B 159 158 159.6049 158.6008 1.7s
674 159 158 167 A 159 158 160.0798 159.0758 B 159 158 160.0797 159.0756 1.6s
676 159 158 167 A 159 158 160.5545 159.5505 B 159 158 160.5543 159.5503 1.8s
678 161 160 169 A 161 160 161.0292 160.0252 B 161 160 161.0291 160.025 1.4s
680 161 160 169 A 161 160 161.5039 160.4999 B 161 160 161.5037 160.4997 1.7s
682 161 160 169 A 161 160 161.9786 160.9746 B 161 160 161.9785 160.9744 1.7s
684 161 160 169 A 161 160 162.4533 161.4493 B 161 160 162.4531 161.4491 2.1s
686 161 160 171 A 161 160 162.928 161.924 B 161 160 162.9279 161.9238 2.4s
688 163 162 171 A 163 162 163.4027 162.3987 B 163 162 163.4025 162.3985 1.6s
690 163 162 171 A 163 162 163.8774 162.8734 B 163 162 163.8773 162.8732 1.4s
692 163 162 171 A 163 162 164.3521 163.3481 B 163 162 164.3519 163.3479 1.8s
694 163 162 173 A 163 162 164.8269 163.8228 B 163 162 164.8267 163.8226 1.7s
696 165 164 173 A 165 164 165.3015 164.2975 B 165 164 165.3014 164.2973 1.5s
698 165 164 173 A 165 164 165.7763 164.7723 B 165 164 165.7761 164.772 1.7s
700 165 164 173 A 165 164 166.2509 165.2469 B 165 164 166.2508 165.2467 1.6s
702 165 164 175 A 165 164 166.7257 165.7217 B 165 164 166.7255 165.7214 1.1s
704 167 166 175 A 167 166 167.2003 166.1963 B 167 166 167.2002 166.1961 1.3s
706 167 166 175 A 167 166 167.6751 166.6711 B 167 166 167.6749 166.6708 1.2s
708 167 166 175 A 167 166 168.1497 167.1457 B 167 166 168.1496 167.1455 1.2s
710 167 166 177 A 167 166 168.6245 167.6205 B 167 166 168.6243 167.6202 1.2s
712 169 168 177 A 169 168 169.0991 168.0951 B 169 168 169.099 168.0949 1.1s
714 169 168 177 A 169 168 169.5739 168.5699 B 169 168 169.5737 168.5697 1.0s
716 169 168 177 A 169 168 170.0485 169.0445 B 169 168 170.0484 169.0443 1.3s
718 169 168 179 A 169 168 170.5233 169.5193 B 169 168 170.5231 169.5191 1.3s
720 169 168 179 A 169 168 170.998 169.9939 B 169 168 170.9978 169.9937 1.1s
722 171 170 179 A 171 170 171.4727 170.4687 B 171 170 171.4725 170.4685 1.1s
724 171 170 179 A 171 170 171.9474 170.9433 B 171 170 171.9472 170.9431 1.1s
726 171 170 181 A 171 170 172.4221 171.4181 B 171 170 172.4219 171.4179 0.9s
728 171 170 181 A 171 170 172.8968 171.8928 B 171 170 172.8966 171.8925 1.2s
730 173 172 181 A 173 172 173.3715 172.3675 B 173 172 173.3713 172.3673 1.3s
732 173 172 181 A 173 172 173.8462 172.8422 B 173 172 173.846 172.8419 1.3s
734 173 172 183 A 173 172 174.3209 173.3169 B 173 172 174.3207 173.3167 1.2s
736 173 172 183 A 173 172 174.7956 173.7916 B 173 172 174.7954 173.7913 0.9s
738 175 174 183 A 175 174 175.2703 174.2663 B 175 174 175.2702 174.2661 1.0s
740 175 174 183 A 175 174 175.745 174.741 B 175 174 175.7448 174.7408 1.2s
742 175 174 185 A 175 174 176.2197 175.2157 B 175 174 176.2196 175.2155 1.1s
744 175 174 185 A 175 174 176.6944 175.6904 B 175 174 176.6942 175.6902 1.2s
746 177 176 185 A 177 176 177.1691 176.1651 B 177 176 177.169 176.1649 0.9s
748 177 176 185 A 177 176 177.6438 176.6398 B 177 176 177.6436 176.6396 1.0s
750 177 176 187 A 177 176 178.1185 177.1145 B 177 176 178.1184 177.1143 1.2s
752 177 176 187 A 177 176 178.5932 177.5892 B 177 176 178.593 177.589 1.0s
754 179 178 187 A 179 178 179.0679 178.0639 B 179 178 179.0678 178.0637 1.4s
756 179 178 187 A 179 178 179.5426 178.5386 B 179 178 179.5425 178.5384 1.2s
758 179 178 189 A 179 178 180.0173 179.0133 B 179 178 180.0172 179.0131 1.7s
760 179 178 189 A 179 178 180.492 179.488 B 179 178 180.4919 179.4878 1.5s
762 179 178 189 A 179 178 180.9668 179.9627 B 179 178 180.9666 179.9625 1.7s
764 181 180 189 A 181 180 181.4414 180.4374 B 181 180 181.4413 180.4372 1.6s
766 181 180 191 A 181 180 181.9162 180.9122 B 181 180 181.916 180.912 1.3s
768 181 180 191 A 181 180 182.3908 181.3868 B 181 180 182.3907 181.3866 1.3s
770 181 180 191 A 181 180 182.8656 181.8616 B 181 180 182.8654 181.8614 1.1s
772 183 182 191 A 183 182 183.3402 182.3362 B 183 182 183.3401 182.336 1.4s
774 183 182 193 A 183 182 183.815 182.811 B 183 182 183.8148 182.8108 1.2s
776 183 182 193 A 183 182 184.2896 183.2856 B 183 182 184.2895 183.2854 1.3s
778 183 182 193 A 183 182 184.7644 183.7604 B 183 182 184.7642 183.7602 1.5s
780 185 184 193 A 185 184 185.2391 184.235 B 185 184 185.2389 184.2348 1.1s
782 185 184 195 A 185 184 185.7138 184.7098 B 185 184 185.7136 184.7096 1.4s
784 185 184 195 A 185 184 186.1885 185.1844 B 185 184 186.1883 185.1842 1.3s
786 185 184 195 A 185 184 186.6632 185.6592 B 185 184 186.6631 185.659 1.3s
788 187 186 195 A 187 186 187.1379 186.1339 B 187 186 187.1377 186.1337 1.1s
790 187 186 197 A 187 186 187.6126 186.6086 B 187 186 187.6125 186.6084 1.0s
792 187 186 197 A 187 186 188.0873 187.0833 B 187 186 188.0871 187.0831 1.4s
794 187 186 197 A 187 186 188.562 187.558 B 187 186 188.5619 187.5578 1.1s
796 189 188 197 A 189 188 189.0367 188.0327 B 189 188 189.0365 188.0325 1.3s
798 189 188 199 A 189 188 189.5114 188.5074 B 189 188 189.5113 188.5072 1.1s
800 189 188 199 A 189 188 189.9861 188.9821 B 189 188 189.986 188.9819 1.0s
802 189 188 199 A 189 188 190.4608 189.4568 B 189 188 190.4607 189.4566 1.2s
804 189 188 199 A 189 188 190.9355 189.9315 B 189 188 190.9354 189.9313 1.4s
806 191 190 201 A 191 190 191.4102 190.4062 B 191 190 191.4101 190.406 1.1s
808 191 190 201 A 191 190 191.8849 190.8809 B 191 190 191.8848 190.8807 1.1s
810 191 190 201 A 191 190 192.3597 191.3556 B 191 190 192.3595 191.3555 1.3s
812 191 190 201 A 191 190 192.8343 191.8303 B 191 190 192.8342 191.8301 2.0s
814 193 192 203 A 193 192 193.3091 192.3051 B 193 192 193.3089 192.3049 1.0s
816 193 192 203 A 193 192 193.7837 192.7797 B 193 192 193.7836 192.7795 1.2s
818 193 192 203 A 193 192 194.2585 193.2545 B 193 192 194.2583 193.2543 1.3s
820 193 192 203 A 193 192 194.7331 193.7291 B 193 192 194.733 193.7289 1.3s
822 195 194 205 A 195 194 195.2079 194.2039 B 195 194 195.2077 194.2037 1.6s
824 195 194 205 A 195 194 195.6826 194.6785 B 195 194 195.6824 194.6784 1.6s
826 195 194 205 A 195 194 196.1573 195.1533 B 195 194 196.1572 195.1531 1.5s
828 195 194 205 A 195 194 196.632 195.628 B 195 194 196.6318 195.6278 1.4s
830 197 196 207 A 197 196 197.1067 196.1027 B 197 196 197.1066 196.1025 1.2s
832 197 196 207 A 197 196 197.5814 196.5774 B 197 196 197.5812 196.5772 1.3s
834 197 196 207 A 197 196 198.0561 197.0521 B 197 196 198.056 197.0519 1.0s
836 197 196 207 A 197 196 198.5308 197.5268 B 197 196 198.5306 197.5266 1.2s
838 199 198 209 A 199 198 199.0055 198.0015 B 199 198 199.0054 198.0013 1.2s
840 199 198 209 A 199 198 199.4802 198.4762 B 199 198 199.4801 198.476 1.4s
842 199 198 209 A 199 198 199.9549 198.9509 B 199 198 199.9548 198.9507 1.7s
844 199 198 209 A 199 198 200.4296 199.4256 B 199 198 200.4295 199.4254 1.7s
846 199 198 211 A 199 198 200.9043 199.9003 B 199 198 200.9042 199.9002 1.4s
848 201 200 211 A 201 200 201.379 200.375 B 201 200 201.3789 200.3748 1.6s
850 201 200 211 A 201 200 201.8538 200.8497 B 201 200 201.8536 200.8496 1.5s
852 201 200 211 A 201 200 202.3284 201.3244 B 201 200 202.3283 201.3242 1.2s
854 201 200 213 A 201 200 202.8032 201.7992 B 201 200 202.803 201.799 1.5s
856 203 202 213 A 203 202 203.2778 202.2738 B 203 202 203.2777 202.2736 2.2s
858 203 202 213 A 203 202 203.7526 202.7486 B 203 202 203.7524 202.7484 1.4s
860 203 202 213 A 203 202 204.2273 203.2232 B 203 202 204.2271 203.2231 1.1s
862 203 202 215 A 203 202 204.702 203.698 B 203 202 204.7019 203.6978 1.1s
864 205 204 215 A 205 204 205.1767 204.1726 B 205 204 205.1765 204.1725 1.4s
866 205 204 215 A 205 204 205.6514 204.6474 B 205 204 205.6513 204.6472 1.5s
868 205 204 215 A 205 204 206.1261 205.1221 B 205 204 206.1259 205.1219 1.3s
870 205 204 217 A 205 204 206.6008 205.5968 B 205 204 206.6007 205.5966 1.5s
872 207 206 217 A 207 206 207.0755 206.0715 B 207 206 207.0754 206.0713 1.6s
874 207 206 217 A 207 206 207.5502 206.5462 B 207 206 207.5501 206.546 1.6s
876 207 206 217 A 207 206 208.0249 207.0209 B 207 206 208.0248 207.0207 1.3s
878 207 206 219 A 207 206 208.4996 207.4956 B 207 206 208.4995 207.4955 1.6s
880 207 206 219 A 207 206 208.9743 207.9703 B 207 206 208.9742 207.9701 1.4s
882 209 208 219 A 209 208 209.449 208.445 B 209 208 209.4489 208.4449 1.4s
884 209 208 219 A 209 208 209.9237 208.9197 B 209 208 209.9236 208.9195 1.5s
886 209 208 221 A 209 208 210.3985 209.3945 B 209 208 210.3983 209.3943 1.7s
888 209 208 221 A 209 208 210.8731 209.8691 B 209 208 210.873 209.8689 1.5s
890 211 210 221 A 211 210 211.3479 210.3439 B 211 210 211.3477 210.3437 1.4s
892 211 210 221 A 211 210 211.8225 210.8185 B 211 210 211.8224 210.8184 1.2s
894 211 210 223 A 211 210 212.2973 211.2933 B 211 210 212.2972 211.2931 1.4s
896 211 210 223 A 211 210 212.772 211.7679 B 211 210 212.7718 211.7678 1.9s
898 213 212 223 A 213 212 213.2467 212.2427 B 213 212 213.2466 212.2425 1.4s
900 213 212 223 A 213 212 213.7214 212.7174 B 213 212 213.7212 212.7172 1.8s
902 213 212 225 A 213 212 214.1961 213.1921 B 213 212 214.196 213.1919 1.2s
904 213 212 225 A 213 212 214.6708 213.6668 B 213 212 214.6707 213.6666 1.7s
906 215 214 225 A 215 214 215.1455 214.1415 B 215 214 215.1454 214.1413 1.6s
908 215 214 225 A 215 214 215.6202 214.6162 B 215 214 215.6201 214.616 1.3s
910 215 214 227 A 215 214 216.0949 215.0909 B 215 214 216.0948 215.0908 1.7s
912 215 214 227 A 215 214 216.5696 215.5656 B 215 214 216.5695 215.5654 1.6s
914 217 216 227 A 217 216 217.0443 216.0403 B 217 216 217.0442 216.0402 1.2s
916 217 216 227 A 217 216 217.519 216.515 B 217 216 217.5189 216.5148 1.7s
918 217 216 229 A 217 216 217.9938 216.9898 B 217 216 217.9936 216.9896 1.5s
920 217 216 229 A 217 216 218.4684 217.4644 B 217 216 218.4683 217.4643 1.5s
922 217 216 229 A 217 216 218.9432 217.9392 B 217 216 218.9431 217.939 1.3s
924 219 218 229 A 219 218 219.4178 218.4138 B 219 218 219.4177 218.4137 1.6s
926 219 218 231 A 219 218 219.8926 218.8886 B 219 218 219.8925 218.8884 1.4s
928 219 218 231 A 219 218 220.3673 219.3632 B 219 218 220.3671 219.3631 1.4s
930 219 218 231 A 219 218 220.842 219.838 B 219 218 220.8419 219.8378 1.5s
932 221 220 231 A 221 220 221.3167 220.3127 B 221 220 221.3166 220.3125 1.5s
934 221 220 233 A 221 220 221.7914 220.7874 B 221 220 221.7913 220.7872 1.8s
936 221 220 233 A 221 220 222.2661 221.2621 B 221 220 222.266 221.2619 1.8s
938 221 220 233 A 221 220 222.7408 221.7368 B 221 220 222.7407 221.7367 1.4s
940 223 222 233 A 223 222 223.2155 222.2115 B 223 222 223.2154 222.2113 2.0s
942 223 222 235 A 223 222 223.6902 222.6862 B 223 222 223.6901 222.6861 1.6s
944 223 222 235 A 223 222 224.1649 223.1609 B 223 222 224.1648 223.1607 1.3s
946 223 222 235 A 223 222 224.6397 223.6356 B 223 222 224.6395 223.6355 1.7s
948 225 224 235 A 225 224 225.1143 224.1103 B 225 224 225.1142 224.1102 1.6s
950 225 224 237 A 225 224 225.5891 224.5851 B 225 224 225.589 224.5849 1.6s
952 225 224 237 A 225 224 226.0637 225.0597 B 225 224 226.0636 225.0596 1.4s
954 225 224 237 A 225 224 226.5385 225.5345 B 225 224 226.5384 225.5343 2.2s
956 227 226 237 A 227 226 227.0132 226.0091 B 227 226 227.013 226.009 2.0s
958 227 226 239 A 227 226 227.4879 226.4839 B 227 226 227.4878 226.4837 3.0s
960 227 226 239 A 227 226 227.9626 226.9586 B 227 226 227.9625 226.9584 3.4s
962 227 226 239 A 227 226 228.4373 227.4333 B 227 226 228.4372 227.4332 3.3s
964 227 226 239 A 227 226 228.912 227.908 B 227 226 228.9119 227.9078 3.6s
966 229 228 241 A 229 228 229.3867 228.3827 B 229 228 229.3866 228.3826 3.1s
968 229 228 241 A 229 228 229.8614 228.8574 B 229 228 229.8613 228.8572 3.2s
970 229 228 241 A 229 228 230.3361 229.3321 B 229 228 230.336 229.332 3.1s
972 229 228 241 A 229 228 230.8108 229.8068 B 229 228 230.8107 229.8066 2.7s
974 231 230 243 A 231 230 231.2856 230.2815 B 231 230 231.2854 230.2814 2.9s
976 231 230 243 A 231 230 231.7602 230.7562 B 231 230 231.7601 230.7561 2.8s
978 231 230 243 A 231 230 232.235 231.231 B 231 230 232.2349 231.2308 3.1s
980 231 230 243 A 231 230 232.7096 231.7056 B 231 230 232.7095 231.7055 3.1s
982 233 232 245 A 233 232 233.1844 232.1804 B 233 232 233.1843 232.1802 3.1s
984 233 232 245 A 233 232 233.6591 232.655 B 233 232 233.6589 232.6549 3.2s
986 233 232 245 A 233 232 234.1338 233.1298 B 233 232 234.1337 233.1296 3.2s
988 233 232 245 A 233 232 234.6085 233.6045 B 233 232 234.6084 233.6043 3.2s
990 235 234 247 A 235 234 235.0832 234.0792 B 235 234 235.0831 234.0791 3.2s
992 235 234 247 A 235 234 235.5579 234.5539 B 235 234 235.5578 234.5537 3.2s
994 235 234 247 A 235 234 236.0326 235.0286 B 235 234 236.0325 235.0285 2.6s
996 235 234 247 A 235 234 236.5073 235.5033 B 235 234 236.5072 235.5031 2.1s
998 235 234 249 A 235 234 236.982 235.978 B 235 234 236.9819 235.9779 2.7s
r 1000 block [500, 1] points 498 errors(odd,even) {'A': [0, 0], 'B': [0, 0], 'C': [0, 0]}
