3 1 0 1 A 1 0 1.5358 0.5348 B 1 0 1.5 0.5 0.3s
6 1 0 1 A 3 2 3.0247 2.0237 B 1 0 2.998 1.998 0.4s
9 3 2 3 A 3 2 4.5162 3.5152 B 3 2 4.4952 3.4946 0.5s
12 5 4 5 A 5 4 6.0057 5.0047 B 5 4 5.9897 4.9887 0.5s
15 7 6 7 A 7 6 7.4953 6.4943 B 7 6 7.4825 6.4812 0.5s
18 7 6 7 A 7 6 8.985 7.984 B 7 6 8.9743 7.973 0.5s
21 9 8 9 A 9 8 10.4747 9.4737 B 9 8 10.4656 9.4643 0.5s
24 11 10 11 A 11 10 11.9644 10.9635 B 11 10 11.9566 10.9552 0.5s
27 13 12 13 A 13 12 13.4542 12.4533 B 13 12 13.4473 12.4459 0.6s
30 13 12 13 A 13 12 14.944 13.9431 B 13 12 14.9378 13.9364 0.5s
33 15 14 15 A 15 14 16.4338 15.4329 B 15 14 16.4282 15.4269 0.4s
36 17 16 17 A 17 16 17.9237 16.9227 B 17 16 17.9185 16.9172 0.5s
39 19 18 19 A 19 18 19.4135 18.4125 B 19 18 19.4088 18.4075 0.5s
42 19 18 19 A 19 18 20.9034 19.9024 B 19 18 20.899 19.8977 0.6s
45 21 20 21 A 21 20 22.3932 21.3923 B 21 20 22.3892 21.3879 0.6s
48 23 22 23 A 23 22 23.8831 22.8821 B 23 22 23.8793 22.878 0.6s
51 25 24 25 A 25 24 25.373 24.372 B 25 24 25.3694 24.3682 0.8s
54 25 24 25 A 25 24 26.8628 25.8619 B 25 24 26.8595 25.8583 0.7s
57 27 26 27 A 27 26 28.3527 27.3517 B 27 26 28.3496 27.3484 0.6s
60 29 28 29 A 29 28 29.8426 28.8416 B 29 28 29.8396 28.8384 0.6s
63 31 30 31 A 31 30 31.3325 30.3315 B 31 30 31.3297 30.3285 0.7s
66 31 30 31 A 31 30 32.8224 31.8214 B 31 30 32.8197 31.8185 0.7s
69 33 32 33 A 33 32 34.3123 33.3113 B 33 32 34.3097 33.3085 0.7s
72 35 34 35 A 35 34 35.8022 34.8012 B 35 34 35.7997 34.7986 0.7s
75 37 36 37 A 37 36 37.2921 36.2911 B 37 36 37.2897 36.2886 0.7s
78 37 36 37 A 37 36 38.782 37.781 B 37 36 38.7797 37.7786 0.7s
81 39 38 39 A 39 38 40.2719 39.2709 B 39 38 40.2697 39.2686 0.8s
84 41 40 41 A 41 40 41.7618 40.7608 B 41 40 41.7597 40.7586 0.8s
87 43 42 43 A 43 42 43.2517 42.2507 B 43 42 43.2497 42.2486 0.8s
90 43 42 43 A 43 42 44.7416 43.7407 B 43 42 44.7397 43.7386 0.9s
93 45 44 45 A 45 44 46.2315 45.2306 B 45 44 46.2297 45.2286 0.9s
96 47 46 47 A 47 46 47.7215 46.7205 B 47 46 47.7197 46.7185 0.8s
99 49 48 49 A 49 48 49.2114 48.2104 B 49 48 49.2097 48.2085 0.8s
102 49 48 49 A 49 48 50.7013 49.7003 B 49 48 50.6996 49.6985 0.8s
105 51 50 51 A 51 50 52.1912 51.1902 B 51 50 52.1896 51.1885 0.8s
108 53 52 53 A 53 52 53.6811 52.6802 B 53 52 53.6796 52.6785 0.8s
111 55 54 55 A 55 54 55.1711 54.1701 B 55 54 55.1695 54.1684 0.8s
114 55 54 55 A 55 54 56.661 55.66 B 55 54 56.6595 55.6584 0.9s
117 57 56 57 A 57 56 58.1509 57.1499 B 57 56 58.1495 57.1484 0.8s
120 59 58 59 A 59 58 59.6408 58.6399 B 59 58 59.6395 58.6383 1.1s
123 61 60 61 A 61 60 61.1308 60.1298 B 61 60 61.1294 60.1283 0.9s
126 61 60 61 A 61 60 62.6207 61.6197 B 61 60 62.6194 61.6183 1.1s
129 63 62 63 A 63 62 64.1106 63.1096 B 63 62 64.1093 63.1082 0.9s
132 65 64 65 A 65 64 65.6006 64.5996 B 65 64 65.5993 64.5982 0.9s
135 67 66 67 A 67 66 67.0905 66.0895 B 67 66 67.0893 66.0882 0.9s
138 67 66 67 A 67 66 68.5804 67.5794 B 67 66 68.5792 67.5781 0.9s
141 69 68 69 A 69 68 70.0703 69.0694 B 69 68 70.0692 69.0681 1.0s
144 71 70 71 A 71 70 71.5603 70.5593 B 71 70 71.5592 70.5581 0.7s
147 73 72 73 A 73 72 73.0502 72.0492 B 73 72 73.0491 72.048 0.8s
150 73 72 73 A 73 72 74.5401 73.5392 B 73 72 74.5391 73.538 0.8s
153 75 74 75 A 75 74 76.0301 75.0291 B 75 74 76.029 75.0279 0.8s
156 77 76 77 A 77 76 77.52 76.519 B 77 76 77.519 76.5179 0.8s
159 79 78 79 A 79 78 79.01 78.009 B 79 78 79.009 78.0079 0.7s
162 79 78 79 A 79 78 80.4999 79.4989 B 79 78 80.4989 79.4978 0.9s
165 81 80 81 A 81 80 81.9898 80.9889 B 81 80 81.9889 80.9878 0.7s
168 83 82 83 A 83 82 83.4798 82.4788 B 83 82 83.4788 82.4777 0.8s
171 83 82 85 A 83 82 84.9697 83.9687 B 83 82 84.9688 83.9677 0.9s
174 85 84 85 A 85 84 86.4596 85.4587 B 85 84 86.4587 85.4576 0.8s
177 87 86 87 A 87 86 87.9496 86.9486 B 87 86 87.9487 86.9476 0.9s
180 89 88 89 A 89 88 89.4395 88.4386 B 89 88 89.4387 88.4376 0.9s
183 89 88 91 A 89 88 90.9295 89.9285 B 89 88 90.9286 89.9275 0.8s
186 91 90 91 A 91 90 92.4194 91.4184 B 91 90 92.4186 91.4175 0.8s
189 93 92 93 A 93 92 93.9093 92.9084 B 93 92 93.9085 92.9074 1.0s
192 95 94 95 A 95 94 95.3993 94.3983 B 95 94 95.3985 94.3974 1.2s
195 95 94 97 A 95 94 96.8892 95.8883 B 95 94 96.8884 95.8874 1.6s
198 97 96 97 A 97 96 98.3792 97.3782 B 97 96 98.3784 97.3773 1.4s
201 99 98 99 A 99 98 99.8691 98.8681 B 99 98 99.8683 98.8673 1.9s
204 101 100 101 A 101 100 101.3591 100.3581 B 101 100 101.3583 100.3572 1.4s
207 101 100 103 A 101 100 102.849 101.848 B 101 100 102.8483 101.8472 1.3s
210 103 102 103 A 103 102 104.3389 103.338 B 103 102 104.3382 103.3371 1.5s
213 105 104 105 A 105 104 105.8289 104.8279 B 105 104 105.8282 104.8271 1.4s
216 107 106 107 A 107 106 107.3188 106.3179 B 107 106 107.3181 106.3171 1.3s
219 107 106 109 A 107 106 108.8088 107.8078 B 107 106 108.8081 107.807 1.0s
222 109 108 109 A 109 108 110.2987 109.2978 B 109 108 110.298 109.297 0.9s
225 111 110 111 A 111 110 111.7887 110.7877 B 111 110 111.788 110.7869 1.1s
228 113 112 113 A 113 112 113.2786 112.2776 B 113 112 113.2779 112.2769 1.1s
231 113 112 115 A 113 112 114.7686 113.7676 B 113 112 114.7679 113.7668 1.0s
234 115 114 115 A 115 114 116.2585 115.2575 B 115 114 116.2579 115.2568 1.0s
237 117 116 117 A 117 116 117.7485 116.7475 B 117 116 117.7478 116.7467 1.1s
240 119 118 119 A 119 118 119.2384 118.2374 B 119 118 119.2378 118.2367 1.0s
243 119 118 121 A 119 118 120.7283 119.7274 B 119 118 120.7277 119.7267 1.1s
246 121 120 121 A 121 120 122.2183 121.2173 B 121 120 122.2177 121.2166 1.1s
249 123 122 123 A 123 122 123.7082 122.7073 B 123 122 123.7076 122.7066 1.1s
252 125 124 125 A 125 124 125.1982 124.1972 B 125 124 125.1976 124.1965 1.0s
255 125 124 127 A 125 124 126.6881 125.6872 B 125 124 126.6875 125.6865 1.1s
258 127 126 127 A 127 126 128.1781 127.1771 B 127 126 128.1775 127.1764 1.1s
261 129 128 129 A 129 128 129.668 128.6671 B 129 128 129.6675 128.6664 1.2s
264 131 130 131 A 131 130 131.158 130.157 B 131 130 131.1574 130.1564 1.1s
267 131 130 133 A 131 130 132.6479 131.647 B 131 130 132.6474 131.6463 1.5s
270 133 132 133 A 133 132 134.1379 133.1369 B 133 132 134.1373 133.1363 1.3s
273 135 134 135 A 135 134 135.6278 134.6269 B 135 134 135.6273 134.6262 1.3s
276 137 136 137 A 137 136 137.1178 136.1168 B 137 136 137.1172 136.1162 1.3s
279 137 136 139 A 137 136 138.6077 137.6068 B 137 136 138.6072 137.6061 1.1s
282 139 138 139 A 139 138 140.0977 139.0967 B 139 138 140.0971 139.0961 1.1s
285 141 140 141 A 141 140 141.5876 140.5867 B 141 140 141.5871 140.5861 1.1s
288 143 142 143 A 143 142 143.0776 142.0766 B 143 142 143.0771 142.076 1.2s
291 143 142 145 A 143 142 144.5675 143.5666 B 143 142 144.567 143.566 1.4s
294 145 144 145 A 145 144 146.0575 145.0565 B 145 144 146.057 145.0559 1.3s
297 147 146 147 A 147 146 147.5474 146.5465 B 147 146 147.5469 146.5459 1.3s
300 149 148 149 A 149 148 149.0374 148.0364 B 149 148 149.0369 148.0358 1.2s
303 149 148 151 A 149 148 150.5273 149.5264 B 149 148 150.5268 149.5258 1.2s
306 151 150 151 A 151 150 152.0173 151.0163 B 151 150 152.0168 151.0158 1.2s
309 153 152 153 A 153 152 153.5072 152.5063 B 153 152 153.5067 152.5057 1.2s
312 153 152 155 A 153 152 154.9972 153.9962 B 153 152 154.9967 153.9957 1.3s
315 155 154 157 A 155 154 156.4871 155.4862 B 155 154 156.4867 155.4856 1.3s
318 157 156 157 A 157 156 157.9771 156.9761 B 157 156 157.9766 156.9756 1.2s
321 159 158 159 A 159 158 159.467 158.4661 B 159 158 159.4666 158.4655 1.3s
324 159 158 161 A 159 158 160.957 159.956 B 159 158 160.9565 159.9555 1.4s
327 161 160 163 A 161 160 162.4469 161.446 B 161 160 162.4465 161.4454 1.3s
330 163 162 163 A 163 162 163.9369 162.9359 B 163 162 163.9364 162.9354 1.5s
333 165 164 165 A 165 164 165.4268 164.4259 B 165 164 165.4264 164.4254 1.5s
336 165 164 167 A 165 164 166.9168 165.9158 B 165 164 166.9164 165.9153 1.6s
339 167 166 169 A 167 166 168.4067 167.4058 B 167 166 168.4063 167.4053 1.3s
342 169 168 169 A 169 168 169.8967 168.8957 B 169 168 169.8963 168.8952 1.4s
345 171 170 171 A 171 170 171.3866 170.3857 B 171 170 171.3862 170.3852 1.5s
