3 1 0 1 A 1 0 0.3531 -0.6614 B 1 0 0.1933 -0.8072 0.4s
4 1 0 1 A 1 0 0.3637 -0.6509 B 1 0 0.2553 -0.7537 0.4s
5 1 0 1 A 1 0 0.3757 -0.6389 B 1 0 0.3036 -0.7146 0.3s
6 1 0 1 A 1 0 0.3887 -0.6259 B 1 0 0.3375 -0.6844 0.4s
7 1 0 1 A 1 0 0.4024 -0.6122 B 1 0 0.3638 -0.6591 0.4s
8 1 0 1 A 1 0 0.4165 -0.5981 B 1 0 0.3862 -0.6368 0.4s
9 1 0 1 A 1 0 0.431 -0.5836 B 1 0 0.4065 -0.6162 0.3s
10 1 0 1 A 1 0 0.4458 -0.5688 B 1 0 0.4254 -0.5968 0.4s
11 1 0 1 A 1 0 0.4608 -0.5537 B 1 0 0.4436 -0.5782 0.5s
12 1 0 1 A 1 0 0.4761 -0.5385 B 1 0 0.4612 -0.5601 0.4s
13 1 0 1 A 1 0 0.4915 -0.5231 B 1 0 0.4786 -0.5423 0.4s
14 1 0 1 A 1 0 0.507 -0.5076 B 1 0 0.4956 -0.5248 0.4s
15 1 0 1 A 1 0 0.5227 -0.4919 B 1 0 0.5126 -0.5075 0.4s
16 1 0 1 A 1 0 0.5384 -0.4761 B 1 0 0.5294 -0.4904 0.4s
17 1 0 1 A 1 0 0.5543 -0.4603 B 1 0 0.5461 -0.4733 0.4s
18 1 0 1 A 1 0 0.5702 -0.4444 B 1 0 0.5628 -0.4564 0.4s
19 1 0 1 A 1 0 0.5862 -0.4284 B 1 0 0.5795 -0.4395 0.5s
20 1 0 1 A 1 0 0.6023 -0.4123 B 1 0 0.5961 -0.4226 0.4s
21 1 0 1 A 1 0 0.6184 -0.3962 B 1 0 0.6127 -0.4058 0.4s
22 1 0 1 A 1 0 0.6346 -0.38 B 1 0 0.6294 -0.3889 0.8s
23 1 0 1 A 1 0 0.6508 -0.3637 B 1 0 0.646 -0.3722 0.6s
24 1 0 1 A 1 0 0.6671 -0.3475 B 1 0 0.6626 -0.3554 0.7s
25 1 0 1 A 1 0 0.6834 -0.3312 B 1 0 0.6792 -0.3386 0.6s
26 1 0 1 A 1 0 0.6998 -0.3148 B 1 0 0.6958 -0.3218 0.5s
27 1 0 1 A 1 0 0.7161 -0.2984 B 1 0 0.7125 -0.3051 0.5s
28 1 0 1 A 1 0 0.7326 -0.282 B 1 0 0.7291 -0.2883 0.4s
29 1 0 1 A 1 0 0.749 -0.2655 B 1 0 0.7458 -0.2715 0.5s
30 1 0 1 A 1 0 0.7655 -0.2491 B 1 0 0.7625 -0.2548 0.5s
31 1 0 1 A 1 0 0.782 -0.2326 B 1 0 0.7791 -0.238 0.5s
32 1 0 1 A 1 0 0.7985 -0.216 B 1 0 0.7958 -0.2212 0.6s
33 1 0 1 A 1 0 0.8151 -0.1995 B 1 0 0.8125 -0.2044 0.6s
34 1 0 1 A 1 0 0.8316 -0.1829 B 1 0 0.8292 -0.1876 0.6s
35 1 0 1 A 1 0 0.8482 -0.1663 B 1 0 0.8459 -0.1709 0.6s
36 1 0 1 A 1 0 0.8648 -0.1497 B 1 0 0.8627 -0.1541 0.5s
37 1 0 1 A 1 0 0.8815 -0.1331 B 1 0 0.8794 -0.1372 0.6s
38 1 0 1 A 1 0 0.8981 -0.1164 B 1 0 0.8961 -0.1204 0.6s
39 1 0 1 A 1 0 0.9148 -0.0998 B 1 0 0.9129 -0.1036 0.5s
40 1 0 1 A 1 0 0.9315 -0.0831 B 1 0 0.9297 -0.0868 0.6s
41 1 0 1 A 1 0 0.9482 -0.0664 B 1 0 0.9464 -0.07 0.5s
42 1 0 1 A 1 0 0.9649 -0.0497 B 1 0 0.9632 -0.0531 0.5s
43 1 0 1 A 1 0 0.9816 -0.033 B 1 0 0.98 -0.0363 0.5s
44 1 0 1 A 1 0 0.9983 -0.0162 B 1 0 0.9968 -0.0195 0.5s
45 1 0 1 A 1 0 1.0151 0.0005 B 1 0 1.0136 -0.0026 0.6s
46 1 0 1 A 1 0 1.0318 0.0173 B 1 0 1.0304 0.0143 0.5s
47 1 0 1 A 1 0 1.0486 0.034 B 1 0 1.0473 0.0311 0.5s
48 1 0 3 A 1 0 1.0654 0.0508 B 1 0 1.0641 0.048 0.7s
49 1 0 3 A 1 0 1.0822 0.0676 B 1 0 1.0809 0.0649 0.6s
50 1 0 3 A 1 0 1.099 0.0844 B 1 0 1.0978 0.0818 0.7s
51 1 0 3 A 1 0 1.1158 0.1012 B 1 0 1.1146 0.0986 0.6s
52 1 0 3 A 1 0 1.1326 0.118 B 1 0 1.1315 0.1155 0.6s
53 1 0 3 A 1 0 1.1494 0.1348 B 1 0 1.1484 0.1324 0.6s
54 1 0 3 A 1 0 1.1662 0.1517 B 1 0 1.1652 0.1493 0.6s
55 1 0 3 A 1 0 1.1831 0.1685 B 1 0 1.1821 0.1662 0.6s
56 1 0 3 A 1 0 1.1999 0.1854 B 1 0 1.199 0.1831 0.5s
57 1 0 3 A 1 0 1.2168 0.2022 B 1 0 1.2159 0.2001 0.6s
58 1 0 3 A 1 0 1.2337 0.2191 B 1 0 1.2328 0.217 0.6s
59 1 0 3 A 1 0 1.2505 0.236 B 1 0 1.2497 0.2339 0.7s
60 1 0 3 A 1 0 1.2674 0.2528 B 1 0 1.2666 0.2508 0.6s
61 1 0 3 A 1 0 1.2843 0.2697 B 1 0 1.2835 0.2678 0.7s
62 1 0 3 A 1 0 1.3012 0.2866 B 1 0 1.3004 0.2847 0.7s
63 1 0 3 A 1 0 1.3181 0.3035 B 1 0 1.3173 0.3017 0.6s
64 1 0 3 A 1 0 1.335 0.3204 B 1 0 1.3343 0.3186 0.8s
65 1 0 3 A 1 0 1.3519 0.3373 B 1 0 1.3512 0.3356 0.7s
66 1 0 3 A 1 0 1.3688 0.3542 B 1 0 1.3681 0.3525 0.7s
67 1 0 3 A 1 0 1.3857 0.3712 B 1 0 1.3851 0.3695 0.7s
68 1 0 3 A 1 0 1.4026 0.3881 B 1 0 1.402 0.3864 0.6s
69 1 0 3 A 1 0 1.4196 0.405 B 1 0 1.419 0.4034 0.7s
70 1 0 3 A 1 0 1.4365 0.4219 B 1 0 1.4359 0.4204 0.7s
71 1 0 3 A 1 0 1.4534 0.4389 B 1 0 1.4529 0.4374 0.6s
72 1 0 3 A 1 0 1.4704 0.4558 B 1 0 1.4698 0.4543 0.7s
73 1 0 3 A 1 0 1.4873 0.4728 B 1 0 1.4868 0.4713 0.6s
74 1 0 3 A 1 0 1.5043 0.4897 B 1 0 1.5038 0.4883 0.8s
75 1 0 3 A 1 0 1.5213 0.5067 B 1 0 1.5207 0.5053 0.6s
76 1 0 3 A 1 0 1.5382 0.5237 B 1 0 1.5377 0.5223 0.6s
77 1 0 3 A 1 0 1.5552 0.5406 B 1 0 1.5547 0.5393 0.6s
78 1 0 3 A 1 0 1.5721 0.5576 B 1 0 1.5717 0.5563 0.7s
79 1 0 5 A 1 0 1.5891 0.5746 B 1 0 1.5887 0.5733 0.8s
80 1 0 5 A 1 0 1.6061 0.5915 B 1 0 1.6057 0.5903 0.8s
81 1 0 5 A 1 0 1.6231 0.6085 B 1 0 1.6226 0.6073 0.8s
82 1 0 5 A 1 0 1.6401 0.6255 B 1 0 1.6396 0.6243 0.8s
83 1 0 5 A 1 0 1.6571 0.6425 B 1 0 1.6566 0.6413 1.0s
84 1 0 5 A 1 0 1.674 0.6595 B 1 0 1.6736 0.6583 0.8s
85 1 0 5 A 1 0 1.691 0.6765 B 1 0 1.6907 0.6753 0.8s
86 1 0 5 A 1 0 1.708 0.6935 B 1 0 1.7077 0.6923 0.8s
87 1 0 5 A 1 0 1.725 0.7105 B 1 0 1.7247 0.7094 0.9s
88 1 0 5 A 1 0 1.742 0.7275 B 1 0 1.7417 0.7264 0.8s
89 1 0 5 A 1 0 1.759 0.7445 B 1 0 1.7587 0.7434 1.0s
90 1 0 5 A 1 0 1.7761 0.7615 B 1 0 1.7757 0.7604 0.9s
91 1 0 5 A 1 0 1.7931 0.7785 B 1 0 1.7927 0.7775 1.0s
92 1 0 5 A 1 0 1.8101 0.7955 B 1 0 1.8098 0.7945 1.0s
93 1 0 5 A 1 0 1.8271 0.8125 B 1 0 1.8268 0.8116 0.9s
94 1 0 5 A 1 0 1.8441 0.8296 B 1 0 1.8438 0.8286 1.0s
95 1 0 5 A 1 0 1.8611 0.8466 B 1 0 1.8609 0.8456 0.9s
96 1 0 5 A 1 0 1.8782 0.8636 B 1 0 1.8779 0.8627 1.3s
97 1 0 5 A 1 0 1.8952 0.8806 B 1 0 1.8949 0.8797 1.1s
98 1 0 5 A 1 0 1.9122 0.8977 B 1 0 1.912 0.8968 1.0s
99 1 0 5 A 1 0 1.9293 0.9147 B 1 0 1.929 0.9138 0.9s
100 1 0 5 A 1 0 1.9463 0.9317 B 1 0 1.9461 0.9309 1.1s
101 1 0 5 A 1 0 1.9633 0.9488 B 1 0 1.9631 0.9479 0.9s
102 1 0 5 A 1 0 1.9804 0.9658 B 1 0 1.9801 0.965 1.0s
103 1 0 5 A 1 0 1.9974 0.9829 B 1 0 1.9972 0.982 0.9s
104 1 0 5 A 1 0 2.0145 0.9999 B 1 0 2.0142 0.9991 1.0s
105 1 0 5 A 1 0 2.0315 1.017 B 1 0 2.0313 1.0162 1.0s
106 1 0 5 A 1 0 2.0486 1.034 B 1 0 2.0484 1.0332 1.0s
107 1 0 5 A 1 0 2.0656 1.0511 B 1 0 2.0654 1.0503 1.0s
108 1 0 5 A 1 0 2.0827 1.0681 B 1 0 2.0825 1.0673 1.1s
109 1 0 5 A 1 0 2.0997 1.0852 B 1 0 2.0995 1.0844 1.0s
110 1 0 5 A 1 0 2.1168 1.1022 B 1 0 2.1166 1.1015 1.0s
111 1 0 7 A 1 0 2.1339 1.1193 B 1 0 2.1337 1.1186 1.1s
112 1 0 7 A 1 0 2.1509 1.1364 B 1 0 2.1507 1.1356 1.2s
113 1 0 7 A 1 0 2.168 1.1534 B 1 0 2.1678 1.1527 1.1s
114 1 0 7 A 1 0 2.185 1.1705 B 1 0 2.1849 1.1698 0.8s
115 1 0 7 A 1 0 2.2021 1.1876 B 1 0 2.2019 1.1869 0.9s
116 1 0 7 A 1 0 2.2192 1.2046 B 1 0 2.219 1.2039 0.9s
117 1 0 7 A 1 0 2.2363 1.2217 B 1 0 2.2361 1.221 0.9s
118 1 0 7 A 1 0 2.2533 1.2388 B 1 0 2.2532 1.2381 0.8s
119 1 0 7 A 1 0 2.2704 1.2558 B 1 0 2.2702 1.2552 0.6s
120 1 0 7 A 1 0 2.2875 1.2729 B 1 0 2.2873 1.2723 0.7s
121 1 0 7 A 1 0 2.3046 1.29 B 1 0 2.3044 1.2894 0.6s
122 1 0 7 A 1 0 2.3216 1.3071 B 1 0 2.3215 1.3064 0.6s
123 1 0 7 A 1 0 2.3387 1.3242 B 1 0 2.3386 1.3235 0.7s
124 1 0 7 A 1 0 2.3558 1.3412 B 1 0 2.3557 1.3406 0.7s
125 1 0 7 A 1 0 2.3729 1.3583 B 1 0 2.3727 1.3577 0.8s
126 1 0 7 A 1 0 2.39 1.3754 B 1 0 2.3898 1.3748 0.8s
127 1 0 7 A 1 0 2.407 1.3925 B 1 0 2.4069 1.3919 0.9s
128 1 0 7 A 1 0 2.4241 1.4096 B 1 0 2.424 1.409 0.8s
129 1 0 7 A 1 0 2.4412 1.4267 B 1 0 2.4411 1.4261 0.8s
130 1 0 7 A 1 0 2.4583 1.4438 B 1 0 2.4582 1.4432 0.8s
131 1 0 7 A 1 0 2.4754 1.4609 B 1 0 2.4753 1.4603 0.8s
132 1 0 7 A 1 0 2.4925 1.4779 B 1 0 2.4924 1.4774 0.9s
133 1 0 7 A 1 0 2.5096 1.495 B 1 0 2.5095 1.4945 0.9s
134 1 0 7 A 1 0 2.5267 1.5121 B 1 0 2.5266 1.5116 0.8s
135 1 0 7 A 1 0 2.5438 1.5292 B 1 0 2.5437 1.5287 0.9s
136 1 0 7 A 1 0 2.5609 1.5463 B 1 0 2.5608 1.5458 0.9s
137 1 0 7 A 1 0 2.578 1.5634 B 1 0 2.5779 1.5629 0.9s
138 1 0 7 A 1 0 2.5951 1.5805 B 1 0 2.595 1.58 0.9s
139 1 0 7 A 1 0 2.6122 1.5976 B 1 0 2.6121 1.5971 0.8s
140 1 0 7 A 1 0 2.6293 1.6147 B 1 0 2.6292 1.6142 0.7s
141 1 0 7 A 1 0 2.6464 1.6318 B 1 0 2.6463 1.6314 1.1s
142 1 0 7 A 1 0 2.6635 1.649 B 1 0 2.6634 1.6485 1.0s
143 1 0 9 A 1 0 2.6806 1.6661 B 1 0 2.6805 1.6656 1.0s
144 1 0 9 A 1 0 2.6977 1.6832 B 1 0 2.6976 1.6827 0.9s
145 1 0 9 A 1 0 2.7148 1.7003 B 1 0 2.7148 1.6998 1.1s
146 1 0 9 A 1 0 2.7319 1.7174 B 1 0 2.7319 1.7169 1.3s
147 1 0 9 A 1 0 2.7491 1.7345 B 1 0 2.749 1.734 1.7s
148 1 0 9 A 1 0 2.7662 1.7516 B 1 0 2.7661 1.7512 1.1s
149 1 0 9 A 1 0 2.7833 1.7687 B 1 0 2.7832 1.7683 1.1s
150 1 0 9 A 1 0 2.8004 1.7858 B 1 0 2.8003 1.7854 1.0s
151 1 0 9 A 1 0 2.8175 1.803 B 1 0 2.8175 1.8025 0.9s
152 1 0 9 A 1 0 2.8346 1.8201 B 1 0 2.8346 1.8196 0.9s
153 1 0 9 A 1 0 2.8518 1.8372 B 1 0 2.8517 1.8368 0.9s
154 1 0 9 A 1 0 2.8689 1.8543 B 1 0 2.8688 1.8539 0.9s
155 1 0 9 A 1 0 2.886 1.8714 B 1 0 2.8859 1.871 1.1s
156 1 0 9 A 1 0 2.9031 1.8886 B 1 0 2.9031 1.8881 1.1s
157 1 0 9 A 1 0 2.9202 1.9057 B 1 0 2.9202 1.9053 1.0s
158 1 0 9 A 1 0 2.9374 1.9228 B 1 0 2.9373 1.9224 1.0s
159 1 0 9 A 1 0 2.9545 1.9399 B 1 0 2.9544 1.9395 0.9s
160 1 0 9 A 1 0 2.9716 1.9571 B 1 0 2.9716 1.9567 1.1s
161 1 0 9 A 1 0 2.9887 1.9742 B 1 0 2.9887 1.9738 1.1s
162 3 0 9 A 3 0 3.0059 1.9913 B 3 0 3.0058 1.9909 1.1s
163 3 2 9 A 3 2 3.023 2.0084 B 3 2 3.0229 2.0081 1.0s
164 3 2 9 A 3 2 3.0401 2.0256 B 3 2 3.0401 2.0252 1.0s
165 3 2 9 A 3 2 3.0572 2.0427 B 3 2 3.0572 2.0423 0.9s
166 3 2 9 A 3 2 3.0744 2.0598 B 3 2 3.0743 2.0595 0.8s
167 3 2 9 A 3 2 3.0915 2.077 B 3 2 3.0915 2.0766 0.9s
168 3 2 9 A 3 2 3.1086 2.0941 B 3 2 3.1086 2.0937 0.9s
169 3 2 9 A 3 2 3.1258 2.1112 B 3 2 3.1257 2.1109 0.8s
170 3 2 9 A 3 2 3.1429 2.1284 B 3 2 3.1429 2.128 0.8s
171 3 2 9 A 3 2 3.16 2.1455 B 3 2 3.16 2.1451 0.8s
172 3 2 9 A 3 2 3.1772 2.1626 B 3 2 3.1772 2.1623 0.8s
173 3 2 9 A 3 2 3.1943 2.1798 B 3 2 3.1943 2.1794 0.7s
174 3 2 11 A 3 2 3.2115 2.1969 B 3 2 3.2114 2.1966 0.9s
175 3 2 11 A 3 2 3.2286 2.214 B 3 2 3.2286 2.2137 0.7s
176 3 2 11 A 3 2 3.2457 2.2312 B 3 2 3.2457 2.2308 0.8s
177 3 2 11 A 3 2 3.2629 2.2483 B 3 2 3.2628 2.248 0.9s
178 3 2 11 A 3 2 3.28 2.2654 B 3 2 3.28 2.2651 0.8s
179 3 2 11 A 3 2 3.2971 2.2826 B 3 2 3.2971 2.2823 1.0s
180 3 2 11 A 3 2 3.3143 2.2997 B 3 2 3.3143 2.2994 1.0s
181 3 2 11 A 3 2 3.3314 2.3169 B 3 2 3.3314 2.3166 0.8s
182 3 2 11 A 3 2 3.3486 2.334 B 3 2 3.3486 2.3337 0.8s
183 3 2 11 A 3 2 3.3657 2.3512 B 3 2 3.3657 2.3509 0.8s
184 3 2 11 A 3 2 3.3829 2.3683 B 3 2 3.3828 2.368 0.8s
185 3 2 11 A 3 2 3.4 2.3854 B 3 2 3.4 2.3852 0.8s
186 3 2 11 A 3 2 3.4172 2.4026 B 3 2 3.4171 2.4023 0.8s
187 3 2 11 A 3 2 3.4343 2.4197 B 3 2 3.4343 2.4194 0.9s
188 3 2 11 A 3 2 3.4514 2.4369 B 3 2 3.4514 2.4366 0.9s
189 3 2 11 A 3 2 3.4686 2.454 B 3 2 3.4686 2.4537 0.8s
190 3 2 11 A 3 2 3.4857 2.4712 B 3 2 3.4857 2.4709 0.8s
191 3 2 11 A 3 2 3.5029 2.4883 B 3 2 3.5029 2.4881 0.8s
192 3 2 11 A 3 2 3.52 2.5055 B 3 2 3.52 2.5052 1.0s
193 3 2 11 A 3 2 3.5372 2.5226 B 3 2 3.5372 2.5224 0.8s
194 3 2 11 A 3 2 3.5543 2.5398 B 3 2 3.5543 2.5395 0.8s
195 3 2 11 A 3 2 3.5715 2.5569 B 3 2 3.5715 2.5567 0.9s
196 3 2 11 A 3 2 3.5886 2.5741 B 3 2 3.5886 2.5738 1.0s
197 3 2 11 A 3 2 3.6058 2.5912 B 3 2 3.6058 2.591 0.8s
198 3 2 11 A 3 2 3.623 2.6084 B 3 2 3.623 2.6081 0.9s
199 3 2 11 A 3 2 3.6401 2.6255 B 3 2 3.6401 2.6253 1.0s
200 3 2 11 A 3 2 3.6573 2.6427 B 3 2 3.6573 2.6424 0.8s
201 3 2 11 A 3 2 3.6744 2.6599 B 3 2 3.6744 2.6596 0.8s
202 3 2 11 A 3 2 3.6916 2.677 B 3 2 3.6916 2.6768 1.0s
203 3 2 11 A 3 2 3.7087 2.6942 B 3 2 3.7087 2.6939 0.9s
204 3 2 11 A 3 2 3.7259 2.7113 B 3 2 3.7259 2.7111 1.0s
205 3 2 11 A 3 2 3.743 2.7285 B 3 2 3.743 2.7282 1.0s
206 3 2 13 A 3 2 3.7602 2.7456 B 3 2 3.7602 2.7454 0.9s
207 3 2 13 A 3 2 3.7774 2.7628 B 3 2 3.7774 2.7626 1.0s
208 3 2 13 A 3 2 3.7945 2.78 B 3 2 3.7945 2.7797 0.9s
209 3 2 13 A 3 2 3.8117 2.7971 B 3 2 3.8117 2.7969 1.0s
210 3 2 13 A 3 2 3.8288 2.8143 B 3 2 3.8288 2.814 0.9s
211 3 2 13 A 3 2 3.846 2.8314 B 3 2 3.846 2.8312 1.0s
212 3 2 13 A 3 2 3.8632 2.8486 B 3 2 3.8632 2.8484 1.1s
213 3 2 13 A 3 2 3.8803 2.8658 B 3 2 3.8803 2.8655 1.0s
214 3 2 13 A 3 2 3.8975 2.8829 B 3 2 3.8975 2.8827 1.1s
215 3 2 13 A 3 2 3.9146 2.9001 B 3 2 3.9147 2.8999 1.0s
216 3 2 13 A 3 2 3.9318 2.9173 B 3 2 3.9318 2.917 1.0s
217 3 2 13 A 3 2 3.949 2.9344 B 3 2 3.949 2.9342 0.9s
218 3 2 13 A 3 2 3.9661 2.9516 B 3 2 3.9662 2.9514 0.9s
219 3 2 13 A 3 2 3.9833 2.9687 B 3 2 3.9833 2.9685 1.1s
220 3 2 13 A 3 2 4.0005 2.9859 B 3 2 4.0005 2.9857 1.1s
221 3 2 13 A 3 2 4.0176 3.0031 B 3 2 4.0176 3.0029 1.0s
222 3 2 13 A 3 2 4.0348 3.0202 B 3 2 4.0348 3.02 0.7s
223 3 2 13 A 3 2 4.052 3.0374 B 3 2 4.052 3.0372 0.9s
224 3 2 13 A 3 2 4.0691 3.0546 B 3 2 4.0691 3.0544 1.0s
225 3 2 13 A 3 2 4.0863 3.0717 B 3 2 4.0863 3.0715 1.4s
226 3 2 13 A 3 2 4.1035 3.0889 B 3 2 4.1035 3.0887 1.4s
227 3 2 13 A 3 2 4.1206 3.1061 B 3 2 4.1207 3.1059 1.5s
228 3 2 13 A 3 2 4.1378 3.1232 B 3 2 4.1378 3.123 1.3s
229 3 2 13 A 3 2 4.155 3.1404 B 3 2 4.155 3.1402 1.2s
230 3 2 13 A 3 2 4.1721 3.1576 B 3 2 4.1722 3.1574 1.4s
231 3 2 13 A 3 2 4.1893 3.1748 B 3 2 4.1893 3.1746 1.3s
232 3 2 13 A 3 2 4.2065 3.1919 B 3 2 4.2065 3.1917 1.3s
233 3 2 13 A 3 2 4.2237 3.2091 B 3 2 4.2237 3.2089 1.1s
234 3 2 13 A 3 2 4.2408 3.2263 B 3 2 4.2409 3.2261 1.1s
235 3 2 13 A 3 2 4.258 3.2434 B 3 2 4.258 3.2433 1.1s
236 3 2 13 A 3 2 4.2752 3.2606 B 3 2 4.2752 3.2604 1.1s
237 3 2 15 A 3 2 4.2923 3.2778 B 3 2 4.2924 3.2776 1.0s
238 3 2 15 A 3 2 4.3095 3.295 B 3 2 4.3095 3.2948 0.8s
239 3 2 15 A 3 2 4.3267 3.3121 B 3 2 4.3267 3.312 1.2s
240 3 2 15 A 3 2 4.3439 3.3293 B 3 2 4.3439 3.3291 1.1s
241 3 2 15 A 3 2 4.361 3.3465 B 3 2 4.3611 3.3463 1.2s
242 3 2 15 A 3 2 4.3782 3.3637 B 3 2 4.3782 3.3635 1.2s
243 3 2 15 A 3 2 4.3954 3.3808 B 3 2 4.3954 3.3807 1.3s
244 3 2 15 A 3 2 4.4126 3.398 B 3 2 4.4126 3.3978 1.2s
245 3 2 15 A 3 2 4.4297 3.4152 B 3 2 4.4298 3.415 0.9s
246 3 2 15 A 3 2 4.4469 3.4324 B 3 2 4.4469 3.4322 0.9s
247 3 2 15 A 3 2 4.4641 3.4495 B 3 2 4.4641 3.4494 0.9s
248 3 2 15 A 3 2 4.4813 3.4667 B 3 2 4.4813 3.4665 1.1s
249 3 2 15 A 3 2 4.4985 3.4839 B 3 2 4.4985 3.4837 1.2s
250 3 2 15 A 3 2 4.5156 3.5011 B 3 2 4.5157 3.5009 1.0s
251 3 2 15 A 3 2 4.5328 3.5183 B 3 2 4.5328 3.5181 1.1s
252 3 2 15 A 3 2 4.55 3.5354 B 3 2 4.55 3.5353 1.1s
253 3 2 15 A 3 2 4.5672 3.5526 B 3 2 4.5672 3.5524 0.9s
254 3 2 15 A 3 2 4.5843 3.5698 B 3 2 4.5844 3.5696 1.0s
255 3 2 15 A 3 2 4.6015 3.587 B 3 2 4.6016 3.5868 1.0s
256 3 2 15 A 3 2 4.6187 3.6041 B 3 2 4.6187 3.604 1.2s
257 3 2 15 A 3 2 4.6359 3.6213 B 3 2 4.6359 3.6212 1.1s
258 3 2 15 A 3 2 4.6531 3.6385 B 3 2 4.6531 3.6384 1.1s
259 3 2 15 A 3 2 4.6703 3.6557 B 3 2 4.6703 3.6555 1.2s
260 3 2 15 A 3 2 4.6874 3.6729 B 3 2 4.6875 3.6727 1.1s
261 3 2 15 A 3 2 4.7046 3.6901 B 3 2 4.7046 3.6899 0.9s
262 3 2 15 A 3 2 4.7218 3.7072 B 3 2 4.7218 3.7071 1.2s
263 3 2 15 A 3 2 4.739 3.7244 B 3 2 4.739 3.7243 1.2s
264 3 2 15 A 3 2 4.7562 3.7416 B 3 2 4.7562 3.7415 1.1s
265 3 2 15 A 3 2 4.7733 3.7588 B 3 2 4.7734 3.7586 1.3s
266 3 2 15 A 3 2 4.7905 3.776 B 3 2 4.7906 3.7758 1.8s
267 3 2 15 A 3 2 4.8077 3.7932 B 3 2 4.8077 3.793 1.6s
268 3 2 15 A 3 2 4.8249 3.8103 B 3 2 4.8249 3.8102 1.5s
269 3 2 17 A 3 2 4.8421 3.8275 B 3 2 4.8421 3.8274 1.5s
270 3 2 17 A 3 2 4.8593 3.8447 B 3 2 4.8593 3.8446 1.5s
271 3 2 17 A 3 2 4.8765 3.8619 B 3 2 4.8765 3.8618 1.4s
272 3 2 17 A 3 2 4.8936 3.8791 B 3 2 4.8937 3.8789 1.3s
273 3 2 17 A 3 2 4.9108 3.8963 B 3 2 4.9109 3.8961 1.3s
274 3 2 17 A 3 2 4.928 3.9135 B 3 2 4.928 3.9133 1.3s
275 3 2 17 A 3 2 4.9452 3.9306 B 3 2 4.9452 3.9305 1.3s
276 3 2 17 A 3 2 4.9624 3.9478 B 3 2 4.9624 3.9477 1.1s
277 3 2 17 A 3 2 4.9796 3.965 B 3 2 4.9796 3.9649 1.3s
278 3 2 17 A 3 2 4.9968 3.9822 B 3 2 4.9968 3.9821 1.4s
279 5 4 17 A 5 2 5.0139 3.9994 B 5 2 5.014 3.9993 1.1s
280 5 4 17 A 5 4 5.0311 4.0166 B 5 4 5.0312 4.0164 1.1s
281 5 4 17 A 5 4 5.0483 4.0338 B 5 4 5.0484 4.0336 1.1s
282 5 4 17 A 5 4 5.0655 4.051 B 5 4 5.0656 4.0508 1.5s
283 5 4 17 A 5 4 5.0827 4.0681 B 5 4 5.0827 4.068 1.3s
284 5 4 17 A 5 4 5.0999 4.0853 B 5 4 5.0999 4.0852 1.1s
285 5 4 17 A 5 4 5.1171 4.1025 B 5 4 5.1171 4.1024 1.4s
286 5 4 17 A 5 4 5.1343 4.1197 B 5 4 5.1343 4.1196 0.9s
287 5 4 17 A 5 4 5.1515 4.1369 B 5 4 5.1515 4.1368 0.9s
288 5 4 17 A 5 4 5.1687 4.1541 B 5 4 5.1687 4.154 0.8s
289 5 4 17 A 5 4 5.1858 4.1713 B 5 4 5.1859 4.1712 0.8s
290 5 4 17 A 5 4 5.203 4.1885 B 5 4 5.2031 4.1884 1.2s
291 5 4 17 A 5 4 5.2202 4.2057 B 5 4 5.2203 4.2055 1.2s
292 5 4 17 A 5 4 5.2374 4.2229 B 5 4 5.2375 4.2227 1.5s
293 5 4 17 A 5 4 5.2546 4.2401 B 5 4 5.2546 4.2399 1.3s
294 5 4 17 A 5 4 5.2718 4.2572 B 5 4 5.2718 4.2571 1.3s
295 5 4 17 A 5 4 5.289 4.2744 B 5 4 5.289 4.2743 1.4s
296 5 4 17 A 5 4 5.3062 4.2916 B 5 4 5.3062 4.2915 1.7s
297 5 4 17 A 5 4 5.3234 4.3088 B 5 4 5.3234 4.3087 1.5s
298 5 4 17 A 5 4 5.3406 4.326 B 5 4 5.3406 4.3259 1.7s
299 5 4 17 A 5 4 5.3578 4.3432 B 5 4 5.3578 4.3431 1.3s
300 5 4 19 A 5 4 5.375 4.3604 B 5 4 5.375 4.3603 1.5s
301 5 4 19 A 5 4 5.3922 4.3776 B 5 4 5.3922 4.3775 1.4s
302 5 4 19 A 5 4 5.4093 4.3948 B 5 4 5.4094 4.3947 1.4s
303 5 4 19 A 5 4 5.4265 4.412 B 5 4 5.4266 4.4119 1.3s
304 5 4 19 A 5 4 5.4437 4.4292 B 5 4 5.4438 4.4291 1.4s
305 5 4 19 A 5 4 5.4609 4.4464 B 5 4 5.461 4.4463 1.4s
306 5 4 19 A 5 4 5.4781 4.4636 B 5 4 5.4782 4.4635 1.2s
307 5 4 19 A 5 4 5.4953 4.4808 B 5 4 5.4954 4.4807 1.3s
308 5 4 19 A 5 4 5.5125 4.498 B 5 4 5.5126 4.4979 1.3s
309 5 4 19 A 5 4 5.5297 4.5152 B 5 4 5.5298 4.5151 1.3s
310 5 4 19 A 5 4 5.5469 4.5324 B 5 4 5.547 4.5323 1.5s
311 5 4 19 A 5 4 5.5641 4.5495 B 5 4 5.5642 4.5494 1.8s
312 5 4 19 A 5 4 5.5813 4.5667 B 5 4 5.5813 4.5666 2.1s
313 5 4 19 A 5 4 5.5985 4.5839 B 5 4 5.5985 4.5838 1.7s
314 5 4 19 A 5 4 5.6157 4.6011 B 5 4 5.6157 4.601 1.3s
315 5 4 19 A 5 4 5.6329 4.6183 B 5 4 5.6329 4.6182 1.3s
316 5 4 19 A 5 4 5.6501 4.6355 B 5 4 5.6501 4.6354 1.2s
317 5 4 19 A 5 4 5.6673 4.6527 B 5 4 5.6673 4.6526 1.2s
318 5 4 19 A 5 4 5.6845 4.6699 B 5 4 5.6845 4.6698 1.8s
319 5 4 19 A 5 4 5.7017 4.6871 B 5 4 5.7017 4.687 1.5s
320 5 4 19 A 5 4 5.7189 4.7043 B 5 4 5.7189 4.7042 1.5s
321 5 4 19 A 5 4 5.7361 4.7215 B 5 4 5.7361 4.7214 1.8s
322 5 4 19 A 5 4 5.7533 4.7387 B 5 4 5.7533 4.7386 1.2s
323 5 4 19 A 5 4 5.7705 4.7559 B 5 4 5.7705 4.7558 1.3s
324 5 4 19 A 5 4 5.7877 4.7731 B 5 4 5.7877 4.773 1.6s
325 5 4 19 A 5 4 5.8049 4.7903 B 5 4 5.8049 4.7902 1.4s
326 5 4 19 A 5 4 5.8221 4.8075 B 5 4 5.8221 4.8074 1.5s
327 5 4 19 A 5 4 5.8393 4.8247 B 5 4 5.8393 4.8246 1.5s
328 5 4 19 A 5 4 5.8565 4.8419 B 5 4 5.8565 4.8418 1.2s
329 5 4 19 A 5 4 5.8737 4.8591 B 5 4 5.8737 4.859 1.5s
330 5 4 19 A 5 4 5.8909 4.8763 B 5 4 5.8909 4.8762 1.5s
331 5 4 19 A 5 4 5.9081 4.8935 B 5 4 5.9081 4.8934 1.5s
332 5 4 21 A 5 4 5.9253 4.9107 B 5 4 5.9253 4.9106 1.7s
333 5 4 21 A 5 4 5.9425 4.9279 B 5 4 5.9425 4.9278 1.4s
334 5 4 21 A 5 4 5.9597 4.9451 B 5 4 5.9597 4.945 1.4s
335 5 4 21 A 5 4 5.9769 4.9623 B 5 4 5.9769 4.9623 1.5s
336 5 4 21 A 5 4 5.9941 4.9795 B 5 4 5.9941 4.9795 1.5s
337 5 4 21 A 5 4 6.0113 4.9967 B 5 4 6.0113 4.9967 1.6s
338 5 4 21 A 5 4 6.0285 5.0139 B 5 4 6.0285 5.0139 1.8s
339 5 4 21 A 5 4 6.0457 5.0311 B 5 4 6.0458 5.0311 1.7s
340 5 4 21 A 5 4 6.0629 5.0483 B 5 4 6.063 5.0483 1.7s
341 5 4 21 A 5 4 6.0801 5.0656 B 5 4 6.0802 5.0655 1.4s
342 5 4 21 A 5 4 6.0973 5.0828 B 5 4 6.0974 5.0827 1.5s
343 5 4 21 A 5 4 6.1145 5.1 B 5 4 6.1146 5.0999 1.4s
344 5 4 21 A 5 4 6.1317 5.1172 B 5 4 6.1318 5.1171 1.6s
345 5 4 21 A 5 4 6.1489 5.1344 B 5 4 6.149 5.1343 1.6s
346 5 4 21 A 5 4 6.1661 5.1516 B 5 4 6.1662 5.1515 1.3s
347 5 4 21 A 5 4 6.1833 5.1688 B 5 4 6.1834 5.1687 1.4s
348 5 4 21 A 5 4 6.2005 5.186 B 5 4 6.2006 5.1859 2.3s
349 5 4 21 A 5 4 6.2177 5.2032 B 5 4 6.2178 5.2031 1.8s
350 5 4 21 A 5 4 6.2349 5.2204 B 5 4 6.235 5.2203 1.7s
351 5 4 21 A 5 4 6.2522 5.2376 B 5 4 6.2522 5.2375 2.0s
352 5 4 21 A 5 4 6.2694 5.2548 B 5 4 6.2694 5.2547 2.3s
353 5 4 21 A 5 4 6.2866 5.272 B 5 4 6.2866 5.2719 1.7s
354 5 4 21 A 5 4 6.3038 5.2892 B 5 4 6.3038 5.2891 2.1s
355 5 4 21 A 5 4 6.321 5.3064 B 5 4 6.321 5.3063 2.4s
356 5 4 21 A 5 4 6.3382 5.3236 B 5 4 6.3382 5.3236 1.9s
357 5 4 21 A 5 4 6.3554 5.3408 B 5 4 6.3554 5.3408 1.4s
358 5 4 21 A 5 4 6.3726 5.358 B 5 4 6.3726 5.358 1.5s
359 5 4 21 A 5 4 6.3898 5.3752 B 5 4 6.3898 5.3752 1.6s
360 5 4 21 A 5 4 6.407 5.3924 B 5 4 6.4071 5.3924 1.7s
361 5 4 21 A 5 4 6.4242 5.4097 B 5 4 6.4243 5.4096 1.2s
362 5 4 21 A 5 4 6.4414 5.4269 B 5 4 6.4415 5.4268 1.4s
363 5 4 21 A 5 4 6.4586 5.4441 B 5 4 6.4587 5.444 1.4s
364 5 4 23 A 5 4 6.4758 5.4613 B 5 4 6.4759 5.4612 1.1s
365 5 4 23 A 5 4 6.493 5.4785 B 5 4 6.4931 5.4784 1.6s
366 5 4 23 A 5 4 6.5103 5.4957 B 5 4 6.5103 5.4956 1.1s
367 5 4 23 A 5 4 6.5275 5.5129 B 5 4 6.5275 5.5128 1.0s
368 5 4 23 A 5 4 6.5447 5.5301 B 5 4 6.5447 5.53 1.0s
369 5 4 23 A 5 4 6.5619 5.5473 B 5 4 6.5619 5.5473 0.9s
370 5 4 23 A 5 4 6.5791 5.5645 B 5 4 6.5791 5.5645 1.2s
371 5 4 23 A 5 4 6.5963 5.5817 B 5 4 6.5963 5.5817 1.5s
372 5 4 23 A 5 4 6.6135 5.5989 B 5 4 6.6136 5.5989 1.2s
373 5 4 23 A 5 4 6.6307 5.6162 B 5 4 6.6308 5.6161 1.1s
374 5 4 23 A 5 4 6.6479 5.6334 B 5 4 6.648 5.6333 1.5s
375 5 4 23 A 5 4 6.6651 5.6506 B 5 4 6.6652 5.6505 1.0s
376 5 4 23 A 5 4 6.6823 5.6678 B 5 4 6.6824 5.6677 0.9s
377 5 4 23 A 5 4 6.6996 5.685 B 5 4 6.6996 5.6849 1.0s
378 5 4 23 A 5 4 6.7168 5.7022 B 5 4 6.7168 5.7021 1.0s
379 5 4 23 A 5 4 6.734 5.7194 B 5 4 6.734 5.7194 1.0s
380 5 4 23 A 5 4 6.7512 5.7366 B 5 4 6.7512 5.7366 1.2s
381 5 4 23 A 5 4 6.7684 5.7538 B 5 4 6.7684 5.7538 1.0s
382 5 4 23 A 5 4 6.7856 5.771 B 5 4 6.7857 5.771 0.9s
383 5 4 23 A 5 4 6.8028 5.7883 B 5 4 6.8029 5.7882 0.8s
384 5 4 23 A 5 4 6.82 5.8055 B 5 4 6.8201 5.8054 1.0s
385 5 4 23 A 5 4 6.8372 5.8227 B 5 4 6.8373 5.8226 1.2s
386 5 4 23 A 5 4 6.8544 5.8399 B 5 4 6.8545 5.8398 1.3s
387 5 4 23 A 5 4 6.8717 5.8571 B 5 4 6.8717 5.857 1.2s
388 5 4 23 A 5 4 6.8889 5.8743 B 5 4 6.8889 5.8743 1.5s
389 5 4 23 A 5 4 6.9061 5.8915 B 5 4 6.9061 5.8915 1.2s
390 5 4 23 A 5 4 6.9233 5.9087 B 5 4 6.9233 5.9087 1.1s
391 5 4 23 A 5 4 6.9405 5.9259 B 5 4 6.9406 5.9259 1.1s
392 5 4 23 A 5 4 6.9577 5.9432 B 5 4 6.9578 5.9431 1.2s
393 5 4 23 A 5 4 6.9749 5.9604 B 5 4 6.975 5.9603 1.6s
394 5 4 23 A 5 4 6.9921 5.9776 B 5 4 6.9922 5.9775 1.5s
395 7 4 25 A 7 4 7.0094 5.9948 B 7 4 7.0094 5.9947 1.7s
396 7 6 25 A 7 6 7.0266 6.012 B 7 6 7.0266 6.012 1.4s
397 7 6 25 A 7 6 7.0438 6.0292 B 7 6 7.0438 6.0292 0.8s
398 7 6 25 A 7 6 7.061 6.0464 B 7 6 7.061 6.0464 1.0s
399 7 6 25 A 7 6 7.0782 6.0636 B 7 6 7.0783 6.0636 1.3s
400 7 6 25 A 7 6 7.0954 6.0809 B 7 6 7.0955 6.0808 1.0s
401 7 6 25 A 7 6 7.1126 6.0981 B 7 6 7.1127 6.098 1.2s
402 7 6 25 A 7 6 7.1298 6.1153 B 7 6 7.1299 6.1152 1.3s
403 7 6 25 A 7 6 7.1471 6.1325 B 7 6 7.1471 6.1325 1.1s
404 7 6 25 A 7 6 7.1643 6.1497 B 7 6 7.1643 6.1497 1.8s
405 7 6 25 A 7 6 7.1815 6.1669 B 7 6 7.1815 6.1669 1.2s
406 7 6 25 A 7 6 7.1987 6.1841 B 7 6 7.1988 6.1841 1.4s
407 7 6 25 A 7 6 7.2159 6.2014 B 7 6 7.216 6.2013 1.0s
408 7 6 25 A 7 6 7.2331 6.2186 B 7 6 7.2332 6.2185 1.4s
409 7 6 25 A 7 6 7.2503 6.2358 B 7 6 7.2504 6.2357 0.9s
410 7 6 25 A 7 6 7.2676 6.253 B 7 6 7.2676 6.253 1.4s
411 7 6 25 A 7 6 7.2848 6.2702 B 7 6 7.2848 6.2702 1.1s
412 7 6 25 A 7 6 7.302 6.2874 B 7 6 7.302 6.2874 1.3s
413 7 6 25 A 7 6 7.3192 6.3046 B 7 6 7.3193 6.3046 1.2s
414 7 6 25 A 7 6 7.3364 6.3219 B 7 6 7.3365 6.3218 1.3s
415 7 6 25 A 7 6 7.3536 6.3391 B 7 6 7.3537 6.339 1.4s
416 7 6 25 A 7 6 7.3709 6.3563 B 7 6 7.3709 6.3562 1.0s
417 7 6 25 A 7 6 7.3881 6.3735 B 7 6 7.3881 6.3735 1.1s
418 7 6 25 A 7 6 7.4053 6.3907 B 7 6 7.4053 6.3907 1.3s
419 7 6 25 A 7 6 7.4225 6.4079 B 7 6 7.4226 6.4079 1.1s
420 7 6 25 A 7 6 7.4397 6.4252 B 7 6 7.4398 6.4251 1.1s
421 7 6 25 A 7 6 7.4569 6.4424 B 7 6 7.457 6.4423 1.4s
422 7 6 25 A 7 6 7.4742 6.4596 B 7 6 7.4742 6.4595 1.4s
423 7 6 25 A 7 6 7.4914 6.4768 B 7 6 7.4914 6.4768 1.2s
424 7 6 25 A 7 6 7.5086 6.494 B 7 6 7.5086 6.494 1.5s
425 7 6 25 A 7 6 7.5258 6.5112 B 7 6 7.5259 6.5112 1.1s
426 7 6 25 A 7 6 7.543 6.5285 B 7 6 7.5431 6.5284 1.2s
427 7 6 27 A 7 6 7.5602 6.5457 B 7 6 7.5603 6.5456 1.0s
428 7 6 27 A 7 6 7.5775 6.5629 B 7 6 7.5775 6.5628 1.6s
429 7 6 27 A 7 6 7.5947 6.5801 B 7 6 7.5947 6.5801 1.2s
430 7 6 27 A 7 6 7.6119 6.5973 B 7 6 7.6119 6.5973 1.3s
431 7 6 27 A 7 6 7.6291 6.6145 B 7 6 7.6292 6.6145 1.4s
432 7 6 27 A 7 6 7.6463 6.6318 B 7 6 7.6464 6.6317 1.5s
433 7 6 27 A 7 6 7.6635 6.649 B 7 6 7.6636 6.6489 1.2s
434 7 6 27 A 7 6 7.6808 6.6662 B 7 6 7.6808 6.6662 1.4s
435 7 6 27 A 7 6 7.698 6.6834 B 7 6 7.698 6.6834 1.5s
436 7 6 27 A 7 6 7.7152 6.7006 B 7 6 7.7152 6.7006 1.3s
437 7 6 27 A 7 6 7.7324 6.7179 B 7 6 7.7325 6.7178 1.6s
438 7 6 27 A 7 6 7.7496 6.7351 B 7 6 7.7497 6.735 1.6s
439 7 6 27 A 7 6 7.7669 6.7523 B 7 6 7.7669 6.7523 1.3s
440 7 6 27 A 7 6 7.7841 6.7695 B 7 6 7.7841 6.7695 1.6s
441 7 6 27 A 7 6 7.8013 6.7867 B 7 6 7.8013 6.7867 1.3s
442 7 6 27 A 7 6 7.8185 6.8039 B 7 6 7.8186 6.8039 1.9s
443 7 6 27 A 7 6 7.8357 6.8212 B 7 6 7.8358 6.8211 1.8s
444 7 6 27 A 7 6 7.8529 6.8384 B 7 6 7.853 6.8383 1.2s
445 7 6 27 A 7 6 7.8702 6.8556 B 7 6 7.8702 6.8556 1.3s
446 7 6 27 A 7 6 7.8874 6.8728 B 7 6 7.8874 6.8728 1.3s
447 7 6 27 A 7 6 7.9046 6.89 B 7 6 7.9047 6.89 1.6s
448 7 6 27 A 7 6 7.9218 6.9073 B 7 6 7.9219 6.9072 1.5s
449 7 6 27 A 7 6 7.939 6.9245 B 7 6 7.9391 6.9244 1.1s
450 7 6 27 A 7 6 7.9563 6.9417 B 7 6 7.9563 6.9417 1.2s
451 7 6 27 A 7 6 7.9735 6.9589 B 7 6 7.9735 6.9589 1.3s
452 7 6 27 A 7 6 7.9907 6.9761 B 7 6 7.9908 6.9761 1.3s
453 7 6 27 A 7 6 8.0079 6.9934 B 7 6 8.008 6.9933 1.6s
454 7 6 27 A 7 6 8.0251 7.0106 B 7 6 8.0252 7.0105 1.2s
455 7 6 27 A 7 6 8.0424 7.0278 B 7 6 8.0424 7.0278 1.3s
456 7 6 27 A 7 6 8.0596 7.045 B 7 6 8.0596 7.045 1.4s
457 7 6 27 A 7 6 8.0768 7.0622 B 7 6 8.0769 7.0622 1.3s
458 7 6 29 A 7 6 8.094 7.0795 B 7 6 8.0941 7.0794 1.2s
459 7 6 29 A 7 6 8.1112 7.0967 B 7 6 8.1113 7.0967 1.6s
460 7 6 29 A 7 6 8.1285 7.1139 B 7 6 8.1285 7.1139 1.5s
461 7 6 29 A 7 6 8.1457 7.1311 B 7 6 8.1457 7.1311 1.6s
462 7 6 29 A 7 6 8.1629 7.1484 B 7 6 8.163 7.1483 1.6s
463 7 6 29 A 7 6 8.1801 7.1656 B 7 6 8.1802 7.1655 1.6s
464 7 6 29 A 7 6 8.1974 7.1828 B 7 6 8.1974 7.1828 1.8s
465 7 6 29 A 7 6 8.2146 7.2 B 7 6 8.2146 7.2 1.6s
466 7 6 29 A 7 6 8.2318 7.2172 B 7 6 8.2318 7.2172 1.5s
467 7 6 29 A 7 6 8.249 7.2345 B 7 6 8.2491 7.2344 1.5s
468 7 6 29 A 7 6 8.2662 7.2517 B 7 6 8.2663 7.2516 1.4s
469 7 6 29 A 7 6 8.2835 7.2689 B 7 6 8.2835 7.2689 1.4s
470 7 6 29 A 7 6 8.3007 7.2861 B 7 6 8.3007 7.2861 1.3s
471 7 6 29 A 7 6 8.3179 7.3033 B 7 6 8.318 7.3033 1.0s
472 7 6 29 A 7 6 8.3351 7.3206 B 7 6 8.3352 7.3205 1.4s
473 7 6 29 A 7 6 8.3524 7.3378 B 7 6 8.3524 7.3378 1.4s
474 7 6 29 A 7 6 8.3696 7.355 B 7 6 8.3696 7.355 1.6s
475 7 6 29 A 7 6 8.3868 7.3722 B 7 6 8.3868 7.3722 1.4s
476 7 6 29 A 7 6 8.404 7.3895 B 7 6 8.4041 7.3894 1.4s
477 7 6 29 A 7 6 8.4212 7.4067 B 7 6 8.4213 7.4067 1.4s
478 7 6 29 A 7 6 8.4385 7.4239 B 7 6 8.4385 7.4239 1.5s
479 7 6 29 A 7 6 8.4557 7.4411 B 7 6 8.4557 7.4411 1.4s
480 7 6 29 A 7 6 8.4729 7.4584 B 7 6 8.473 7.4583 1.7s
481 7 6 29 A 7 6 8.4901 7.4756 B 7 6 8.4902 7.4755 1.4s
482 7 6 29 A 7 6 8.5074 7.4928 B 7 6 8.5074 7.4928 1.4s
483 7 6 29 A 7 6 8.5246 7.51 B 7 6 8.5246 7.51 1.5s
484 7 6 29 A 7 6 8.5418 7.5272 B 7 6 8.5419 7.5272 1.9s
485 7 6 29 A 7 6 8.559 7.5445 B 7 6 8.5591 7.5444 1.6s
486 7 6 29 A 7 6 8.5763 7.5617 B 7 6 8.5763 7.5617 1.8s
487 7 6 29 A 7 6 8.5935 7.5789 B 7 6 8.5935 7.5789 1.5s
488 7 6 29 A 7 6 8.6107 7.5961 B 7 6 8.6107 7.5961 1.4s
489 7 6 29 A 7 6 8.6279 7.6134 B 7 6 8.628 7.6133 1.7s
490 7 6 31 A 7 6 8.6451 7.6306 B 7 6 8.6452 7.6306 1.5s
491 7 6 31 A 7 6 8.6624 7.6478 B 7 6 8.6624 7.6478 1.2s
492 7 6 31 A 7 6 8.6796 7.665 B 7 6 8.6796 7.665 1.5s
493 7 6 31 A 7 6 8.6968 7.6823 B 7 6 8.6969 7.6822 2.0s
494 7 6 31 A 7 6 8.714 7.6995 B 7 6 8.7141 7.6995 2.2s
495 7 6 31 A 7 6 8.7313 7.7167 B 7 6 8.7313 7.7167 2.4s
496 7 6 31 A 7 6 8.7485 7.7339 B 7 6 8.7485 7.7339 2.9s
497 7 6 31 A 7 6 8.7657 7.7512 B 7 6 8.7658 7.7511 2.9s
498 7 6 31 A 7 6 8.7829 7.7684 B 7 6 8.783 7.7684 3.3s
499 7 6 31 A 7 6 8.8002 7.7856 B 7 6 8.8002 7.7856 3.4s
500 7 6 31 A 7 6 8.8174 7.8028 B 7 6 8.8174 7.8028 3.1s
501 7 6 31 A 7 6 8.8346 7.8201 B 7 6 8.8347 7.82 3.2s
502 7 6 31 A 7 6 8.8518 7.8373 B 7 6 8.8519 7.8373 3.0s
503 7 6 31 A 7 6 8.8691 7.8545 B 7 6 8.8691 7.8545 2.9s
504 7 6 31 A 7 6 8.8863 7.8717 B 7 6 8.8863 7.8717 3.2s
505 7 6 31 A 7 6 8.9035 7.889 B 7 6 8.9036 7.8889 3.3s
506 7 6 31 A 7 6 8.9207 7.9062 B 7 6 8.9208 7.9062 3.1s
507 7 6 31 A 7 6 8.938 7.9234 B 7 6 8.938 7.9234 3.0s
508 7 6 31 A 7 6 8.9552 7.9406 B 7 6 8.9552 7.9406 3.1s
509 7 6 31 A 7 6 8.9724 7.9579 B 7 6 8.9725 7.9578 3.1s
510 7 6 31 A 7 6 8.9897 7.9751 B 7 6 8.9897 7.9751 3.3s
511 9 6 31 A 9 6 9.0069 7.9923 B 9 6 9.0069 7.9923 3.2s
512 9 8 31 A 9 8 9.0241 8.0095 B 9 8 9.0242 8.0095 3.1s
513 9 8 31 A 9 8 9.0413 8.0268 B 9 8 9.0414 8.0267 3.1s
514 9 8 31 A 9 8 9.0586 8.044 B 9 8 9.0586 8.044 2.7s
515 9 8 31 A 9 8 9.0758 8.0612 B 9 8 9.0758 8.0612 2.0s
516 9 8 31 A 9 8 9.093 8.0784 B 9 8 9.0931 8.0784 2.1s
517 9 8 31 A 9 8 9.1102 8.0957 B 9 8 9.1103 8.0957 1.6s
518 9 8 31 A 9 8 9.1275 8.1129 B 9 8 9.1275 8.1129 1.7s
519 9 8 31 A 9 8 9.1447 8.1301 B 9 8 9.1447 8.1301 1.6s
520 9 8 31 A 9 8 9.1619 8.1474 B 9 8 9.162 8.1473 1.8s
521 9 8 31 A 9 8 9.1791 8.1646 B 9 8 9.1792 8.1646 2.7s
522 9 8 33 A 9 8 9.1964 8.1818 B 9 8 9.1964 8.1818 3.0s
523 9 8 33 A 9 8 9.2136 8.199 B 9 8 9.2136 8.199 2.4s
524 9 8 33 A 9 8 9.2308 8.2163 B 9 8 9.2309 8.2162 2.4s
525 9 8 33 A 9 8 9.2481 8.2335 B 9 8 9.2481 8.2335 2.3s
526 9 8 33 A 9 8 9.2653 8.2507 B 9 8 9.2653 8.2507 1.7s
527 9 8 33 A 9 8 9.2825 8.2679 B 9 8 9.2826 8.2679 1.7s
528 9 8 33 A 9 8 9.2997 8.2852 B 9 8 9.2998 8.2852 1.5s
529 9 8 33 A 9 8 9.317 8.3024 B 9 8 9.317 8.3024 1.6s
530 9 8 33 A 9 8 9.3342 8.3196 B 9 8 9.3342 8.3196 1.6s
531 9 8 33 A 9 8 9.3514 8.3369 B 9 8 9.3515 8.3368 1.7s
532 9 8 33 A 9 8 9.3686 8.3541 B 9 8 9.3687 8.3541 1.6s
533 9 8 33 A 9 8 9.3859 8.3713 B 9 8 9.3859 8.3713 1.8s
534 9 8 33 A 9 8 9.4031 8.3885 B 9 8 9.4032 8.3885 1.6s
535 9 8 33 A 9 8 9.4203 8.4058 B 9 8 9.4204 8.4058 1.6s
536 9 8 33 A 9 8 9.4376 8.423 B 9 8 9.4376 8.423 1.6s
537 9 8 33 A 9 8 9.4548 8.4402 B 9 8 9.4548 8.4402 2.0s
538 9 8 33 A 9 8 9.472 8.4575 B 9 8 9.4721 8.4574 1.7s
539 9 8 33 A 9 8 9.4892 8.4747 B 9 8 9.4893 8.4747 1.7s
540 9 8 33 A 9 8 9.5065 8.4919 B 9 8 9.5065 8.4919 1.7s
541 9 8 33 A 9 8 9.5237 8.5091 B 9 8 9.5237 8.5091 1.6s
542 9 8 33 A 9 8 9.5409 8.5264 B 9 8 9.541 8.5264 1.6s
543 9 8 33 A 9 8 9.5582 8.5436 B 9 8 9.5582 8.5436 1.8s
544 9 8 33 A 9 8 9.5754 8.5608 B 9 8 9.5754 8.5608 1.7s
545 9 8 33 A 9 8 9.5926 8.5781 B 9 8 9.5927 8.578 1.6s
546 9 8 33 A 9 8 9.6098 8.5953 B 9 8 9.6099 8.5953 1.7s
547 9 8 33 A 9 8 9.6271 8.6125 B 9 8 9.6271 8.6125 1.7s
548 9 8 33 A 9 8 9.6443 8.6297 B 9 8 9.6444 8.6297 1.7s
549 9 8 33 A 9 8 9.6615 8.647 B 9 8 9.6616 8.647 1.7s
550 9 8 33 A 9 8 9.6788 8.6642 B 9 8 9.6788 8.6642 1.7s
551 9 8 33 A 9 8 9.696 8.6814 B 9 8 9.696 8.6814 1.7s
552 9 8 33 A 9 8 9.7132 8.6987 B 9 8 9.7133 8.6986 1.7s
553 9 8 35 A 9 8 9.7305 8.7159 B 9 8 9.7305 8.7159 1.7s
554 9 8 35 A 9 8 9.7477 8.7331 B 9 8 9.7477 8.7331 1.8s
555 9 8 35 A 9 8 9.7649 8.7504 B 9 8 9.765 8.7503 2.1s
556 9 8 35 A 9 8 9.7821 8.7676 B 9 8 9.7822 8.7676 1.6s
