6 13 10 10 1
6 14 12 10 1
6 15 12 8 1
6 16 13 11 1
6 17 15 11 1
6 18 14 14 1
6 19 17 9 1
6 20 16 14 1
6 21 18 14 1
6 22 19 15 1
6 23 19 15 1
6 24 22 14 1
6 25 21 17 1
6 26 23 17 1
6 27 23 17 1
6 28 24 18 1
6 29 26 16 1
6 30 25 17 1
6 31 28 22 1
6 32 27 19 1
6 33 29 19 1
6 34 30 20 1
6 35 30 22 1
6 36 33 21 1
6 37 32 22 1
6 38 34 22 1
6 39 34 22 1
6 40 35 25 1
6 41 37 25 1
6 42 36 26 1
6 43 39 25 1
6 44 38 30 1
6 45 40 28 1
6 46 41 29 1
6 47 41 29 1
6 48 44 28 1
6 49 43 31 1
6 50 45 27 1
6 51 45 31 1
6 52 46 32 1
6 53 48 32 1
6 54 47 33 1
6 55 50 32 1
6 56 49 33 1
6 57 51 35 1
6 58 52 36 1
6 59 52 36 1
6 60 55 37 1
6 61 54 38 1
6 62 56 38 1
6 63 56 40 1
6 64 57 41 1
6 65 59 39 1
6 66 58 38 1
6 67 61 43 1
6 68 60 40 1
6 69 62 42 1
6 70 63 43 1
6 71 63 43 1
6 72 66 44 1
6 73 65 45 1
6 74 67 41 1
6 75 67 43 1
6 76 68 42 1
6 77 70 48 1
6 78 69 47 1
6 79 72 48 1
6 80 71 47 1
6 81 73 47 1
6 82 74 52 1
6 83 74 54 1
6 84 77 51 1
6 85 76 50 1
6 86 78 52 1
6 87 78 52 1
6 88 79 53 1
6 89 81 53 1
6 90 80 56 1
6 91 83 53 1
6 92 82 56 1
6 93 84 52 1
6 94 85 55 1
6 95 85 57 1
6 96 88 60 1
6 97 87 59 1
6 98 89 57 1
6 99 89 55 1
6 100 90 60 1
6 101 92 60 1
6 102 91 61 1
6 103 94 62 1
6 104 93 65 1
6 105 95 61 1
6 106 96 64 1
6 107 96 64 1
6 108 99 67 1
6 109 98 66 1
6 110 100 66 1
6 111 100 62 1
6 112 101 67 1
6 113 103 65 1
6 114 102 68 1
6 115 105 69 1
6 116 104 68 1
6 117 106 70 1
6 118 107 71 1
6 119 107 71 1
6 120 110 72 1
6 121 109 71 1
6 122 111 71 1
6 123 111 73 1
6 124 112 72 1
6 125 114 74 1
6 126 113 73 1
6 127 116 74 1
6 128 115 75 1
6 129 117 75 1
6 130 118 78 1
6 131 118 78 1
6 132 121 77 1
6 133 120 78 1
6 134 122 78 1
6 135 122 80 1
6 136 123 81 1
6 137 125 81 1
6 138 124 80 1
6 139 127 79 1
6 140 126 82 1
6 141 128 84 1
6 142 129 83 1
6 143 129 85 1
6 144 132 84 1
6 145 131 83 1
6 146 133 85 1
6 147 133 85 1
6 148 134 88 1
6 149 136 86 1
6 150 135 89 1
6 151 138 90 1
6 152 137 89 1
6 153 139 91 1
6 154 140 90 1
6 155 140 90 1
6 156 143 91 1
6 157 142 92 1
6 158 144 92 1
6 159 144 94 1
6 160 145 93 1
6 161 147 93 1
6 162 146 94 1
6 163 149 95 1
6 164 148 96 1
6 165 150 94 1
6 166 151 99 1
6 167 151 97 1
6 168 154 100 1
6 169 153 99 1
6 170 155 95 1
6 171 155 99 1
6 172 156 102 1
6 173 158 100 1
6 174 157 101 1
6 175 160 102 1
6 176 159 101 1
6 177 161 101 1
6 178 162 104 1
6 179 162 104 1
6 180 165 105 1
6 181 164 106 1
6 182 166 106 1
6 183 166 102 1
6 184 167 107 1
6 185 169 107 1
6 186 168 108 1
6 187 171 111 1
6 188 170 110 1
6 189 172 106 1
6 190 173 111 1
6 191 173 111 1
6 192 176 114 1
6 193 175 113 1
6 194 177 115 1
6 195 177 113 1
6 196 178 112 1
6 197 180 112 1
6 198 179 115 1
6 199 182 116 1
6 200 181 115 1
