9 19 15 13 1
9 20 20 10 1
9 21 17 13 1
9 22 22 16 1
9 23 20 12 1
9 24 24 14 1
9 25 20 18 1
9 26 26 12 1
9 27 22 18 1
9 28 28 14 1
9 29 24 18 1
9 30 30 20 1
9 31 27 19 1
9 32 32 18 1
9 33 28 22 1
9 34 34 20 1
9 35 30 20 1
9 36 36 18 1
9 37 32 24 1
9 38 38 24 1
9 39 34 26 1
9 40 40 22 1
9 41 36 22 1
9 42 42 26 1
9 43 38 28 1
9 44 44 22 1
9 45 40 22 1
9 46 46 26 1
9 47 42 28 1
9 48 48 28 1
9 49 44 32 1
9 50 50 28 1
9 51 46 32 1
9 52 52 28 1
9 53 48 32 1
9 54 54 36 1
9 55 50 32 1
9 56 56 32 1
9 57 52 36 1
9 58 58 34 1
9 59 54 38 1
9 60 60 32 1
9 61 56 38 1
9 62 62 34 1
9 63 58 38 1
9 64 64 32 1
9 65 60 38 1
9 66 66 34 1
9 67 62 38 1
9 68 68 38 1
9 69 64 40 1
9 70 70 40 1
9 71 66 40 1
9 72 72 40 1
9 73 68 44 1
9 74 74 40 1
9 75 70 46 1
9 76 76 42 1
9 77 72 48 1
9 78 78 42 1
9 79 74 44 1
9 80 80 44 1
9 81 76 48 1
9 82 82 42 1
9 83 78 46 1
9 84 84 46 1
9 85 80 52 1
9 86 86 48 1
9 87 82 50 1
9 88 88 50 1
9 89 84 50 1
9 90 90 50 1
9 91 86 54 1
9 92 92 54 1
9 93 88 52 1
9 94 94 52 1
9 95 90 54 1
9 96 96 54 1
9 97 92 56 1
9 98 98 56 1
9 99 94 56 1
9 100 100 56 1
9 101 96 58 1
9 102 102 56 1
9 103 98 60 1
9 104 104 60 1
9 105 100 62 1
9 106 106 60 1
9 107 102 60 1
9 108 108 62 1
9 109 104 64 1
9 110 110 60 1
9 111 106 62 1
9 112 112 60 1
9 113 108 62 1
9 114 114 60 1
9 115 110 66 1
9 116 116 66 1
9 117 112 66 1
9 118 118 60 1
9 119 114 66 1
9 120 120 68 1
