10 21 16 14 1
10 22 20 14 1
10 23 19 15 1
10 24 21 17 1
10 25 21 17 1
10 26 22 16 1
10 27 24 16 1
10 28 23 17 1
10 29 27 15 1
10 30 24 20 1
10 31 29 15 1
10 32 26 20 1
10 33 30 20 1
10 34 29 19 1
10 35 31 23 1
10 36 32 22 1
10 37 32 22 1
10 38 35 25 1
10 39 33 25 1
10 40 38 24 1
10 41 35 27 1
10 42 39 25 1
10 43 37 25 1
10 44 40 26 1
10 45 40 26 1
10 46 41 29 1
10 47 43 27 1
10 48 42 28 1
10 49 46 26 1
10 50 43 31 1
10 51 48 30 1
10 52 45 31 1
10 53 49 29 1
10 54 48 34 1
10 55 50 32 1
10 56 51 37 1
10 57 51 37 1
10 58 54 34 1
10 59 52 36 1
10 60 57 37 1
10 61 54 38 1
10 62 58 34 1
10 63 56 40 1
10 64 59 39 1
10 65 59 37 1
10 66 60 38 1
10 67 62 40 1
10 68 61 37 1
10 69 65 43 1
10 70 62 44 1
10 71 67 41 1
10 72 64 44 1
10 73 68 44 1
10 74 67 43 1
10 75 69 47 1
10 76 70 44 1
10 77 70 48 1
10 78 73 41 1
10 79 71 41 1
10 80 76 46 1
10 81 73 47 1
10 82 77 45 1
10 83 75 49 1
10 84 78 46 1
10 85 78 52 1
10 86 79 53 1
10 87 81 49 1
10 88 80 52 1
10 89 84 50 1
10 90 81 55 1
10 91 86 54 1
10 92 83 55 1
10 93 87 53 1
10 94 86 56 1
10 95 88 54 1
10 96 89 53 1
10 97 89 53 1
10 98 92 56 1
10 99 90 56 1
10 100 95 57 1
10 101 92 58 1
10 102 96 60 1
10 103 94 60 1
10 104 97 59 1
10 105 97 61 1
10 106 98 58 1
10 107 100 60 1
10 108 99 61 1
10 109 103 65 1
10 110 100 60 1
10 111 105 65 1
10 112 102 64 1
10 113 106 64 1
10 114 105 69 1
10 115 107 67 1
10 116 108 62 1
10 117 108 66 1
10 118 111 69 1
10 119 109 67 1
10 120 114 72 1
