8 17 13 11 1
8 18 16 12 1
8 19 15 13 1
8 20 17 13 1
8 21 18 16 1
8 22 18 12 1
8 23 21 11 1
8 24 19 15 1
8 25 23 13 1
8 26 21 17 1
8 27 24 16 1
8 28 24 20 1
8 29 25 19 1
8 30 27 19 1
8 31 26 20 1
8 32 30 20 1
8 33 28 22 1
8 34 31 21 1
8 35 30 20 1
8 36 32 22 1
8 37 33 21 1
8 38 33 21 1
8 39 36 22 1
8 40 34 24 1
8 41 38 24 1
8 42 36 28 1
8 43 39 25 1
8 44 39 27 1
8 45 40 26 1
8 46 42 26 1
8 47 41 29 1
8 48 45 29 1
8 49 43 31 1
8 50 46 28 1
8 51 45 35 1
8 52 47 35 1
8 53 48 28 1
8 54 48 28 1
8 55 51 31 1
8 56 49 31 1
8 57 53 33 1
8 58 51 35 1
8 59 54 34 1
8 60 54 34 1
8 61 55 37 1
8 62 57 37 1
8 63 56 36 1
8 64 60 36 1
8 65 58 36 1
8 66 61 37 1
8 67 60 42 1
8 68 62 40 1
8 69 63 39 1
8 70 63 39 1
8 71 66 40 1
8 72 64 42 1
8 73 68 44 1
8 74 66 44 1
8 75 69 43 1
8 76 69 45 1
8 77 70 42 1
8 78 72 44 1
8 79 71 41 1
8 80 75 45 1
8 81 73 47 1
8 82 76 48 1
8 83 75 49 1
8 84 77 47 1
8 85 78 50 1
8 86 78 50 1
8 87 81 49 1
8 88 79 49 1
8 89 83 51 1
8 90 81 49 1
8 91 84 52 1
8 92 84 50 1
8 93 85 53 1
8 94 87 53 1
8 95 86 52 1
8 96 90 54 1
8 97 88 58 1
8 98 91 59 1
8 99 90 58 1
8 100 92 58 1
8 101 93 55 1
8 102 93 57 1
8 103 96 60 1
8 104 94 58 1
8 105 98 60 1
8 106 96 62 1
8 107 99 61 1
8 108 99 59 1
8 109 100 60 1
8 110 102 64 1
8 111 101 63 1
8 112 105 63 1
8 113 103 63 1
8 114 106 64 1
8 115 105 63 1
8 116 107 67 1
8 117 108 66 1
8 118 108 64 1
8 119 111 69 1
8 120 109 67 1
8 121 113 71 1
8 122 111 69 1
8 123 114 72 1
8 124 114 70 1
8 125 115 69 1
8 126 117 69 1
8 127 116 74 1
8 128 120 70 1
8 129 118 72 1
8 130 121 73 1
8 131 120 74 1
8 132 122 76 1
8 133 123 73 1
8 134 123 77 1
8 135 126 76 1
8 136 124 78 1
8 137 128 76 1
8 138 126 76 1
8 139 129 79 1
8 140 129 77 1
8 141 130 78 1
8 142 132 78 1
8 143 131 77 1
8 144 135 83 1
8 145 133 83 1
8 146 136 84 1
8 147 135 83 1
8 148 137 85 1
8 149 138 82 1
8 150 138 82 1
