7 15 12 10 1
7 16 16 12 1
7 17 14 12 1
7 18 18 10 1
7 19 15 13 1
7 20 20 10 1
7 21 17 15 1
7 22 22 10 1
7 23 19 15 1
7 24 24 14 1
7 25 21 15 1
7 26 26 18 1
7 27 23 17 1
7 28 28 14 1
7 29 25 17 1
7 30 30 16 1
7 31 27 19 1
7 32 32 18 1
7 33 29 19 1
7 34 34 20 1
7 35 31 21 1
7 36 36 20 1
7 37 33 23 1
7 38 38 22 1
7 39 35 27 1
7 40 40 22 1
7 41 37 25 1
7 42 42 28 1
7 43 39 25 1
7 44 44 24 1
7 45 41 25 1
7 46 46 26 1
7 47 43 29 1
7 48 48 28 1
7 49 45 29 1
7 50 50 26 1
7 51 47 27 1
7 52 52 28 1
7 53 49 33 1
7 54 54 32 1
7 55 51 31 1
7 56 56 32 1
7 57 53 33 1
7 58 58 32 1
7 59 55 37 1
7 60 60 32 1
7 61 57 35 1
7 62 62 34 1
7 63 59 37 1
7 64 64 32 1
7 65 61 37 1
7 66 66 36 1
7 67 63 39 1
7 68 68 38 1
7 69 65 43 1
7 70 70 40 1
7 71 67 41 1
7 72 72 40 1
7 73 69 41 1
7 74 74 40 1
7 75 71 41 1
7 76 76 42 1
7 77 73 43 1
7 78 78 44 1
7 79 75 43 1
7 80 80 42 1
7 81 77 45 1
7 82 82 48 1
7 83 79 49 1
7 84 84 46 1
7 85 81 49 1
7 86 86 48 1
7 87 83 49 1
7 88 88 48 1
7 89 85 49 1
7 90 90 54 1
7 91 87 51 1
7 92 92 48 1
7 93 89 51 1
7 94 94 52 1
7 95 91 51 1
7 96 96 52 1
7 97 93 55 1
7 98 98 50 1
7 99 95 53 1
7 100 100 56 1
7 101 97 59 1
7 102 102 56 1
7 103 99 57 1
7 104 104 58 1
7 105 101 57 1
7 106 106 64 1
7 107 103 59 1
7 108 108 58 1
7 109 105 59 1
7 110 110 60 1
7 111 107 59 1
7 112 112 56 1
7 113 109 61 1
7 114 114 60 1
7 115 111 61 1
7 116 116 62 1
7 117 113 65 1
7 118 118 68 1
7 119 115 65 1
7 120 120 68 1
7 121 117 71 1
7 122 122 68 1
7 123 119 69 1
7 124 124 64 1
7 125 121 65 1
7 126 126 68 1
7 127 123 67 1
7 128 128 68 1
7 129 125 69 1
7 130 130 68 1
7 131 127 71 1
7 132 132 70 1
7 133 129 71 1
7 134 134 72 1
7 135 131 73 1
7 136 136 76 1
7 137 133 73 1
7 138 138 76 1
7 139 135 75 1
7 140 140 74 1
7 141 137 77 1
7 142 142 74 1
7 143 139 77 1
7 144 144 74 1
7 145 141 75 1
7 146 146 76 1
7 147 143 77 1
7 148 148 82 1
7 149 145 81 1
7 150 150 80 1
