5 11 8 6 1
5 12 12 6 1
5 13 10 6 1
5 14 14 8 1
5 15 12 10 1
5 16 16 8 1
5 17 14 12 1
5 18 18 10 1
5 19 16 12 1
5 20 20 10 1
5 21 18 16 1
5 22 22 16 1
5 23 20 12 1
5 24 24 12 1
5 25 22 14 1
5 26 26 16 1
5 27 24 16 1
5 28 28 18 1
5 29 26 16 1
5 30 30 20 1
5 31 28 22 1
5 32 32 20 1
5 33 30 24 1
5 34 34 20 1
5 35 32 18 1
5 36 36 20 1
5 37 34 22 1
5 38 38 20 1
5 39 36 22 1
5 40 40 22 1
5 41 38 24 1
5 42 42 22 1
5 43 40 24 1
5 44 44 22 1
5 45 42 26 1
5 46 46 26 1
5 47 44 26 1
5 48 48 24 1
5 49 46 26 1
5 50 50 28 1
5 51 48 30 1
5 52 52 28 1
5 53 50 30 1
5 54 54 32 1
5 55 52 32 1
5 56 56 30 1
5 57 54 32 1
5 58 58 32 1
5 59 56 32 1
5 60 60 32 1
5 61 58 34 1
5 62 62 34 1
5 63 60 34 1
5 64 64 34 1
5 65 62 34 1
5 66 66 36 1
5 67 64 38 1
5 68 68 38 1
5 69 66 36 1
5 70 70 38 1
5 71 68 36 1
5 72 72 38 1
5 73 70 40 1
5 74 74 40 1
5 75 72 40 1
5 76 76 40 1
5 77 74 40 1
5 78 78 44 1
5 79 76 42 1
5 80 80 44 1
5 81 78 44 1
5 82 82 46 1
5 83 80 44 1
5 84 84 44 1
5 85 82 44 1
5 86 86 46 1
5 87 84 44 1
5 88 88 48 1
5 89 86 48 1
5 90 90 48 1
5 91 88 48 1
5 92 92 50 1
5 93 90 50 1
5 94 94 48 1
5 95 92 50 1
5 96 96 52 1
5 97 94 52 1
5 98 98 48 1
5 99 96 52 1
5 100 100 50 1
5 101 98 56 1
5 102 102 54 1
5 103 100 56 1
5 104 104 54 1
5 105 102 56 1
5 106 106 54 1
5 107 104 56 1
5 108 108 56 1
5 109 106 58 1
5 110 110 58 1
5 111 108 58 1
5 112 112 58 1
5 113 110 60 1
5 114 114 60 1
5 115 112 60 1
5 116 116 62 1
5 117 114 64 1
5 118 118 64 1
5 119 116 62 1
5 120 120 62 1
5 121 118 66 1
5 122 122 62 1
5 123 120 66 1
5 124 124 66 1
5 125 122 68 1
5 126 126 64 1
5 127 124 68 1
5 128 128 68 1
5 129 126 72 1
5 130 130 68 1
5 131 128 68 1
5 132 132 72 1
5 133 130 72 1
5 134 134 68 1
5 135 132 70 1
5 136 136 70 1
5 137 134 72 1
5 138 138 74 1
5 139 136 72 1
5 140 140 74 1
5 141 138 74 1
5 142 142 74 1
5 143 140 74 1
5 144 144 76 1
5 145 142 76 1
5 146 146 78 1
5 147 144 74 1
5 148 148 78 1
5 149 146 78 1
5 150 150 78 1
5 151 148 80 1
5 152 152 82 1
5 153 150 82 1
5 154 154 80 1
5 155 152 80 1
5 156 156 82 1
5 157 154 84 1
5 158 158 82 1
5 159 156 84 1
5 160 160 86 1
5 161 158 86 1
5 162 162 84 1
5 163 160 86 1
5 164 164 86 1
5 165 162 88 1
5 166 166 88 1
5 167 164 88 1
5 168 168 86 1
5 169 166 88 1
5 170 170 90 1
5 171 168 90 1
5 172 172 90 1
5 173 170 92 1
5 174 174 92 1
5 175 172 92 1
5 176 176 92 1
5 177 174 94 1
5 178 178 92 1
5 179 176 94 1
5 180 180 94 1
5 181 178 96 1
5 182 182 92 1
5 183 180 96 1
5 184 184 96 1
5 185 182 98 1
5 186 186 96 1
5 187 184 100 1
5 188 188 100 1
5 189 186 102 1
5 190 190 98 1
5 191 188 102 1
5 192 192 100 1
5 193 190 102 1
5 194 194 102 1
5 195 192 100 1
5 196 196 100 1
5 197 194 104 1
5 198 198 104 1
5 199 196 104 1
5 200 200 106 1
6 13 10 10 1
6 14 12 10 1
6 15 12 8 1
6 16 13 11 1
6 17 15 11 1
6 18 14 14 1
6 19 17 9 1
6 20 16 14 1
6 21 18 14 1
6 22 19 15 1
6 23 19 15 1
6 24 22 14 1
6 25 21 17 1
6 26 23 17 1
6 27 23 17 1
6 28 24 18 1
6 29 26 16 1
6 30 25 17 1
6 31 28 22 1
6 32 27 19 1
6 33 29 19 1
6 34 30 20 1
6 35 30 22 1
6 36 33 21 1
6 37 32 22 1
6 38 34 22 1
6 39 34 22 1
6 40 35 25 1
6 41 37 25 1
6 42 36 26 1
6 43 39 25 1
6 44 38 30 1
6 45 40 28 1
6 46 41 29 1
6 47 41 29 1
6 48 44 28 1
6 49 43 31 1
6 50 45 27 1
6 51 45 31 1
6 52 46 32 1
6 53 48 32 1
6 54 47 33 1
6 55 50 32 1
6 56 49 33 1
6 57 51 35 1
6 58 52 36 1
6 59 52 36 1
6 60 55 37 1
6 61 54 38 1
6 62 56 38 1
6 63 56 40 1
6 64 57 41 1
6 65 59 39 1
6 66 58 38 1
6 67 61 43 1
6 68 60 40 1
6 69 62 42 1
6 70 63 43 1
6 71 63 43 1
6 72 66 44 1
6 73 65 45 1
6 74 67 41 1
6 75 67 43 1
6 76 68 42 1
6 77 70 48 1
6 78 69 47 1
6 79 72 48 1
6 80 71 47 1
6 81 73 47 1
6 82 74 52 1
6 83 74 54 1
6 84 77 51 1
6 85 76 50 1
6 86 78 52 1
6 87 78 52 1
6 88 79 53 1
6 89 81 53 1
6 90 80 56 1
6 91 83 53 1
6 92 82 56 1
6 93 84 52 1
6 94 85 55 1
6 95 85 57 1
6 96 88 60 1
6 97 87 59 1
6 98 89 57 1
6 99 89 55 1
6 100 90 60 1
6 101 92 60 1
6 102 91 61 1
6 103 94 62 1
6 104 93 65 1
6 105 95 61 1
6 106 96 64 1
6 107 96 64 1
6 108 99 67 1
6 109 98 66 1
6 110 100 66 1
6 111 100 62 1
6 112 101 67 1
6 113 103 65 1
6 114 102 68 1
6 115 105 69 1
6 116 104 68 1
6 117 106 70 1
6 118 107 71 1
6 119 107 71 1
6 120 110 72 1
6 121 109 71 1
6 122 111 71 1
6 123 111 73 1
6 124 112 72 1
6 125 114 74 1
6 126 113 73 1
6 127 116 74 1
6 128 115 75 1
6 129 117 75 1
6 130 118 78 1
6 131 118 78 1
6 132 121 77 1
6 133 120 78 1
6 134 122 78 1
6 135 122 80 1
6 136 123 81 1
6 137 125 81 1
6 138 124 80 1
6 139 127 79 1
6 140 126 82 1
6 141 128 84 1
6 142 129 83 1
6 143 129 85 1
6 144 132 84 1
6 145 131 83 1
6 146 133 85 1
6 147 133 85 1
6 148 134 88 1
6 149 136 86 1
6 150 135 89 1
6 151 138 90 1
6 152 137 89 1
6 153 139 91 1
6 154 140 90 1
6 155 140 90 1
6 156 143 91 1
6 157 142 92 1
6 158 144 92 1
6 159 144 94 1
6 160 145 93 1
6 161 147 93 1
6 162 146 94 1
6 163 149 95 1
6 164 148 96 1
6 165 150 94 1
6 166 151 99 1
6 167 151 97 1
6 168 154 100 1
6 169 153 99 1
6 170 155 95 1
6 171 155 99 1
6 172 156 102 1
6 173 158 100 1
6 174 157 101 1
6 175 160 102 1
6 176 159 101 1
6 177 161 101 1
6 178 162 104 1
6 179 162 104 1
6 180 165 105 1
6 181 164 106 1
6 182 166 106 1
6 183 166 102 1
6 184 167 107 1
6 185 169 107 1
6 186 168 108 1
6 187 171 111 1
6 188 170 110 1
6 189 172 106 1
6 190 173 111 1
6 191 173 111 1
6 192 176 114 1
6 193 175 113 1
6 194 177 115 1
6 195 177 113 1
6 196 178 112 1
6 197 180 112 1
6 198 179 115 1
6 199 182 116 1
6 200 181 115 1
7 15 12 10 1
7 16 16 12 1
7 17 14 12 1
7 18 18 10 1
7 19 15 13 1
7 20 20 10 1
7 21 17 15 1
7 22 22 10 1
7 23 19 15 1
7 24 24 14 1
7 25 21 15 1
7 26 26 18 1
7 27 23 17 1
7 28 28 14 1
7 29 25 17 1
7 30 30 16 1
7 31 27 19 1
7 32 32 18 1
7 33 29 19 1
7 34 34 20 1
7 35 31 21 1
7 36 36 20 1
7 37 33 23 1
7 38 38 22 1
7 39 35 27 1
7 40 40 22 1
7 41 37 25 1
7 42 42 28 1
7 43 39 25 1
7 44 44 24 1
7 45 41 25 1
7 46 46 26 1
7 47 43 29 1
7 48 48 28 1
7 49 45 29 1
7 50 50 26 1
7 51 47 27 1
7 52 52 28 1
7 53 49 33 1
7 54 54 32 1
7 55 51 31 1
7 56 56 32 1
7 57 53 33 1
7 58 58 32 1
7 59 55 37 1
7 60 60 32 1
7 61 57 35 1
7 62 62 34 1
7 63 59 37 1
7 64 64 32 1
7 65 61 37 1
7 66 66 36 1
7 67 63 39 1
7 68 68 38 1
7 69 65 43 1
7 70 70 40 1
7 71 67 41 1
7 72 72 40 1
7 73 69 41 1
7 74 74 40 1
7 75 71 41 1
7 76 76 42 1
7 77 73 43 1
7 78 78 44 1
7 79 75 43 1
7 80 80 42 1
7 81 77 45 1
7 82 82 48 1
7 83 79 49 1
7 84 84 46 1
7 85 81 49 1
7 86 86 48 1
7 87 83 49 1
7 88 88 48 1
7 89 85 49 1
7 90 90 54 1
7 91 87 51 1
7 92 92 48 1
7 93 89 51 1
7 94 94 52 1
7 95 91 51 1
7 96 96 52 1
7 97 93 55 1
7 98 98 50 1
7 99 95 53 1
7 100 100 56 1
7 101 97 59 1
7 102 102 56 1
7 103 99 57 1
7 104 104 58 1
7 105 101 57 1
7 106 106 64 1
7 107 103 59 1
7 108 108 58 1
7 109 105 59 1
7 110 110 60 1
7 111 107 59 1
7 112 112 56 1
7 113 109 61 1
7 114 114 60 1
7 115 111 61 1
7 116 116 62 1
7 117 113 65 1
7 118 118 68 1
7 119 115 65 1
7 120 120 68 1
7 121 117 71 1
7 122 122 68 1
7 123 119 69 1
7 124 124 64 1
7 125 121 65 1
7 126 126 68 1
7 127 123 67 1
7 128 128 68 1
7 129 125 69 1
7 130 130 68 1
7 131 127 71 1
7 132 132 70 1
7 133 129 71 1
7 134 134 72 1
7 135 131 73 1
7 136 136 76 1
7 137 133 73 1
7 138 138 76 1
7 139 135 75 1
7 140 140 74 1
7 141 137 77 1
7 142 142 74 1
7 143 139 77 1
7 144 144 74 1
7 145 141 75 1
7 146 146 76 1
7 147 143 77 1
7 148 148 82 1
7 149 145 81 1
7 150 150 80 1
8 17 13 11 1
8 18 16 12 1
8 19 15 13 1
8 20 17 13 1
8 21 18 16 1
8 22 18 12 1
8 23 21 11 1
8 24 19 15 1
8 25 23 13 1
8 26 21 17 1
8 27 24 16 1
8 28 24 20 1
8 29 25 19 1
8 30 27 19 1
8 31 26 20 1
8 32 30 20 1
8 33 28 22 1
8 34 31 21 1
8 35 30 20 1
8 36 32 22 1
8 37 33 21 1
8 38 33 21 1
8 39 36 22 1
8 40 34 24 1
8 41 38 24 1
8 42 36 28 1
8 43 39 25 1
8 44 39 27 1
8 45 40 26 1
8 46 42 26 1
8 47 41 29 1
8 48 45 29 1
8 49 43 31 1
8 50 46 28 1
8 51 45 35 1
8 52 47 35 1
8 53 48 28 1
8 54 48 28 1
8 55 51 31 1
8 56 49 31 1
8 57 53 33 1
8 58 51 35 1
8 59 54 34 1
8 60 54 34 1
8 61 55 37 1
8 62 57 37 1
8 63 56 36 1
8 64 60 36 1
8 65 58 36 1
8 66 61 37 1
8 67 60 42 1
8 68 62 40 1
8 69 63 39 1
8 70 63 39 1
8 71 66 40 1
8 72 64 42 1
8 73 68 44 1
8 74 66 44 1
8 75 69 43 1
8 76 69 45 1
8 77 70 42 1
8 78 72 44 1
8 79 71 41 1
8 80 75 45 1
8 81 73 47 1
8 82 76 48 1
8 83 75 49 1
8 84 77 47 1
8 85 78 50 1
8 86 78 50 1
8 87 81 49 1
8 88 79 49 1
8 89 83 51 1
8 90 81 49 1
8 91 84 52 1
8 92 84 50 1
8 93 85 53 1
8 94 87 53 1
8 95 86 52 1
8 96 90 54 1
8 97 88 58 1
8 98 91 59 1
8 99 90 58 1
8 100 92 58 1
8 101 93 55 1
8 102 93 57 1
8 103 96 60 1
8 104 94 58 1
8 105 98 60 1
8 106 96 62 1
8 107 99 61 1
8 108 99 59 1
8 109 100 60 1
8 110 102 64 1
8 111 101 63 1
8 112 105 63 1
8 113 103 63 1
8 114 106 64 1
8 115 105 63 1
8 116 107 67 1
8 117 108 66 1
8 118 108 64 1
8 119 111 69 1
8 120 109 67 1
8 121 113 71 1
8 122 111 69 1
8 123 114 72 1
8 124 114 70 1
8 125 115 69 1
8 126 117 69 1
8 127 116 74 1
8 128 120 70 1
8 129 118 72 1
8 130 121 73 1
8 131 120 74 1
8 132 122 76 1
8 133 123 73 1
8 134 123 77 1
8 135 126 76 1
8 136 124 78 1
8 137 128 76 1
8 138 126 76 1
8 139 129 79 1
8 140 129 77 1
8 141 130 78 1
8 142 132 78 1
8 143 131 77 1
8 144 135 83 1
8 145 133 83 1
8 146 136 84 1
8 147 135 83 1
8 148 137 85 1
8 149 138 82 1
8 150 138 82 1
9 19 15 13 1
9 20 20 10 1
9 21 17 13 1
9 22 22 16 1
9 23 20 12 1
9 24 24 14 1
9 25 20 18 1
9 26 26 12 1
9 27 22 18 1
9 28 28 14 1
9 29 24 18 1
9 30 30 20 1
9 31 27 19 1
9 32 32 18 1
9 33 28 22 1
9 34 34 20 1
9 35 30 20 1
9 36 36 18 1
9 37 32 24 1
9 38 38 24 1
9 39 34 26 1
9 40 40 22 1
9 41 36 22 1
9 42 42 26 1
9 43 38 28 1
9 44 44 22 1
9 45 40 22 1
9 46 46 26 1
9 47 42 28 1
9 48 48 28 1
9 49 44 32 1
9 50 50 28 1
9 51 46 32 1
9 52 52 28 1
9 53 48 32 1
9 54 54 36 1
9 55 50 32 1
9 56 56 32 1
9 57 52 36 1
9 58 58 34 1
9 59 54 38 1
9 60 60 32 1
9 61 56 38 1
9 62 62 34 1
9 63 58 38 1
9 64 64 32 1
9 65 60 38 1
9 66 66 34 1
9 67 62 38 1
9 68 68 38 1
9 69 64 40 1
9 70 70 40 1
9 71 66 40 1
9 72 72 40 1
9 73 68 44 1
9 74 74 40 1
9 75 70 46 1
9 76 76 42 1
9 77 72 48 1
9 78 78 42 1
9 79 74 44 1
9 80 80 44 1
9 81 76 48 1
9 82 82 42 1
9 83 78 46 1
9 84 84 46 1
9 85 80 52 1
9 86 86 48 1
9 87 82 50 1
9 88 88 50 1
9 89 84 50 1
9 90 90 50 1
9 91 86 54 1
9 92 92 54 1
9 93 88 52 1
9 94 94 52 1
9 95 90 54 1
9 96 96 54 1
9 97 92 56 1
9 98 98 56 1
9 99 94 56 1
9 100 100 56 1
9 101 96 58 1
9 102 102 56 1
9 103 98 60 1
9 104 104 60 1
9 105 100 62 1
9 106 106 60 1
9 107 102 60 1
9 108 108 62 1
9 109 104 64 1
9 110 110 60 1
9 111 106 62 1
9 112 112 60 1
9 113 108 62 1
9 114 114 60 1
9 115 110 66 1
9 116 116 66 1
9 117 112 66 1
9 118 118 60 1
9 119 114 66 1
9 120 120 68 1
10 21 16 14 1
10 22 20 14 1
10 23 19 15 1
10 24 21 17 1
10 25 21 17 1
10 26 22 16 1
10 27 24 16 1
10 28 23 17 1
10 29 27 15 1
10 30 24 20 1
10 31 29 15 1
10 32 26 20 1
10 33 30 20 1
10 34 29 19 1
10 35 31 23 1
10 36 32 22 1
10 37 32 22 1
10 38 35 25 1
10 39 33 25 1
10 40 38 24 1
10 41 35 27 1
10 42 39 25 1
10 43 37 25 1
10 44 40 26 1
10 45 40 26 1
10 46 41 29 1
10 47 43 27 1
10 48 42 28 1
10 49 46 26 1
10 50 43 31 1
10 51 48 30 1
10 52 45 31 1
10 53 49 29 1
10 54 48 34 1
10 55 50 32 1
10 56 51 37 1
10 57 51 37 1
10 58 54 34 1
10 59 52 36 1
10 60 57 37 1
10 61 54 38 1
10 62 58 34 1
10 63 56 40 1
10 64 59 39 1
10 65 59 37 1
10 66 60 38 1
10 67 62 40 1
10 68 61 37 1
10 69 65 43 1
10 70 62 44 1
10 71 67 41 1
10 72 64 44 1
10 73 68 44 1
10 74 67 43 1
10 75 69 47 1
10 76 70 44 1
10 77 70 48 1
10 78 73 41 1
10 79 71 41 1
10 80 76 46 1
10 81 73 47 1
10 82 77 45 1
10 83 75 49 1
10 84 78 46 1
10 85 78 52 1
10 86 79 53 1
10 87 81 49 1
10 88 80 52 1
10 89 84 50 1
10 90 81 55 1
10 91 86 54 1
10 92 83 55 1
10 93 87 53 1
10 94 86 56 1
10 95 88 54 1
10 96 89 53 1
10 97 89 53 1
10 98 92 56 1
10 99 90 56 1
10 100 95 57 1
10 101 92 58 1
10 102 96 60 1
10 103 94 60 1
10 104 97 59 1
10 105 97 61 1
10 106 98 58 1
10 107 100 60 1
10 108 99 61 1
10 109 103 65 1
10 110 100 60 1
10 111 105 65 1
10 112 102 64 1
10 113 106 64 1
10 114 105 69 1
10 115 107 67 1
10 116 108 62 1
10 117 108 66 1
10 118 111 69 1
10 119 109 67 1
10 120 114 72 1
