5 11 8 6 1
5 12 12 6 1
5 13 10 6 1
5 14 14 8 1
5 15 12 10 1
5 16 16 8 1
5 17 14 12 1
5 18 18 10 1
5 19 16 12 1
5 20 20 10 1
5 21 18 16 1
5 22 22 16 1
5 23 20 12 1
5 24 24 12 1
5 25 22 14 1
5 26 26 16 1
5 27 24 16 1
5 28 28 18 1
5 29 26 16 1
5 30 30 20 1
5 31 28 22 1
5 32 32 20 1
5 33 30 24 1
5 34 34 20 1
5 35 32 18 1
5 36 36 20 1
5 37 34 22 1
5 38 38 20 1
5 39 36 22 1
5 40 40 22 1
5 41 38 24 1
5 42 42 22 1
5 43 40 24 1
5 44 44 22 1
5 45 42 26 1
5 46 46 26 1
5 47 44 26 1
5 48 48 24 1
5 49 46 26 1
5 50 50 28 1
5 51 48 30 1
5 52 52 28 1
5 53 50 30 1
5 54 54 32 1
5 55 52 32 1
5 56 56 30 1
5 57 54 32 1
5 58 58 32 1
5 59 56 32 1
5 60 60 32 1
5 61 58 34 1
5 62 62 34 1
5 63 60 34 1
5 64 64 34 1
5 65 62 34 1
5 66 66 36 1
5 67 64 38 1
5 68 68 38 1
5 69 66 36 1
5 70 70 38 1
5 71 68 36 1
5 72 72 38 1
5 73 70 40 1
5 74 74 40 1
5 75 72 40 1
5 76 76 40 1
5 77 74 40 1
5 78 78 44 1
5 79 76 42 1
5 80 80 44 1
5 81 78 44 1
5 82 82 46 1
5 83 80 44 1
5 84 84 44 1
5 85 82 44 1
5 86 86 46 1
5 87 84 44 1
5 88 88 48 1
5 89 86 48 1
5 90 90 48 1
5 91 88 48 1
5 92 92 50 1
5 93 90 50 1
5 94 94 48 1
5 95 92 50 1
5 96 96 52 1
5 97 94 52 1
5 98 98 48 1
5 99 96 52 1
5 100 100 50 1
5 101 98 56 1
5 102 102 54 1
5 103 100 56 1
5 104 104 54 1
5 105 102 56 1
5 106 106 54 1
5 107 104 56 1
5 108 108 56 1
5 109 106 58 1
5 110 110 58 1
5 111 108 58 1
5 112 112 58 1
5 113 110 60 1
5 114 114 60 1
5 115 112 60 1
5 116 116 62 1
5 117 114 64 1
5 118 118 64 1
5 119 116 62 1
5 120 120 62 1
5 121 118 66 1
5 122 122 62 1
5 123 120 66 1
5 124 124 66 1
5 125 122 68 1
5 126 126 64 1
5 127 124 68 1
5 128 128 68 1
5 129 126 72 1
5 130 130 68 1
5 131 128 68 1
5 132 132 72 1
5 133 130 72 1
5 134 134 68 1
5 135 132 70 1
5 136 136 70 1
5 137 134 72 1
5 138 138 74 1
5 139 136 72 1
5 140 140 74 1
5 141 138 74 1
5 142 142 74 1
5 143 140 74 1
5 144 144 76 1
5 145 142 76 1
5 146 146 78 1
5 147 144 74 1
5 148 148 78 1
5 149 146 78 1
5 150 150 78 1
5 151 148 80 1
5 152 152 82 1
5 153 150 82 1
5 154 154 80 1
5 155 152 80 1
5 156 156 82 1
5 157 154 84 1
5 158 158 82 1
5 159 156 84 1
5 160 160 86 1
5 161 158 86 1
5 162 162 84 1
5 163 160 86 1
5 164 164 86 1
5 165 162 88 1
5 166 166 88 1
5 167 164 88 1
5 168 168 86 1
5 169 166 88 1
5 170 170 90 1
5 171 168 90 1
5 172 172 90 1
5 173 170 92 1
5 174 174 92 1
5 175 172 92 1
5 176 176 92 1
5 177 174 94 1
5 178 178 92 1
5 179 176 94 1
5 180 180 94 1
5 181 178 96 1
5 182 182 92 1
5 183 180 96 1
5 184 184 96 1
5 185 182 98 1
5 186 186 96 1
5 187 184 100 1
5 188 188 100 1
5 189 186 102 1
5 190 190 98 1
5 191 188 102 1
5 192 192 100 1
5 193 190 102 1
5 194 194 102 1
5 195 192 100 1
5 196 196 100 1
5 197 194 104 1
5 198 198 104 1
5 199 196 104 1
5 200 200 106 1
