1 3 2 2 1
1 4 4 2 1
1 5 4 2 1
1 6 6 4 1
1 7 6 4 1
1 8 8 4 1
1 9 8 4 1
1 10 10 6 1
1 11 10 6 1
1 12 12 6 1
1 13 12 6 1
1 14 14 8 1
1 15 14 8 1
1 16 16 8 1
1 17 16 8 1
1 18 18 10 1
1 19 18 10 1
1 20 20 10 1
1 21 20 10 1
1 22 22 12 1
1 23 22 12 1
1 24 24 12 1
1 25 24 12 1
1 26 26 14 1
1 27 26 14 1
1 28 28 14 1
1 29 28 14 1
1 30 30 16 1
1 31 30 16 1
1 32 32 16 1
1 33 32 16 1
1 34 34 18 1
1 35 34 18 1
1 36 36 18 1
1 37 36 18 1
1 38 38 20 1
1 39 38 20 1
1 40 40 20 1
1 41 40 20 1
1 42 42 22 1
1 43 42 22 1
1 44 44 22 1
1 45 44 22 1
1 46 46 24 1
1 47 46 24 1
1 48 48 24 1
1 49 48 24 1
1 50 50 26 1
1 51 50 26 1
1 52 52 26 1
1 53 52 26 1
1 54 54 28 1
1 55 54 28 1
1 56 56 28 1
1 57 56 28 1
1 58 58 30 1
1 59 58 30 1
1 60 60 30 1
1 61 60 30 1
1 62 62 32 1
1 63 62 32 1
1 64 64 32 1
1 65 64 32 1
1 66 66 34 1
1 67 66 34 1
1 68 68 34 1
1 69 68 34 1
1 70 70 36 1
1 71 70 36 1
1 72 72 36 1
1 73 72 36 1
1 74 74 38 1
1 75 74 38 1
1 76 76 38 1
1 77 76 38 1
1 78 78 40 1
1 79 78 40 1
1 80 80 40 1
1 81 80 40 1
1 82 82 42 1
1 83 82 42 1
1 84 84 42 1
1 85 84 42 1
1 86 86 44 1
1 87 86 44 1
1 88 88 44 1
1 89 88 44 1
1 90 90 46 1
1 91 90 46 1
1 92 92 46 1
1 93 92 46 1
1 94 94 48 1
1 95 94 48 1
1 96 96 48 1
1 97 96 48 1
1 98 98 50 1
1 99 98 50 1
1 100 100 50 1
1 101 100 50 1
1 102 102 52 1
1 103 102 52 1
1 104 104 52 1
1 105 104 52 1
1 106 106 54 1
1 107 106 54 1
1 108 108 54 1
1 109 108 54 1
1 110 110 56 1
1 111 110 56 1
1 112 112 56 1
1 113 112 56 1
1 114 114 58 1
1 115 114 58 1
1 116 116 58 1
1 117 116 58 1
1 118 118 60 1
1 119 118 60 1
1 120 120 60 1
1 121 120 60 1
1 122 122 62 1
1 123 122 62 1
1 124 124 62 1
1 125 124 62 1
1 126 126 64 1
1 127 126 64 1
1 128 128 64 1
1 129 128 64 1
1 130 130 66 1
1 131 130 66 1
1 132 132 66 1
1 133 132 66 1
1 134 134 68 1
1 135 134 68 1
1 136 136 68 1
1 137 136 68 1
1 138 138 70 1
1 139 138 70 1
1 140 140 70 1
1 141 140 70 1
1 142 142 72 1
1 143 142 72 1
1 144 144 72 1
1 145 144 72 1
1 146 146 74 1
1 147 146 74 1
1 148 148 74 1
1 149 148 74 1
1 150 150 76 1
1 151 150 76 1
1 152 152 76 1
1 153 152 76 1
1 154 154 78 1
1 155 154 78 1
1 156 156 78 1
1 157 156 78 1
1 158 158 80 1
1 159 158 80 1
1 160 160 80 1
1 161 160 80 1
1 162 162 82 1
1 163 162 82 1
1 164 164 82 1
1 165 164 82 1
1 166 166 84 1
1 167 166 84 1
1 168 168 84 1
1 169 168 84 1
1 170 170 86 1
1 171 170 86 1
1 172 172 86 1
1 173 172 86 1
1 174 174 88 1
1 175 174 88 1
1 176 176 88 1
1 177 176 88 1
1 178 178 90 1
1 179 178 90 1
1 180 180 90 1
1 181 180 90 1
1 182 182 92 1
1 183 182 92 1
1 184 184 92 1
1 185 184 92 1
1 186 186 94 1
1 187 186 94 1
1 188 188 94 1
1 189 188 94 1
1 190 190 96 1
1 191 190 96 1
1 192 192 96 1
1 193 192 96 1
1 194 194 98 1
1 195 194 98 1
1 196 196 98 1
1 197 196 98 1
1 198 198 100 1
1 199 198 100 1
1 200 200 100 1
1 201 200 100 1
1 202 202 102 1
1 203 202 102 1
1 204 204 102 1
1 205 204 102 1
1 206 206 104 1
1 207 206 104 1
1 208 208 104 1
1 209 208 104 1
1 210 210 106 1
1 211 210 106 1
1 212 212 106 1
1 213 212 106 1
1 214 214 108 1
1 215 214 108 1
1 216 216 108 1
1 217 216 108 1
1 218 218 110 1
1 219 218 110 1
1 220 220 110 1
1 221 220 110 1
1 222 222 112 1
1 223 222 112 1
1 224 224 112 1
1 225 224 112 1
1 226 226 114 1
1 227 226 114 1
1 228 228 114 1
1 229 228 114 1
1 230 230 116 1
1 231 230 116 1
1 232 232 116 1
1 233 232 116 1
1 234 234 118 1
1 235 234 118 1
1 236 236 118 1
1 237 236 118 1
1 238 238 120 1
1 239 238 120 1
1 240 240 120 1
1 241 240 120 1
1 242 242 122 1
1 243 242 122 1
1 244 244 122 1
1 245 244 122 1
1 246 246 124 1
1 247 246 124 1
1 248 248 124 1
1 249 248 124 1
1 250 250 126 1
1 251 250 126 1
1 252 252 126 1
1 253 252 126 1
1 254 254 128 1
1 255 254 128 1
1 256 256 128 1
1 257 256 128 1
1 258 258 130 1
1 259 258 130 1
1 260 260 130 1
1 261 260 130 1
1 262 262 132 1
1 263 262 132 1
1 264 264 132 1
1 265 264 132 1
1 266 266 134 1
1 267 266 134 1
1 268 268 134 1
1 269 268 134 1
1 270 270 136 1
1 271 270 136 1
1 272 272 136 1
1 273 272 136 1
1 274 274 138 1
1 275 274 138 1
1 276 276 138 1
1 277 276 138 1
1 278 278 140 1
1 279 278 140 1
1 280 280 140 1
1 281 280 140 1
1 282 282 142 1
1 283 282 142 1
1 284 284 142 1
1 285 284 142 1
1 286 286 144 1
1 287 286 144 1
1 288 288 144 1
1 289 288 144 1
1 290 290 146 1
1 291 290 146 1
1 292 292 146 1
1 293 292 146 1
1 294 294 148 1
1 295 294 148 1
1 296 296 148 1
1 297 296 148 1
1 298 298 150 1
1 299 298 150 1
1 300 300 150 1
2 5 4 4 1
2 6 4 4 1
2 7 5 5 1
2 8 6 6 1
2 9 7 5 1
2 10 8 6 1
2 11 8 6 1
2 12 9 9 1
2 13 10 10 1
2 14 11 9 1
2 15 12 10 1
2 16 12 10 1
2 17 13 11 1
2 18 14 12 1
2 19 15 13 1
2 20 16 14 1
2 21 16 14 1
2 22 17 15 1
2 23 18 16 1
2 24 19 15 1
2 25 20 18 1
2 26 20 18 1
2 27 21 19 1
2 28 22 20 1
2 29 23 19 1
2 30 24 20 1
2 31 24 22 1
2 32 25 21 1
2 33 26 22 1
2 34 27 21 1
2 35 28 24 1
2 36 28 24 1
2 37 29 25 1
2 38 30 26 1
2 39 31 25 1
2 40 32 26 1
2 41 32 26 1
2 42 33 29 1
2 43 34 30 1
2 44 35 29 1
2 45 36 30 1
2 46 36 30 1
2 47 37 31 1
2 48 38 32 1
2 49 39 33 1
2 50 40 34 1
2 51 40 34 1
2 52 41 35 1
2 53 42 36 1
2 54 43 35 1
2 55 44 38 1
2 56 44 36 1
2 57 45 39 1
2 58 46 40 1
2 59 47 39 1
2 60 48 40 1
2 61 48 40 1
2 62 49 41 1
2 63 50 42 1
2 64 51 41 1
2 65 52 44 1
2 66 52 44 1
2 67 53 45 1
2 68 54 46 1
2 69 55 45 1
2 70 56 46 1
2 71 56 46 1
2 72 57 49 1
2 73 58 50 1
2 74 59 49 1
2 75 60 50 1
2 76 60 50 1
2 77 61 51 1
2 78 62 52 1
2 79 63 53 1
2 80 64 54 1
2 81 64 54 1
2 82 65 55 1
2 83 66 56 1
2 84 67 55 1
2 85 68 56 1
2 86 68 56 1
2 87 69 57 1
2 88 70 60 1
2 89 71 59 1
2 90 72 60 1
2 91 72 60 1
2 92 73 61 1
2 93 74 62 1
2 94 75 61 1
2 95 76 62 1
2 96 76 64 1
2 97 77 65 1
2 98 78 66 1
2 99 79 65 1
2 100 80 66 1
2 101 80 66 1
2 102 81 69 1
2 103 82 70 1
2 104 83 69 1
2 105 84 70 1
2 106 84 70 1
2 107 85 71 1
2 108 86 74 1
2 109 87 71 1
2 110 88 72 1
2 111 88 74 1
2 112 89 75 1
2 113 90 76 1
2 114 91 75 1
2 115 92 76 1
2 116 92 76 1
2 117 93 77 1
2 118 94 78 1
2 119 95 79 1
2 120 96 80 1
2 121 96 80 1
2 122 97 81 1
2 123 98 82 1
2 124 99 81 1
2 125 100 82 1
2 126 100 84 1
2 127 101 85 1
2 128 102 86 1
2 129 103 85 1
2 130 104 86 1
2 131 104 86 1
2 132 105 89 1
2 133 106 90 1
2 134 107 89 1
2 135 108 90 1
2 136 108 90 1
2 137 109 91 1
2 138 110 92 1
2 139 111 91 1
2 140 112 92 1
2 141 112 92 1
2 142 113 95 1
2 143 114 96 1
2 144 115 95 1
2 145 116 96 1
2 146 116 96 1
2 147 117 97 1
2 148 118 98 1
2 149 119 99 1
2 150 120 100 1
2 151 120 100 1
2 152 121 101 1
2 153 122 102 1
2 154 123 101 1
2 155 124 102 1
2 156 124 104 1
2 157 125 105 1
2 158 126 106 1
2 159 127 105 1
2 160 128 106 1
2 161 128 106 1
2 162 129 107 1
2 163 130 108 1
2 164 131 107 1
2 165 132 110 1
2 166 132 110 1
2 167 133 111 1
2 168 134 112 1
2 169 135 111 1
2 170 136 112 1
2 171 136 112 1
2 172 137 115 1
2 173 138 116 1
2 174 139 115 1
2 175 140 116 1
2 176 140 116 1
2 177 141 117 1
2 178 142 118 1
2 179 143 119 1
2 180 144 120 1
2 181 144 120 1
2 182 145 121 1
2 183 146 122 1
2 184 147 121 1
2 185 148 124 1
2 186 148 124 1
2 187 149 125 1
2 188 150 126 1
2 189 151 125 1
2 190 152 126 1
2 191 152 126 1
2 192 153 127 1
2 193 154 128 1
2 194 155 127 1
2 195 156 130 1
2 196 156 130 1
2 197 157 131 1
2 198 158 132 1
2 199 159 131 1
2 200 160 132 1
2 201 160 132 1
2 202 161 135 1
2 203 162 136 1
2 204 163 135 1
2 205 164 136 1
2 206 164 136 1
2 207 165 137 1
2 208 166 138 1
2 209 167 139 1
2 210 168 140 1
2 211 168 140 1
2 212 169 141 1
2 213 170 142 1
2 214 171 141 1
2 215 172 142 1
2 216 172 142 1
2 217 173 143 1
2 218 174 146 1
2 219 175 145 1
2 220 176 146 1
2 221 176 146 1
2 222 177 147 1
2 223 178 148 1
2 224 179 147 1
2 225 180 148 1
2 226 180 150 1
2 227 181 151 1
2 228 182 152 1
2 229 183 151 1
2 230 184 152 1
2 231 184 152 1
2 232 185 155 1
2 233 186 156 1
2 234 187 155 1
2 235 188 156 1
2 236 188 156 1
2 237 189 157 1
2 238 190 158 1
2 239 191 159 1
2 240 192 160 1
2 241 192 160 1
2 242 193 161 1
2 243 194 162 1
2 244 195 161 1
2 245 196 162 1
2 246 196 162 1
2 247 197 163 1
2 248 198 164 1
2 249 199 165 1
2 250 200 166 1
2 251 200 166 1
2 252 201 167 1
2 253 202 168 1
2 254 203 167 1
2 255 204 168 1
2 256 204 170 1
2 257 205 171 1
2 258 206 172 1
2 259 207 171 1
2 260 208 172 1
2 261 208 172 1
2 262 209 175 1
2 263 210 176 1
2 264 211 175 1
2 265 212 176 1
2 266 212 176 1
2 267 213 177 1
2 268 214 178 1
2 269 215 177 1
2 270 216 178 1
2 271 216 178 1
2 272 217 181 1
2 273 218 182 1
2 274 219 181 1
2 275 220 182 1
2 276 220 182 1
2 277 221 183 1
2 278 222 184 1
2 279 223 185 1
2 280 224 186 1
2 281 224 186 1
2 282 225 187 1
2 283 226 188 1
2 284 227 187 1
2 285 228 188 1
2 286 228 190 1
2 287 229 191 1
2 288 230 192 1
2 289 231 191 1
2 290 232 192 1
2 291 232 192 1
2 292 233 195 1
2 293 234 194 1
2 294 235 195 1
2 295 236 196 1
2 296 236 196 1
2 297 237 197 1
2 298 238 198 1
2 299 239 197 1
2 300 240 198 1
3 7 5 5 1
3 8 8 6 1
3 9 7 5 1
3 10 10 6 1
3 11 9 7 1
3 12 12 6 1
3 13 11 7 1
3 14 14 8 1
3 15 13 9 1
3 16 16 8 1
3 17 15 11 1
3 18 18 10 1
3 19 17 9 1
3 20 20 10 1
3 21 19 11 1
3 22 22 10 1
3 23 21 11 1
3 24 24 12 1
3 25 23 13 1
3 26 26 12 1
3 27 25 13 1
3 28 28 14 1
3 29 27 15 1
3 30 30 14 1
3 31 29 15 1
3 32 32 16 1
3 33 31 17 1
3 34 34 16 1
3 35 33 17 1
3 36 36 18 1
3 37 35 19 1
3 38 38 18 1
3 39 37 19 1
3 40 40 20 1
3 41 39 21 1
3 42 42 20 1
3 43 41 21 1
3 44 44 22 1
3 45 43 21 1
3 46 46 22 1
3 47 45 23 1
3 48 48 24 1
3 49 47 23 1
3 50 50 24 1
3 51 49 25 1
3 52 52 26 1
3 53 51 25 1
3 54 54 26 1
3 55 53 27 1
3 56 56 28 1
3 57 55 27 1
3 58 58 28 1
3 59 57 29 1
3 60 60 30 1
3 61 59 29 1
3 62 62 30 1
3 63 61 31 1
3 64 64 32 1
3 65 63 31 1
3 66 66 32 1
3 67 65 33 1
3 68 68 32 1
3 69 67 33 1
3 70 70 34 1
3 71 69 35 1
3 72 72 34 1
3 73 71 35 1
3 74 74 36 1
3 75 73 37 1
3 76 76 36 1
3 77 75 37 1
3 78 78 38 1
3 79 77 39 1
3 80 80 38 1
3 81 79 39 1
3 82 82 40 1
3 83 81 41 1
3 84 84 40 1
3 85 83 41 1
3 86 86 42 1
3 87 85 43 1
3 88 88 42 1
3 89 87 43 1
3 90 90 44 1
3 91 89 43 1
3 92 92 44 1
3 93 91 45 1
3 94 94 46 1
3 95 93 45 1
3 96 96 46 1
3 97 95 47 1
3 98 98 48 1
3 99 97 47 1
3 100 100 48 1
3 101 99 49 1
3 102 102 50 1
3 103 101 49 1
3 104 104 50 1
3 105 103 51 1
3 106 106 52 1
3 107 105 51 1
3 108 108 52 1
3 109 107 53 1
3 110 110 54 1
3 111 109 53 1
3 112 112 54 1
3 113 111 55 1
3 114 114 56 1
3 115 113 55 1
3 116 116 56 1
3 117 115 57 1
3 118 118 56 1
3 119 117 57 1
3 120 120 58 1
3 121 119 59 1
3 122 122 58 1
3 123 121 59 1
3 124 124 60 1
3 125 123 61 1
3 126 126 60 1
3 127 125 61 1
3 128 128 62 1
3 129 127 63 1
3 130 130 62 1
3 131 129 63 1
3 132 132 64 1
3 133 131 65 1
3 134 134 64 1
3 135 133 65 1
3 136 136 66 1
3 137 135 67 1
3 138 138 66 1
3 139 137 67 1
3 140 140 68 1
3 141 139 67 1
3 142 142 68 1
3 143 141 69 1
3 144 144 70 1
3 145 143 69 1
3 146 146 70 1
3 147 145 71 1
3 148 148 72 1
3 149 147 71 1
3 150 150 72 1
3 151 149 73 1
3 152 152 74 1
3 153 151 73 1
3 154 154 74 1
3 155 153 75 1
3 156 156 76 1
3 157 155 75 1
3 158 158 76 1
3 159 157 77 1
3 160 160 78 1
3 161 159 77 1
3 162 162 78 1
3 163 161 79 1
3 164 164 78 1
3 165 163 79 1
3 166 166 80 1
3 167 165 81 1
3 168 168 80 1
3 169 167 81 1
3 170 170 82 1
3 171 169 83 1
3 172 172 82 1
3 173 171 83 1
3 174 174 84 1
3 175 173 85 1
3 176 176 84 1
3 177 175 85 1
3 178 178 86 1
3 179 177 87 1
3 180 180 86 1
3 181 179 87 1
3 182 182 88 1
3 183 181 89 1
3 184 184 88 1
3 185 183 89 1
3 186 186 90 1
3 187 185 89 1
3 188 188 90 1
3 189 187 91 1
3 190 190 92 1
3 191 189 91 1
3 192 192 92 1
3 193 191 93 1
3 194 194 94 1
3 195 193 93 1
3 196 196 94 1
3 197 195 95 1
3 198 198 96 1
3 199 197 95 1
3 200 200 96 1
3 201 199 97 1
3 202 202 98 1
3 203 201 97 1
3 204 204 98 1
3 205 203 99 1
3 206 206 100 1
3 207 205 99 1
3 208 208 100 1
3 209 207 101 1
3 210 210 102 1
3 211 209 101 1
3 212 212 102 1
3 213 211 103 1
3 214 214 102 1
3 215 213 103 1
3 216 216 104 1
3 217 215 105 1
3 218 218 104 1
3 219 217 105 1
3 220 220 106 1
3 221 219 107 1
3 222 222 106 1
3 223 221 107 1
3 224 224 108 1
3 225 223 109 1
3 226 226 108 1
3 227 225 109 1
3 228 228 110 1
3 229 227 111 1
3 230 230 110 1
3 231 229 111 1
3 232 232 112 1
3 233 231 113 1
3 234 234 112 1
3 235 233 113 1
3 236 236 114 1
3 237 235 113 1
3 238 238 114 1
3 239 237 115 1
3 240 240 116 1
3 241 239 115 1
3 242 242 116 1
3 243 241 117 1
3 244 244 118 1
3 245 243 117 1
3 246 246 118 1
3 247 245 119 1
3 248 248 120 1
3 249 247 119 1
3 250 250 120 1
3 251 249 121 1
3 252 252 122 1
3 253 251 121 1
3 254 254 122 1
3 255 253 123 1
3 256 256 124 1
3 257 255 123 1
3 258 258 124 1
3 259 257 125 1
3 260 260 124 1
3 261 259 125 1
3 262 262 126 1
3 263 261 127 1
3 264 264 126 1
3 265 263 127 1
3 266 266 128 1
3 267 265 129 1
3 268 268 128 1
3 269 267 129 1
3 270 270 130 1
3 271 269 131 1
3 272 272 130 1
3 273 271 131 1
3 274 274 132 1
3 275 273 133 1
3 276 276 132 1
3 277 275 133 1
3 278 278 134 1
3 279 277 135 1
3 280 280 134 1
3 281 279 135 1
3 282 282 136 1
3 283 281 135 1
3 284 284 136 1
3 285 283 137 1
3 286 286 138 1
3 287 285 137 1
3 288 288 138 1
3 289 287 139 1
3 290 290 140 1
3 291 289 139 1
3 292 292 140 1
3 293 291 141 1
3 294 294 142 1
3 295 293 141 1
3 296 296 142 1
3 297 295 143 1
3 298 298 144 1
3 299 297 143 1
3 300 300 144 1
4 9 7 5 1
4 10 8 8 1
4 11 9 7 1
4 12 9 9 1
4 13 11 7 1
4 14 11 9 1
4 15 12 12 1
4 16 14 10 1
4 17 14 12 1
4 18 15 11 1
4 19 16 12 1
4 20 16 14 1
4 21 18 16 1
4 22 18 12 1
4 23 19 15 1
4 24 21 17 1
4 25 21 17 1
4 26 22 18 1
4 27 23 17 1
4 28 23 19 1
4 29 25 17 1
4 30 25 19 1
4 31 26 20 1
4 32 28 24 1
4 33 28 22 1
4 34 29 23 1
4 35 30 20 1
4 36 30 22 1
4 37 32 24 1
4 38 32 28 1
4 39 33 25 1
4 40 35 27 1
4 41 35 27 1
4 42 36 28 1
4 43 37 27 1
4 44 37 27 1
4 45 39 31 1
4 46 39 31 1
4 47 40 34 1
4 48 42 28 1
4 49 42 32 1
4 50 43 33 1
4 51 44 34 1
4 52 44 32 1
4 53 46 34 1
4 54 46 36 1
4 55 47 35 1
4 56 49 33 1
4 57 49 35 1
4 58 50 38 1
4 59 51 37 1
4 60 51 41 1
4 61 53 37 1
4 62 53 41 1
4 63 54 40 1
4 64 56 42 1
4 65 56 40 1
4 66 57 41 1
4 67 58 44 1
4 68 58 46 1
4 69 60 44 1
4 70 60 46 1
4 71 61 47 1
4 72 63 45 1
4 73 63 49 1
4 74 64 44 1
4 75 65 49 1
4 76 65 51 1
4 77 67 49 1
4 78 67 51 1
4 79 68 50 1
4 80 70 54 1
4 81 70 52 1
4 82 71 47 1
4 83 72 52 1
4 84 72 56 1
4 85 74 50 1
4 86 74 54 1
4 87 75 53 1
4 88 77 59 1
4 89 77 59 1
4 90 78 56 1
4 91 79 57 1
4 92 79 59 1
4 93 81 61 1
4 94 81 59 1
4 95 82 56 1
4 96 84 62 1
4 97 84 64 1
4 98 85 61 1
4 99 86 64 1
4 100 86 62 1
4 101 88 66 1
4 102 88 64 1
4 103 89 61 1
4 104 91 63 1
4 105 91 67 1
4 106 92 66 1
4 107 93 65 1
4 108 93 61 1
4 109 95 67 1
4 110 95 71 1
4 111 96 68 1
4 112 98 72 1
4 113 98 70 1
4 114 99 73 1
4 115 100 70 1
4 116 100 68 1
4 117 102 72 1
4 118 102 74 1
4 119 103 73 1
4 120 105 75 1
4 121 105 73 1
4 122 106 74 1
4 123 107 75 1
4 124 107 75 1
4 125 109 77 1
4 126 109 75 1
4 127 110 80 1
4 128 112 82 1
4 129 112 78 1
4 130 113 77 1
4 131 114 82 1
4 132 114 80 1
4 133 116 82 1
4 134 116 82 1
4 135 117 85 1
4 136 119 83 1
4 137 119 83 1
4 138 120 84 1
4 139 121 81 1
4 140 121 91 1
4 141 123 87 1
4 142 123 85 1
4 143 124 86 1
4 144 126 88 1
4 145 126 90 1
4 146 127 89 1
4 147 128 88 1
4 148 128 90 1
4 149 130 92 1
4 150 130 90 1
4 151 131 89 1
4 152 133 91 1
4 153 133 95 1
4 154 134 96 1
4 155 135 93 1
4 156 135 95 1
4 157 137 95 1
4 158 137 97 1
4 159 138 94 1
4 160 140 96 1
4 161 140 98 1
4 162 141 101 1
4 163 142 100 1
4 164 142 98 1
4 165 144 94 1
4 166 144 102 1
4 167 145 103 1
4 168 147 101 1
4 169 147 101 1
4 170 148 104 1
4 171 149 103 1
4 172 149 103 1
4 173 151 105 1
4 174 151 105 1
4 175 152 108 1
4 176 154 106 1
4 177 154 108 1
4 178 155 103 1
4 179 156 110 1
4 180 156 112 1
4 181 158 108 1
4 182 158 106 1
4 183 159 111 1
4 184 161 113 1
4 185 161 111 1
4 186 162 110 1
4 187 163 113 1
4 188 163 115 1
4 189 165 111 1
4 190 165 115 1
4 191 166 112 1
4 192 168 116 1
4 193 168 118 1
4 194 169 115 1
4 195 170 114 1
4 196 170 120 1
4 197 172 120 1
4 198 172 116 1
4 199 173 115 1
4 200 175 121 1
4 201 175 125 1
4 202 176 118 1
4 203 177 121 1
4 204 177 119 1
4 205 179 125 1
4 206 179 125 1
4 207 180 120 1
4 208 182 122 1
4 209 182 128 1
4 210 183 125 1
4 211 184 122 1
4 212 184 126 1
4 213 186 130 1
4 214 186 132 1
4 215 187 127 1
4 216 189 129 1
4 217 189 127 1
4 218 190 132 1
4 219 191 133 1
4 220 191 131 1
4 221 193 129 1
4 222 193 135 1
4 223 194 132 1
4 224 196 130 1
4 225 196 134 1
4 226 197 139 1
4 227 198 134 1
4 228 198 132 1
4 229 200 136 1
4 230 200 136 1
4 231 201 139 1
4 232 203 139 1
4 233 203 137 1
4 234 204 138 1
4 235 205 141 1
4 236 205 139 1
4 237 207 139 1
4 238 207 139 1
4 239 208 144 1
4 240 210 144 1
4 241 210 142 1
4 242 211 145 1
4 243 212 144 1
4 244 212 144 1
4 245 214 146 1
4 246 214 146 1
4 247 215 147 1
4 248 217 149 1
4 249 217 147 1
4 250 218 142 1
4 251 219 145 1
4 252 219 151 1
4 253 221 153 1
4 254 221 151 1
4 255 222 154 1
4 256 224 150 1
4 257 224 150 1
4 258 225 151 1
4 259 226 152 1
4 260 226 152 1
4 261 228 154 1
4 262 228 156 1
4 263 229 153 1
4 264 231 155 1
4 265 231 155 1
4 266 232 160 1
4 267 233 155 1
4 268 233 159 1
4 269 235 159 1
4 270 235 157 1
4 271 236 160 1
4 272 238 162 1
4 273 238 160 1
4 274 239 161 1
4 275 240 162 1
4 276 240 162 1
4 277 242 160 1
4 278 242 162 1
4 279 243 165 1
4 280 245 165 1
4 281 245 167 1
4 282 246 166 1
4 283 247 167 1
4 284 247 165 1
4 285 249 167 1
4 286 249 167 1
4 287 250 170 1
4 288 252 172 1
4 289 252 172 1
4 290 253 167 1
4 291 254 168 1
4 292 254 172 1
4 293 256 172 1
4 294 256 174 1
4 295 257 175 1
4 296 259 175 1
4 297 259 177 1
4 298 260 174 1
4 299 261 175 1
4 300 261 175 1
