2 1 3 3
2 1 5 7
2 1 7 15
2 1 9 31
2 1 11 63
2 2 3 3 7
2 2 3 5 15
2 2 3 7 31
2 2 3 9 63
2 2 3 11 127
2 2 5 5 31
2 2 5 7 63
2 2 5 9 127
2 2 5 11 255
2 2 7 7 127
2 2 7 9 255
2 2 7 11 511
2 2 9 9 511
2 2 9 11 1023
2 2 11 11 2047
2 3 3 3 3 15
2 3 3 3 5 31
2 3 3 3 7 63
2 3 3 3 9 127
2 3 3 3 11 255
2 3 3 5 5 63
2 3 3 5 7 127
2 3 3 5 9 255
2 3 3 5 11 511
2 3 3 7 7 255
2 3 3 7 9 511
2 3 3 7 11 1023
2 3 3 9 9 1023
2 3 3 9 11 2047
2 3 3 11 11 4095
2 3 5 5 5 127
2 3 5 5 7 255
2 3 5 5 9 511
2 3 5 5 11 1023
2 3 5 7 7 511
2 3 5 7 9 1023
2 3 5 7 11 2047
2 3 5 9 9 2047
2 3 5 9 11 4095
2 3 5 11 11 8191
2 3 7 7 7 1023
2 3 7 7 9 2047
2 3 7 7 11 4095
2 3 7 9 9 4095
2 3 7 9 11 8191
2 3 7 11 11 16383
2 3 9 9 9 8191
2 3 9 9 11 16383
2 3 9 11 11 32767
2 3 11 11 11 65535
2 4 3 3 3 3 31
2 4 3 3 3 5 63
2 4 3 3 3 7 127
2 4 3 3 3 9 255
2 4 3 3 3 11 511
2 4 3 3 5 5 127
2 4 3 3 5 7 255
2 4 3 3 5 9 511
2 4 3 3 5 11 1023
2 4 3 3 7 7 511
2 4 3 3 7 9 1023
2 4 3 3 7 11 2047
2 4 3 3 9 9 2047
2 4 3 3 9 11 4095
2 4 3 3 11 11 8191
2 4 3 5 5 5 255
2 4 3 5 5 7 511
2 4 3 5 5 9 1023
2 4 3 5 5 11 2047
2 4 3 5 7 7 1023
2 4 3 5 7 9 2047
2 4 3 5 7 11 4095
2 4 3 5 9 9 4095
2 4 3 5 9 11 8191
2 4 3 5 11 11 16383
2 4 3 7 7 7 2047
2 4 3 7 7 9 4095
2 4 3 7 7 11 8191
2 4 3 7 9 9 8191
2 4 3 7 9 11 16383
2 4 3 7 11 11 32767
2 4 3 9 9 9 16383
2 4 3 9 9 11 32767
2 4 3 9 11 11 65535
2 4 3 11 11 11 131071
2 4 5 5 5 5 511
2 4 5 5 5 7 1023
2 4 5 5 5 9 2047
2 4 5 5 5 11 4095
2 4 5 5 7 7 2047
2 4 5 5 7 9 4095
2 4 5 5 7 11 8191
2 4 5 5 9 9 8191
2 4 5 5 9 11 16383
2 4 5 5 11 11 32767
2 4 5 7 7 7 4095
2 4 5 7 7 9 8191
2 4 5 7 7 11 16383
2 4 5 7 9 9 16383
2 4 5 7 9 11 32767
2 4 5 7 11 11 65535
2 4 5 9 9 9 32767
2 4 5 9 9 11 65535
2 4 5 9 11 11 131071
2 4 5 11 11 11 262143
2 4 7 7 7 7 8191
2 4 7 7 7 9 16383
2 4 7 7 7 11 32767
2 4 7 7 9 9 32767
2 4 7 7 9 11 65535
2 4 7 7 11 11 131071
2 4 7 9 9 9 65535
2 4 7 9 9 11 131071
2 4 7 9 11 11 262143
2 4 7 11 11 11 524287
2 4 9 9 9 9 131071
2 4 9 9 9 11 262143
2 4 9 9 11 11 524287
2 4 9 11 11 11 1048575
2 4 11 11 11 11 2097151
2 5 3 3 3 3 3 63
2 5 3 3 3 3 5 127
2 5 3 3 3 3 7 255
2 5 3 3 3 3 9 511
2 5 3 3 3 3 11 1023
2 5 3 3 3 5 5 255
2 5 3 3 3 5 7 511
2 5 3 3 3 5 9 1023
2 5 3 3 3 5 11 2047
2 5 3 3 3 7 7 1023
2 5 3 3 3 7 9 2047
2 5 3 3 3 7 11 4095
2 5 3 3 3 9 9 4095
2 5 3 3 3 9 11 8191
2 5 3 3 3 11 11 16383
2 5 3 3 5 5 5 511
2 5 3 3 5 5 7 1023
2 5 3 3 5 5 9 2047
2 5 3 3 5 5 11 4095
2 5 3 3 5 7 7 2047
2 5 3 3 5 7 9 4095
2 5 3 3 5 7 11 8191
2 5 3 3 5 9 9 8191
2 5 3 3 5 9 11 16383
2 5 3 3 5 11 11 32767
2 5 3 3 7 7 7 4095
2 5 3 3 7 7 9 8191
2 5 3 3 7 7 11 16383
2 5 3 3 7 9 9 16383
2 5 3 3 7 9 11 32767
2 5 3 3 7 11 11 65535
2 5 3 3 9 9 9 32767
2 5 3 3 9 9 11 65535
2 5 3 3 9 11 11 131071
2 5 3 3 11 11 11 262143
2 5 3 5 5 5 5 1023
2 5 3 5 5 5 7 2047
2 5 3 5 5 5 9 4095
2 5 3 5 5 5 11 8191
2 5 3 5 5 7 7 4095
2 5 3 5 5 7 9 8191
2 5 3 5 5 7 11 16383
2 5 3 5 5 9 9 16383
2 5 3 5 5 9 11 32767
2 5 3 5 5 11 11 65535
2 5 3 5 7 7 7 8191
2 5 3 5 7 7 9 16383
2 5 3 5 7 7 11 32767
2 5 3 5 7 9 9 32767
2 5 3 5 7 9 11 65535
2 5 3 5 7 11 11 131071
2 5 3 5 9 9 9 65535
2 5 3 5 9 9 11 131071
2 5 3 5 9 11 11 262143
2 5 3 5 11 11 11 524287
2 5 3 7 7 7 7 16383
2 5 3 7 7 7 9 32767
2 5 3 7 7 7 11 65535
2 5 3 7 7 9 9 65535
2 5 3 7 7 9 11 131071
2 5 3 7 7 11 11 262143
2 5 3 7 9 9 9 131071
2 5 3 7 9 9 11 262143
2 5 3 7 9 11 11 524287
2 5 3 7 11 11 11 1048575
2 5 3 9 9 9 9 262143
2 5 3 9 9 9 11 524287
2 5 3 9 9 11 11 1048575
2 5 3 9 11 11 11 2097151
2 5 3 11 11 11 11 4194303
2 5 5 5 5 5 5 2047
2 5 5 5 5 5 7 4095
2 5 5 5 5 5 9 8191
2 5 5 5 5 5 11 16383
2 5 5 5 5 7 7 8191
2 5 5 5 5 7 9 16383
2 5 5 5 5 7 11 32767
2 5 5 5 5 9 9 32767
2 5 5 5 5 9 11 65535
2 5 5 5 5 11 11 131071
2 5 5 5 7 7 7 16383
2 5 5 5 7 7 9 32767
2 5 5 5 7 7 11 65535
2 5 5 5 7 9 9 65535
2 5 5 5 7 9 11 131071
2 5 5 5 7 11 11 262143
2 5 5 5 9 9 9 131071
2 5 5 5 9 9 11 262143
2 5 5 5 9 11 11 524287
2 5 5 5 11 11 11 1048575
2 5 5 7 7 7 7 32767
2 5 5 7 7 7 9 65535
2 5 5 7 7 7 11 131071
2 5 5 7 7 9 9 131071
2 5 5 7 7 9 11 262143
2 5 5 7 7 11 11 524287
2 5 5 7 9 9 9 262143
2 5 5 7 9 9 11 524287
2 5 5 7 9 11 11 1048575
2 5 5 7 11 11 11 2097151
2 5 5 9 9 9 9 524287
2 5 5 9 9 9 11 1048575
2 5 5 9 9 11 11 2097151
2 5 5 9 11 11 11 4194303
2 5 5 11 11 11 11 8388607
2 5 7 7 7 7 7 65535
2 5 7 7 7 7 9 131071
2 5 7 7 7 7 11 262143
2 5 7 7 7 9 9 262143
2 5 7 7 7 9 11 524287
2 5 7 7 7 11 11 1048575
2 5 7 7 9 9 9 524287
2 5 7 7 9 9 11 1048575
2 5 7 7 9 11 11 2097151
2 5 7 7 11 11 11 4194303
2 5 7 9 9 9 9 1048575
2 5 7 9 9 9 11 2097151
2 5 7 9 9 11 11 4194303
2 5 7 9 11 11 11 8388607
2 5 7 11 11 11 11 16777215
2 5 9 9 9 9 9 2097151
2 5 9 9 9 9 11 4194303
2 5 9 9 9 11 11 8388607
2 5 9 9 11 11 11 16777215
2 5 9 11 11 11 11 33554431
2 5 11 11 11 11 11 67108863
2 6 3 3 3 3 3 3 127
2 6 3 3 3 3 3 5 255
2 6 3 3 3 3 3 7 511
2 6 3 3 3 3 3 9 1023
2 6 3 3 3 3 3 11 2047
2 6 3 3 3 3 5 5 511
2 6 3 3 3 3 5 7 1023
2 6 3 3 3 3 5 9 2047
2 6 3 3 3 3 5 11 4095
2 6 3 3 3 3 7 7 2047
2 6 3 3 3 3 7 9 4095
2 6 3 3 3 3 7 11 8191
2 6 3 3 3 3 9 9 8191
2 6 3 3 3 3 9 11 16383
2 6 3 3 3 3 11 11 32767
2 6 3 3 3 5 5 5 1023
2 6 3 3 3 5 5 7 2047
2 6 3 3 3 5 5 9 4095
2 6 3 3 3 5 5 11 8191
2 6 3 3 3 5 7 7 4095
2 6 3 3 3 5 7 9 8191
2 6 3 3 3 5 7 11 16383
2 6 3 3 3 5 9 9 16383
2 6 3 3 3 5 9 11 32767
2 6 3 3 3 5 11 11 65535
2 6 3 3 3 7 7 7 8191
2 6 3 3 3 7 7 9 16383
2 6 3 3 3 7 7 11 32767
2 6 3 3 3 7 9 9 32767
2 6 3 3 3 7 9 11 65535
2 6 3 3 3 7 11 11 131071
2 6 3 3 3 9 9 9 65535
2 6 3 3 3 9 9 11 131071
2 6 3 3 3 9 11 11 262143
2 6 3 3 3 11 11 11 524287
2 6 3 3 5 5 5 5 2047
2 6 3 3 5 5 5 7 4095
2 6 3 3 5 5 5 9 8191
2 6 3 3 5 5 5 11 16383
2 6 3 3 5 5 7 7 8191
2 6 3 3 5 5 7 9 16383
2 6 3 3 5 5 7 11 32767
2 6 3 3 5 5 9 9 32767
2 6 3 3 5 5 9 11 65535
2 6 3 3 5 5 11 11 131071
2 6 3 3 5 7 7 7 16383
2 6 3 3 5 7 7 9 32767
2 6 3 3 5 7 7 11 65535
2 6 3 3 5 7 9 9 65535
2 6 3 3 5 7 9 11 131071
2 6 3 3 5 7 11 11 262143
2 6 3 3 5 9 9 9 131071
2 6 3 3 5 9 9 11 262143
2 6 3 3 5 9 11 11 524287
2 6 3 3 5 11 11 11 1048575
2 6 3 3 7 7 7 7 32767
2 6 3 3 7 7 7 9 65535
2 6 3 3 7 7 7 11 131071
2 6 3 3 7 7 9 9 131071
2 6 3 3 7 7 9 11 262143
2 6 3 3 7 7 11 11 524287
2 6 3 3 7 9 9 9 262143
2 6 3 3 7 9 9 11 524287
2 6 3 3 7 9 11 11 1048575
2 6 3 3 7 11 11 11 2097151
2 6 3 3 9 9 9 9 524287
2 6 3 3 9 9 9 11 1048575
2 6 3 3 9 9 11 11 2097151
2 6 3 3 9 11 11 11 4194303
2 6 3 3 11 11 11 11 8388607
2 6 3 5 5 5 5 5 4095
2 6 3 5 5 5 5 7 8191
2 6 3 5 5 5 5 9 16383
2 6 3 5 5 5 5 11 32767
2 6 3 5 5 5 7 7 16383
2 6 3 5 5 5 7 9 32767
2 6 3 5 5 5 7 11 65535
2 6 3 5 5 5 9 9 65535
2 6 3 5 5 5 9 11 131071
2 6 3 5 5 5 11 11 262143
2 6 3 5 5 7 7 7 32767
2 6 3 5 5 7 7 9 65535
2 6 3 5 5 7 7 11 131071
2 6 3 5 5 7 9 9 131071
2 6 3 5 5 7 9 11 262143
2 6 3 5 5 7 11 11 524287
2 6 3 5 5 9 9 9 262143
2 6 3 5 5 9 9 11 524287
2 6 3 5 5 9 11 11 1048575
2 6 3 5 5 11 11 11 2097151
2 6 3 5 7 7 7 7 65535
2 6 3 5 7 7 7 9 131071
2 6 3 5 7 7 7 11 262143
2 6 3 5 7 7 9 9 262143
2 6 3 5 7 7 9 11 524287
2 6 3 5 7 7 11 11 1048575
2 6 3 5 7 9 9 9 524287
2 6 3 5 7 9 9 11 1048575
2 6 3 5 7 9 11 11 2097151
2 6 3 5 7 11 11 11 4194303
2 6 3 5 9 9 9 9 1048575
2 6 3 5 9 9 9 11 2097151
2 6 3 5 9 9 11 11 4194303
2 6 3 5 9 11 11 11 8388607
2 6 3 5 11 11 11 11 16777215
2 6 3 7 7 7 7 7 131071
2 6 3 7 7 7 7 9 262143
2 6 3 7 7 7 7 11 524287
2 6 3 7 7 7 9 9 524287
2 6 3 7 7 7 9 11 1048575
2 6 3 7 7 7 11 11 2097151
2 6 3 7 7 9 9 9 1048575
2 6 3 7 7 9 9 11 2097151
2 6 3 7 7 9 11 11 4194303
2 6 3 7 7 11 11 11 8388607
2 6 3 7 9 9 9 9 2097151
2 6 3 7 9 9 9 11 4194303
2 6 3 7 9 9 11 11 8388607
2 6 3 7 9 11 11 11 16777215
2 6 3 7 11 11 11 11 33554431
2 6 3 9 9 9 9 9 4194303
2 6 3 9 9 9 9 11 8388607
2 6 3 9 9 9 11 11 16777215
2 6 3 9 9 11 11 11 33554431
2 6 3 9 11 11 11 11 67108863
2 6 3 11 11 11 11 11 134217727
2 6 5 5 5 5 5 5 8191
2 6 5 5 5 5 5 7 16383
2 6 5 5 5 5 5 9 32767
2 6 5 5 5 5 5 11 65535
2 6 5 5 5 5 7 7 32767
2 6 5 5 5 5 7 9 65535
2 6 5 5 5 5 7 11 131071
2 6 5 5 5 5 9 9 131071
2 6 5 5 5 5 9 11 262143
2 6 5 5 5 5 11 11 524287
2 6 5 5 5 7 7 7 65535
2 6 5 5 5 7 7 9 131071
2 6 5 5 5 7 7 11 262143
2 6 5 5 5 7 9 9 262143
2 6 5 5 5 7 9 11 524287
2 6 5 5 5 7 11 11 1048575
2 6 5 5 5 9 9 9 524287
2 6 5 5 5 9 9 11 1048575
2 6 5 5 5 9 11 11 2097151
2 6 5 5 5 11 11 11 4194303
2 6 5 5 7 7 7 7 131071
2 6 5 5 7 7 7 9 262143
2 6 5 5 7 7 7 11 524287
2 6 5 5 7 7 9 9 524287
2 6 5 5 7 7 9 11 1048575
2 6 5 5 7 7 11 11 2097151
2 6 5 5 7 9 9 9 1048575
2 6 5 5 7 9 9 11 2097151
2 6 5 5 7 9 11 11 4194303
2 6 5 5 7 11 11 11 8388607
2 6 5 5 9 9 9 9 2097151
2 6 5 5 9 9 9 11 4194303
2 6 5 5 9 9 11 11 8388607
2 6 5 5 9 11 11 11 16777215
2 6 5 5 11 11 11 11 33554431
2 6 5 7 7 7 7 7 262143
2 6 5 7 7 7 7 9 524287
2 6 5 7 7 7 7 11 1048575
2 6 5 7 7 7 9 9 1048575
2 6 5 7 7 7 9 11 2097151
2 6 5 7 7 7 11 11 4194303
2 6 5 7 7 9 9 9 2097151
2 6 5 7 7 9 9 11 4194303
2 6 5 7 7 9 11 11 8388607
2 6 5 7 7 11 11 11 16777215
2 6 5 7 9 9 9 9 4194303
2 6 5 7 9 9 9 11 8388607
2 6 5 7 9 9 11 11 16777215
2 6 5 7 9 11 11 11 33554431
2 6 5 7 11 11 11 11 67108863
2 6 5 9 9 9 9 9 8388607
2 6 5 9 9 9 9 11 16777215
2 6 5 9 9 9 11 11 33554431
2 6 5 9 9 11 11 11 67108863
2 6 5 9 11 11 11 11 134217727
2 6 5 11 11 11 11 11 268435455
2 6 7 7 7 7 7 7 524287
2 6 7 7 7 7 7 9 1048575
2 6 7 7 7 7 7 11 2097151
2 6 7 7 7 7 9 9 2097151
2 6 7 7 7 7 9 11 4194303
2 6 7 7 7 7 11 11 8388607
2 6 7 7 7 9 9 9 4194303
2 6 7 7 7 9 9 11 8388607
2 6 7 7 7 9 11 11 16777215
2 6 7 7 7 11 11 11 33554431
2 6 7 7 9 9 9 9 8388607
2 6 7 7 9 9 9 11 16777215
2 6 7 7 9 9 11 11 33554431
2 6 7 7 9 11 11 11 67108863
2 6 7 7 11 11 11 11 134217727
2 6 7 9 9 9 9 9 16777215
2 6 7 9 9 9 9 11 33554431
2 6 7 9 9 9 11 11 67108863
2 6 7 9 9 11 11 11 134217727
2 6 7 9 11 11 11 11 268435455
2 6 7 11 11 11 11 11 536870911
2 6 9 9 9 9 9 9 33554431
2 6 9 9 9 9 9 11 67108863
2 6 9 9 9 9 11 11 134217727
2 6 9 9 9 11 11 11 268435455
2 6 9 9 11 11 11 11 536870911
2 6 9 11 11 11 11 11 1073741823
2 6 11 11 11 11 11 11 2147483647
2 7 3 3 3 3 3 3 3 255
2 7 3 3 3 3 3 3 5 511
2 7 3 3 3 3 3 3 7 1023
2 7 3 3 3 3 3 3 9 2047
2 7 3 3 3 3 3 3 11 4095
2 7 3 3 3 3 3 5 5 1023
2 7 3 3 3 3 3 5 7 2047
2 7 3 3 3 3 3 5 9 4095
2 7 3 3 3 3 3 5 11 8191
2 7 3 3 3 3 3 7 7 4095
2 7 3 3 3 3 3 7 9 8191
2 7 3 3 3 3 3 7 11 16383
2 7 3 3 3 3 3 9 9 16383
2 7 3 3 3 3 3 9 11 32767
2 7 3 3 3 3 3 11 11 65535
2 7 3 3 3 3 5 5 5 2047
2 7 3 3 3 3 5 5 7 4095
2 7 3 3 3 3 5 5 9 8191
2 7 3 3 3 3 5 5 11 16383
2 7 3 3 3 3 5 7 7 8191
2 7 3 3 3 3 5 7 9 16383
2 7 3 3 3 3 5 7 11 32767
2 7 3 3 3 3 5 9 9 32767
2 7 3 3 3 3 5 9 11 65535
2 7 3 3 3 3 5 11 11 131071
2 7 3 3 3 3 7 7 7 16383
2 7 3 3 3 3 7 7 9 32767
2 7 3 3 3 3 7 7 11 65535
2 7 3 3 3 3 7 9 9 65535
2 7 3 3 3 3 7 9 11 131071
2 7 3 3 3 3 7 11 11 262143
2 7 3 3 3 3 9 9 9 131071
2 7 3 3 3 3 9 9 11 262143
2 7 3 3 3 3 9 11 11 524287
2 7 3 3 3 3 11 11 11 1048575
2 7 3 3 3 5 5 5 5 4095
2 7 3 3 3 5 5 5 7 8191
2 7 3 3 3 5 5 5 9 16383
2 7 3 3 3 5 5 5 11 32767
2 7 3 3 3 5 5 7 7 16383
2 7 3 3 3 5 5 7 9 32767
2 7 3 3 3 5 5 7 11 65535
2 7 3 3 3 5 5 9 9 65535
2 7 3 3 3 5 5 9 11 131071
2 7 3 3 3 5 5 11 11 262143
2 7 3 3 3 5 7 7 7 32767
2 7 3 3 3 5 7 7 9 65535
2 7 3 3 3 5 7 7 11 131071
2 7 3 3 3 5 7 9 9 131071
2 7 3 3 3 5 7 9 11 262143
2 7 3 3 3 5 7 11 11 524287
2 7 3 3 3 5 9 9 9 262143
2 7 3 3 3 5 9 9 11 524287
2 7 3 3 3 5 9 11 11 1048575
2 7 3 3 3 5 11 11 11 2097151
2 7 3 3 3 7 7 7 7 65535
2 7 3 3 3 7 7 7 9 131071
2 7 3 3 3 7 7 7 11 262143
2 7 3 3 3 7 7 9 9 262143
2 7 3 3 3 7 7 9 11 524287
2 7 3 3 3 7 7 11 11 1048575
2 7 3 3 3 7 9 9 9 524287
2 7 3 3 3 7 9 9 11 1048575
2 7 3 3 3 7 9 11 11 2097151
2 7 3 3 3 7 11 11 11 4194303
2 7 3 3 3 9 9 9 9 1048575
2 7 3 3 3 9 9 9 11 2097151
2 7 3 3 3 9 9 11 11 4194303
2 7 3 3 3 9 11 11 11 8388607
2 7 3 3 3 11 11 11 11 16777215
2 7 3 3 5 5 5 5 5 8191
2 7 3 3 5 5 5 5 7 16383
2 7 3 3 5 5 5 5 9 32767
2 7 3 3 5 5 5 5 11 65535
2 7 3 3 5 5 5 7 7 32767
2 7 3 3 5 5 5 7 9 65535
2 7 3 3 5 5 5 7 11 131071
2 7 3 3 5 5 5 9 9 131071
2 7 3 3 5 5 5 9 11 262143
2 7 3 3 5 5 5 11 11 524287
2 7 3 3 5 5 7 7 7 65535
2 7 3 3 5 5 7 7 9 131071
2 7 3 3 5 5 7 7 11 262143
2 7 3 3 5 5 7 9 9 262143
2 7 3 3 5 5 7 9 11 524287
2 7 3 3 5 5 7 11 11 1048575
2 7 3 3 5 5 9 9 9 524287
2 7 3 3 5 5 9 9 11 1048575
2 7 3 3 5 5 9 11 11 2097151
2 7 3 3 5 5 11 11 11 4194303
2 7 3 3 5 7 7 7 7 131071
2 7 3 3 5 7 7 7 9 262143
2 7 3 3 5 7 7 7 11 524287
2 7 3 3 5 7 7 9 9 524287
2 7 3 3 5 7 7 9 11 1048575
2 7 3 3 5 7 7 11 11 2097151
2 7 3 3 5 7 9 9 9 1048575
2 7 3 3 5 7 9 9 11 2097151
2 7 3 3 5 7 9 11 11 4194303
2 7 3 3 5 7 11 11 11 8388607
2 7 3 3 5 9 9 9 9 2097151
2 7 3 3 5 9 9 9 11 4194303
2 7 3 3 5 9 9 11 11 8388607
2 7 3 3 5 9 11 11 11 16777215
2 7 3 3 5 11 11 11 11 33554431
2 7 3 3 7 7 7 7 7 262143
2 7 3 3 7 7 7 7 9 524287
2 7 3 3 7 7 7 7 11 1048575
2 7 3 3 7 7 7 9 9 1048575
2 7 3 3 7 7 7 9 11 2097151
2 7 3 3 7 7 7 11 11 4194303
2 7 3 3 7 7 9 9 9 2097151
2 7 3 3 7 7 9 9 11 4194303
2 7 3 3 7 7 9 11 11 8388607
2 7 3 3 7 7 11 11 11 16777215
2 7 3 3 7 9 9 9 9 4194303
2 7 3 3 7 9 9 9 11 8388607
2 7 3 3 7 9 9 11 11 16777215
2 7 3 3 7 9 11 11 11 33554431
2 7 3 3 7 11 11 11 11 67108863
2 7 3 3 9 9 9 9 9 8388607
2 7 3 3 9 9 9 9 11 16777215
2 7 3 3 9 9 9 11 11 33554431
2 7 3 3 9 9 11 11 11 67108863
2 7 3 3 9 11 11 11 11 134217727
2 7 3 3 11 11 11 11 11 268435455
2 7 3 5 5 5 5 5 5 16383
2 7 3 5 5 5 5 5 7 32767
2 7 3 5 5 5 5 5 9 65535
2 7 3 5 5 5 5 5 11 131071
2 7 3 5 5 5 5 7 7 65535
2 7 3 5 5 5 5 7 9 131071
2 7 3 5 5 5 5 7 11 262143
2 7 3 5 5 5 5 9 9 262143
2 7 3 5 5 5 5 9 11 524287
2 7 3 5 5 5 5 11 11 1048575
2 7 3 5 5 5 7 7 7 131071
2 7 3 5 5 5 7 7 9 262143
2 7 3 5 5 5 7 7 11 524287
2 7 3 5 5 5 7 9 9 524287
2 7 3 5 5 5 7 9 11 1048575
2 7 3 5 5 5 7 11 11 2097151
2 7 3 5 5 5 9 9 9 1048575
2 7 3 5 5 5 9 9 11 2097151
2 7 3 5 5 5 9 11 11 4194303
2 7 3 5 5 5 11 11 11 8388607
2 7 3 5 5 7 7 7 7 262143
2 7 3 5 5 7 7 7 9 524287
2 7 3 5 5 7 7 7 11 1048575
2 7 3 5 5 7 7 9 9 1048575
2 7 3 5 5 7 7 9 11 2097151
2 7 3 5 5 7 7 11 11 4194303
2 7 3 5 5 7 9 9 9 2097151
2 7 3 5 5 7 9 9 11 4194303
2 7 3 5 5 7 9 11 11 8388607
2 7 3 5 5 7 11 11 11 16777215
2 7 3 5 5 9 9 9 9 4194303
2 7 3 5 5 9 9 9 11 8388607
2 7 3 5 5 9 9 11 11 16777215
2 7 3 5 5 9 11 11 11 33554431
2 7 3 5 5 11 11 11 11 67108863
2 7 3 5 7 7 7 7 7 524287
2 7 3 5 7 7 7 7 9 1048575
2 7 3 5 7 7 7 7 11 2097151
2 7 3 5 7 7 7 9 9 2097151
2 7 3 5 7 7 7 9 11 4194303
2 7 3 5 7 7 7 11 11 8388607
2 7 3 5 7 7 9 9 9 4194303
2 7 3 5 7 7 9 9 11 8388607
2 7 3 5 7 7 9 11 11 16777215
2 7 3 5 7 7 11 11 11 33554431
2 7 3 5 7 9 9 9 9 8388607
2 7 3 5 7 9 9 9 11 16777215
2 7 3 5 7 9 9 11 11 33554431
2 7 3 5 7 9 11 11 11 67108863
2 7 3 5 7 11 11 11 11 134217727
2 7 3 5 9 9 9 9 9 16777215
2 7 3 5 9 9 9 9 11 33554431
2 7 3 5 9 9 9 11 11 67108863
2 7 3 5 9 9 11 11 11 134217727
2 7 3 5 9 11 11 11 11 268435455
2 7 3 5 11 11 11 11 11 536870911
2 7 3 7 7 7 7 7 7 1048575
2 7 3 7 7 7 7 7 9 2097151
2 7 3 7 7 7 7 7 11 4194303
2 7 3 7 7 7 7 9 9 4194303
2 7 3 7 7 7 7 9 11 8388607
2 7 3 7 7 7 7 11 11 16777215
2 7 3 7 7 7 9 9 9 8388607
2 7 3 7 7 7 9 9 11 16777215
2 7 3 7 7 7 9 11 11 33554431
2 7 3 7 7 7 11 11 11 67108863
2 7 3 7 7 9 9 9 9 16777215
2 7 3 7 7 9 9 9 11 33554431
2 7 3 7 7 9 9 11 11 67108863
2 7 3 7 7 9 11 11 11 134217727
2 7 3 7 7 11 11 11 11 268435455
2 7 3 7 9 9 9 9 9 33554431
2 7 3 7 9 9 9 9 11 67108863
2 7 3 7 9 9 9 11 11 134217727
2 7 3 7 9 9 11 11 11 268435455
2 7 3 7 9 11 11 11 11 536870911
2 7 3 7 11 11 11 11 11 1073741823
2 7 3 9 9 9 9 9 9 67108863
2 7 3 9 9 9 9 9 11 134217727
2 7 3 9 9 9 9 11 11 268435455
2 7 3 9 9 9 11 11 11 536870911
2 7 3 9 9 11 11 11 11 1073741823
2 7 3 9 11 11 11 11 11 2147483647
2 7 3 11 11 11 11 11 11 4294967295
2 7 5 5 5 5 5 5 5 32767
2 7 5 5 5 5 5 5 7 65535
2 7 5 5 5 5 5 5 9 131071
2 7 5 5 5 5 5 5 11 262143
2 7 5 5 5 5 5 7 7 131071
2 7 5 5 5 5 5 7 9 262143
2 7 5 5 5 5 5 7 11 524287
2 7 5 5 5 5 5 9 9 524287
2 7 5 5 5 5 5 9 11 1048575
2 7 5 5 5 5 5 11 11 2097151
2 7 5 5 5 5 7 7 7 262143
2 7 5 5 5 5 7 7 9 524287
2 7 5 5 5 5 7 7 11 1048575
2 7 5 5 5 5 7 9 9 1048575
2 7 5 5 5 5 7 9 11 2097151
2 7 5 5 5 5 7 11 11 4194303
2 7 5 5 5 5 9 9 9 2097151
2 7 5 5 5 5 9 9 11 4194303
2 7 5 5 5 5 9 11 11 8388607
2 7 5 5 5 5 11 11 11 16777215
2 7 5 5 5 7 7 7 7 524287
2 7 5 5 5 7 7 7 9 1048575
2 7 5 5 5 7 7 7 11 2097151
2 7 5 5 5 7 7 9 9 2097151
2 7 5 5 5 7 7 9 11 4194303
2 7 5 5 5 7 7 11 11 8388607
2 7 5 5 5 7 9 9 9 4194303
2 7 5 5 5 7 9 9 11 8388607
2 7 5 5 5 7 9 11 11 16777215
2 7 5 5 5 7 11 11 11 33554431
2 7 5 5 5 9 9 9 9 8388607
2 7 5 5 5 9 9 9 11 16777215
2 7 5 5 5 9 9 11 11 33554431
2 7 5 5 5 9 11 11 11 67108863
2 7 5 5 5 11 11 11 11 134217727
2 7 5 5 7 7 7 7 7 1048575
2 7 5 5 7 7 7 7 9 2097151
2 7 5 5 7 7 7 7 11 4194303
2 7 5 5 7 7 7 9 9 4194303
2 7 5 5 7 7 7 9 11 8388607
2 7 5 5 7 7 7 11 11 16777215
2 7 5 5 7 7 9 9 9 8388607
2 7 5 5 7 7 9 9 11 16777215
2 7 5 5 7 7 9 11 11 33554431
2 7 5 5 7 7 11 11 11 67108863
2 7 5 5 7 9 9 9 9 16777215
2 7 5 5 7 9 9 9 11 33554431
2 7 5 5 7 9 9 11 11 67108863
2 7 5 5 7 9 11 11 11 134217727
2 7 5 5 7 11 11 11 11 268435455
2 7 5 5 9 9 9 9 9 33554431
2 7 5 5 9 9 9 9 11 67108863
2 7 5 5 9 9 9 11 11 134217727
2 7 5 5 9 9 11 11 11 268435455
2 7 5 5 9 11 11 11 11 536870911
2 7 5 5 11 11 11 11 11 1073741823
2 7 5 7 7 7 7 7 7 2097151
2 7 5 7 7 7 7 7 9 4194303
2 7 5 7 7 7 7 7 11 8388607
2 7 5 7 7 7 7 9 9 8388607
2 7 5 7 7 7 7 9 11 16777215
2 7 5 7 7 7 7 11 11 33554431
2 7 5 7 7 7 9 9 9 16777215
2 7 5 7 7 7 9 9 11 33554431
2 7 5 7 7 7 9 11 11 67108863
2 7 5 7 7 7 11 11 11 134217727
2 7 5 7 7 9 9 9 9 33554431
2 7 5 7 7 9 9 9 11 67108863
2 7 5 7 7 9 9 11 11 134217727
2 7 5 7 7 9 11 11 11 268435455
2 7 5 7 7 11 11 11 11 536870911
2 7 5 7 9 9 9 9 9 67108863
2 7 5 7 9 9 9 9 11 134217727
2 7 5 7 9 9 9 11 11 268435455
2 7 5 7 9 9 11 11 11 536870911
2 7 5 7 9 11 11 11 11 1073741823
2 7 5 7 11 11 11 11 11 2147483647
2 7 5 9 9 9 9 9 9 134217727
2 7 5 9 9 9 9 9 11 268435455
2 7 5 9 9 9 9 11 11 536870911
2 7 5 9 9 9 11 11 11 1073741823
2 7 5 9 9 11 11 11 11 2147483647
2 7 5 9 11 11 11 11 11 4294967295
2 7 5 11 11 11 11 11 11 8589934591
2 7 7 7 7 7 7 7 7 4194303
2 7 7 7 7 7 7 7 9 8388607
2 7 7 7 7 7 7 7 11 16777215
2 7 7 7 7 7 7 9 9 16777215
2 7 7 7 7 7 7 9 11 33554431
2 7 7 7 7 7 7 11 11 67108863
2 7 7 7 7 7 9 9 9 33554431
2 7 7 7 7 7 9 9 11 67108863
2 7 7 7 7 7 9 11 11 134217727
2 7 7 7 7 7 11 11 11 268435455
2 7 7 7 7 9 9 9 9 67108863
2 7 7 7 7 9 9 9 11 134217727
2 7 7 7 7 9 9 11 11 268435455
2 7 7 7 7 9 11 11 11 536870911
2 7 7 7 7 11 11 11 11 1073741823
2 7 7 7 9 9 9 9 9 134217727
2 7 7 7 9 9 9 9 11 268435455
2 7 7 7 9 9 9 11 11 536870911
2 7 7 7 9 9 11 11 11 1073741823
2 7 7 7 9 11 11 11 11 2147483647
2 7 7 7 11 11 11 11 11 4294967295
2 7 7 9 9 9 9 9 9 268435455
2 7 7 9 9 9 9 9 11 536870911
2 7 7 9 9 9 9 11 11 1073741823
2 7 7 9 9 9 11 11 11 2147483647
2 7 7 9 9 11 11 11 11 4294967295
2 7 7 9 11 11 11 11 11 8589934591
2 7 7 11 11 11 11 11 11 17179869183
2 7 9 9 9 9 9 9 9 536870911
2 7 9 9 9 9 9 9 11 1073741823
2 7 9 9 9 9 9 11 11 2147483647
2 7 9 9 9 9 11 11 11 4294967295
2 7 9 9 9 11 11 11 11 8589934591
2 7 9 9 11 11 11 11 11 17179869183
2 7 9 11 11 11 11 11 11 34359738367
2 7 11 11 11 11 11 11 11 68719476735
2 8 3 3 3 3 3 3 3 3 511
2 8 3 3 3 3 3 3 3 5 1023
2 8 3 3 3 3 3 3 3 7 2047
2 8 3 3 3 3 3 3 3 9 4095
2 8 3 3 3 3 3 3 3 11 8191
2 8 3 3 3 3 3 3 5 5 2047
2 8 3 3 3 3 3 3 5 7 4095
2 8 3 3 3 3 3 3 5 9 8191
2 8 3 3 3 3 3 3 5 11 16383
2 8 3 3 3 3 3 3 7 7 8191
2 8 3 3 3 3 3 3 7 9 16383
2 8 3 3 3 3 3 3 7 11 32767
2 8 3 3 3 3 3 3 9 9 32767
2 8 3 3 3 3 3 3 9 11 65535
2 8 3 3 3 3 3 3 11 11 131071
2 8 3 3 3 3 3 5 5 5 4095
2 8 3 3 3 3 3 5 5 7 8191
2 8 3 3 3 3 3 5 5 9 16383
2 8 3 3 3 3 3 5 5 11 32767
2 8 3 3 3 3 3 5 7 7 16383
2 8 3 3 3 3 3 5 7 9 32767
2 8 3 3 3 3 3 5 7 11 65535
2 8 3 3 3 3 3 5 9 9 65535
2 8 3 3 3 3 3 5 9 11 131071
2 8 3 3 3 3 3 5 11 11 262143
2 8 3 3 3 3 3 7 7 7 32767
2 8 3 3 3 3 3 7 7 9 65535
2 8 3 3 3 3 3 7 7 11 131071
2 8 3 3 3 3 3 7 9 9 131071
2 8 3 3 3 3 3 7 9 11 262143
2 8 3 3 3 3 3 7 11 11 524287
2 8 3 3 3 3 3 9 9 9 262143
2 8 3 3 3 3 3 9 9 11 524287
2 8 3 3 3 3 3 9 11 11 1048575
2 8 3 3 3 3 3 11 11 11 2097151
2 8 3 3 3 3 5 5 5 5 8191
2 8 3 3 3 3 5 5 5 7 16383
2 8 3 3 3 3 5 5 5 9 32767
2 8 3 3 3 3 5 5 5 11 65535
2 8 3 3 3 3 5 5 7 7 32767
2 8 3 3 3 3 5 5 7 9 65535
2 8 3 3 3 3 5 5 7 11 131071
2 8 3 3 3 3 5 5 9 9 131071
2 8 3 3 3 3 5 5 9 11 262143
2 8 3 3 3 3 5 5 11 11 524287
2 8 3 3 3 3 5 7 7 7 65535
2 8 3 3 3 3 5 7 7 9 131071
2 8 3 3 3 3 5 7 7 11 262143
2 8 3 3 3 3 5 7 9 9 262143
2 8 3 3 3 3 5 7 9 11 524287
2 8 3 3 3 3 5 7 11 11 1048575
2 8 3 3 3 3 5 9 9 9 524287
2 8 3 3 3 3 5 9 9 11 1048575
2 8 3 3 3 3 5 9 11 11 2097151
2 8 3 3 3 3 5 11 11 11 4194303
2 8 3 3 3 3 7 7 7 7 131071
2 8 3 3 3 3 7 7 7 9 262143
2 8 3 3 3 3 7 7 7 11 524287
2 8 3 3 3 3 7 7 9 9 524287
2 8 3 3 3 3 7 7 9 11 1048575
2 8 3 3 3 3 7 7 11 11 2097151
2 8 3 3 3 3 7 9 9 9 1048575
2 8 3 3 3 3 7 9 9 11 2097151
2 8 3 3 3 3 7 9 11 11 4194303
2 8 3 3 3 3 7 11 11 11 8388607
2 8 3 3 3 3 9 9 9 9 2097151
2 8 3 3 3 3 9 9 9 11 4194303
2 8 3 3 3 3 9 9 11 11 8388607
2 8 3 3 3 3 9 11 11 11 16777215
2 8 3 3 3 3 11 11 11 11 33554431
2 8 3 3 3 5 5 5 5 5 16383
2 8 3 3 3 5 5 5 5 7 32767
2 8 3 3 3 5 5 5 5 9 65535
2 8 3 3 3 5 5 5 5 11 131071
2 8 3 3 3 5 5 5 7 7 65535
2 8 3 3 3 5 5 5 7 9 131071
2 8 3 3 3 5 5 5 7 11 262143
2 8 3 3 3 5 5 5 9 9 262143
2 8 3 3 3 5 5 5 9 11 524287
2 8 3 3 3 5 5 5 11 11 1048575
2 8 3 3 3 5 5 7 7 7 131071
2 8 3 3 3 5 5 7 7 9 262143
2 8 3 3 3 5 5 7 7 11 524287
2 8 3 3 3 5 5 7 9 9 524287
2 8 3 3 3 5 5 7 9 11 1048575
2 8 3 3 3 5 5 7 11 11 2097151
2 8 3 3 3 5 5 9 9 9 1048575
2 8 3 3 3 5 5 9 9 11 2097151
2 8 3 3 3 5 5 9 11 11 4194303
2 8 3 3 3 5 5 11 11 11 8388607
2 8 3 3 3 5 7 7 7 7 262143
2 8 3 3 3 5 7 7 7 9 524287
2 8 3 3 3 5 7 7 7 11 1048575
2 8 3 3 3 5 7 7 9 9 1048575
2 8 3 3 3 5 7 7 9 11 2097151
2 8 3 3 3 5 7 7 11 11 4194303
2 8 3 3 3 5 7 9 9 9 2097151
2 8 3 3 3 5 7 9 9 11 4194303
2 8 3 3 3 5 7 9 11 11 8388607
2 8 3 3 3 5 7 11 11 11 16777215
2 8 3 3 3 5 9 9 9 9 4194303
2 8 3 3 3 5 9 9 9 11 8388607
2 8 3 3 3 5 9 9 11 11 16777215
2 8 3 3 3 5 9 11 11 11 33554431
2 8 3 3 3 5 11 11 11 11 67108863
2 8 3 3 3 7 7 7 7 7 524287
2 8 3 3 3 7 7 7 7 9 1048575
2 8 3 3 3 7 7 7 7 11 2097151
2 8 3 3 3 7 7 7 9 9 2097151
2 8 3 3 3 7 7 7 9 11 4194303
2 8 3 3 3 7 7 7 11 11 8388607
2 8 3 3 3 7 7 9 9 9 4194303
2 8 3 3 3 7 7 9 9 11 8388607
2 8 3 3 3 7 7 9 11 11 16777215
2 8 3 3 3 7 7 11 11 11 33554431
2 8 3 3 3 7 9 9 9 9 8388607
2 8 3 3 3 7 9 9 9 11 16777215
2 8 3 3 3 7 9 9 11 11 33554431
2 8 3 3 3 7 9 11 11 11 67108863
2 8 3 3 3 7 11 11 11 11 134217727
2 8 3 3 3 9 9 9 9 9 16777215
2 8 3 3 3 9 9 9 9 11 33554431
2 8 3 3 3 9 9 9 11 11 67108863
2 8 3 3 3 9 9 11 11 11 134217727
2 8 3 3 3 9 11 11 11 11 268435455
2 8 3 3 3 11 11 11 11 11 536870911
2 8 3 3 5 5 5 5 5 5 32767
2 8 3 3 5 5 5 5 5 7 65535
2 8 3 3 5 5 5 5 5 9 131071
2 8 3 3 5 5 5 5 5 11 262143
2 8 3 3 5 5 5 5 7 7 131071
2 8 3 3 5 5 5 5 7 9 262143
2 8 3 3 5 5 5 5 7 11 524287
2 8 3 3 5 5 5 5 9 9 524287
2 8 3 3 5 5 5 5 9 11 1048575
2 8 3 3 5 5 5 5 11 11 2097151
2 8 3 3 5 5 5 7 7 7 262143
2 8 3 3 5 5 5 7 7 9 524287
2 8 3 3 5 5 5 7 7 11 1048575
2 8 3 3 5 5 5 7 9 9 1048575
2 8 3 3 5 5 5 7 9 11 2097151
2 8 3 3 5 5 5 7 11 11 4194303
2 8 3 3 5 5 5 9 9 9 2097151
2 8 3 3 5 5 5 9 9 11 4194303
2 8 3 3 5 5 5 9 11 11 8388607
2 8 3 3 5 5 5 11 11 11 16777215
2 8 3 3 5 5 7 7 7 7 524287
2 8 3 3 5 5 7 7 7 9 1048575
2 8 3 3 5 5 7 7 7 11 2097151
2 8 3 3 5 5 7 7 9 9 2097151
2 8 3 3 5 5 7 7 9 11 4194303
2 8 3 3 5 5 7 7 11 11 8388607
2 8 3 3 5 5 7 9 9 9 4194303
2 8 3 3 5 5 7 9 9 11 8388607
2 8 3 3 5 5 7 9 11 11 16777215
2 8 3 3 5 5 7 11 11 11 33554431
2 8 3 3 5 5 9 9 9 9 8388607
2 8 3 3 5 5 9 9 9 11 16777215
2 8 3 3 5 5 9 9 11 11 33554431
2 8 3 3 5 5 9 11 11 11 67108863
2 8 3 3 5 5 11 11 11 11 134217727
2 8 3 3 5 7 7 7 7 7 1048575
2 8 3 3 5 7 7 7 7 9 2097151
2 8 3 3 5 7 7 7 7 11 4194303
2 8 3 3 5 7 7 7 9 9 4194303
2 8 3 3 5 7 7 7 9 11 8388607
2 8 3 3 5 7 7 7 11 11 16777215
2 8 3 3 5 7 7 9 9 9 8388607
2 8 3 3 5 7 7 9 9 11 16777215
2 8 3 3 5 7 7 9 11 11 33554431
2 8 3 3 5 7 7 11 11 11 67108863
2 8 3 3 5 7 9 9 9 9 16777215
2 8 3 3 5 7 9 9 9 11 33554431
2 8 3 3 5 7 9 9 11 11 67108863
2 8 3 3 5 7 9 11 11 11 134217727
2 8 3 3 5 7 11 11 11 11 268435455
2 8 3 3 5 9 9 9 9 9 33554431
2 8 3 3 5 9 9 9 9 11 67108863
2 8 3 3 5 9 9 9 11 11 134217727
2 8 3 3 5 9 9 11 11 11 268435455
2 8 3 3 5 9 11 11 11 11 536870911
2 8 3 3 5 11 11 11 11 11 1073741823
2 8 3 3 7 7 7 7 7 7 2097151
2 8 3 3 7 7 7 7 7 9 4194303
2 8 3 3 7 7 7 7 7 11 8388607
2 8 3 3 7 7 7 7 9 9 8388607
2 8 3 3 7 7 7 7 9 11 16777215
2 8 3 3 7 7 7 7 11 11 33554431
2 8 3 3 7 7 7 9 9 9 16777215
2 8 3 3 7 7 7 9 9 11 33554431
2 8 3 3 7 7 7 9 11 11 67108863
2 8 3 3 7 7 7 11 11 11 134217727
2 8 3 3 7 7 9 9 9 9 33554431
2 8 3 3 7 7 9 9 9 11 67108863
2 8 3 3 7 7 9 9 11 11 134217727
2 8 3 3 7 7 9 11 11 11 268435455
2 8 3 3 7 7 11 11 11 11 536870911
2 8 3 3 7 9 9 9 9 9 67108863
2 8 3 3 7 9 9 9 9 11 134217727
2 8 3 3 7 9 9 9 11 11 268435455
2 8 3 3 7 9 9 11 11 11 536870911
2 8 3 3 7 9 11 11 11 11 1073741823
2 8 3 3 7 11 11 11 11 11 2147483647
2 8 3 3 9 9 9 9 9 9 134217727
2 8 3 3 9 9 9 9 9 11 268435455
2 8 3 3 9 9 9 9 11 11 536870911
2 8 3 3 9 9 9 11 11 11 1073741823
2 8 3 3 9 9 11 11 11 11 2147483647
2 8 3 3 9 11 11 11 11 11 4294967295
2 8 3 3 11 11 11 11 11 11 8589934591
2 8 3 5 5 5 5 5 5 5 65535
2 8 3 5 5 5 5 5 5 7 131071
2 8 3 5 5 5 5 5 5 9 262143
2 8 3 5 5 5 5 5 5 11 524287
2 8 3 5 5 5 5 5 7 7 262143
2 8 3 5 5 5 5 5 7 9 524287
2 8 3 5 5 5 5 5 7 11 1048575
2 8 3 5 5 5 5 5 9 9 1048575
2 8 3 5 5 5 5 5 9 11 2097151
2 8 3 5 5 5 5 5 11 11 4194303
2 8 3 5 5 5 5 7 7 7 524287
2 8 3 5 5 5 5 7 7 9 1048575
2 8 3 5 5 5 5 7 7 11 2097151
2 8 3 5 5 5 5 7 9 9 2097151
2 8 3 5 5 5 5 7 9 11 4194303
2 8 3 5 5 5 5 7 11 11 8388607
2 8 3 5 5 5 5 9 9 9 4194303
2 8 3 5 5 5 5 9 9 11 8388607
2 8 3 5 5 5 5 9 11 11 16777215
2 8 3 5 5 5 5 11 11 11 33554431
2 8 3 5 5 5 7 7 7 7 1048575
2 8 3 5 5 5 7 7 7 9 2097151
2 8 3 5 5 5 7 7 7 11 4194303
2 8 3 5 5 5 7 7 9 9 4194303
2 8 3 5 5 5 7 7 9 11 8388607
2 8 3 5 5 5 7 7 11 11 16777215
2 8 3 5 5 5 7 9 9 9 8388607
2 8 3 5 5 5 7 9 9 11 16777215
2 8 3 5 5 5 7 9 11 11 33554431
2 8 3 5 5 5 7 11 11 11 67108863
2 8 3 5 5 5 9 9 9 9 16777215
2 8 3 5 5 5 9 9 9 11 33554431
2 8 3 5 5 5 9 9 11 11 67108863
2 8 3 5 5 5 9 11 11 11 134217727
2 8 3 5 5 5 11 11 11 11 268435455
2 8 3 5 5 7 7 7 7 7 2097151
2 8 3 5 5 7 7 7 7 9 4194303
2 8 3 5 5 7 7 7 7 11 8388607
2 8 3 5 5 7 7 7 9 9 8388607
2 8 3 5 5 7 7 7 9 11 16777215
2 8 3 5 5 7 7 7 11 11 33554431
2 8 3 5 5 7 7 9 9 9 16777215
2 8 3 5 5 7 7 9 9 11 33554431
2 8 3 5 5 7 7 9 11 11 67108863
2 8 3 5 5 7 7 11 11 11 134217727
2 8 3 5 5 7 9 9 9 9 33554431
2 8 3 5 5 7 9 9 9 11 67108863
2 8 3 5 5 7 9 9 11 11 134217727
2 8 3 5 5 7 9 11 11 11 268435455
2 8 3 5 5 7 11 11 11 11 536870911
2 8 3 5 5 9 9 9 9 9 67108863
2 8 3 5 5 9 9 9 9 11 134217727
2 8 3 5 5 9 9 9 11 11 268435455
2 8 3 5 5 9 9 11 11 11 536870911
2 8 3 5 5 9 11 11 11 11 1073741823
2 8 3 5 5 11 11 11 11 11 2147483647
2 8 3 5 7 7 7 7 7 7 4194303
2 8 3 5 7 7 7 7 7 9 8388607
2 8 3 5 7 7 7 7 7 11 16777215
2 8 3 5 7 7 7 7 9 9 16777215
2 8 3 5 7 7 7 7 9 11 33554431
2 8 3 5 7 7 7 7 11 11 67108863
2 8 3 5 7 7 7 9 9 9 33554431
2 8 3 5 7 7 7 9 9 11 67108863
2 8 3 5 7 7 7 9 11 11 134217727
2 8 3 5 7 7 7 11 11 11 268435455
2 8 3 5 7 7 9 9 9 9 67108863
2 8 3 5 7 7 9 9 9 11 134217727
2 8 3 5 7 7 9 9 11 11 268435455
2 8 3 5 7 7 9 11 11 11 536870911
2 8 3 5 7 7 11 11 11 11 1073741823
2 8 3 5 7 9 9 9 9 9 134217727
2 8 3 5 7 9 9 9 9 11 268435455
2 8 3 5 7 9 9 9 11 11 536870911
2 8 3 5 7 9 9 11 11 11 1073741823
2 8 3 5 7 9 11 11 11 11 2147483647
2 8 3 5 7 11 11 11 11 11 4294967295
2 8 3 5 9 9 9 9 9 9 268435455
2 8 3 5 9 9 9 9 9 11 536870911
2 8 3 5 9 9 9 9 11 11 1073741823
2 8 3 5 9 9 9 11 11 11 2147483647
2 8 3 5 9 9 11 11 11 11 4294967295
2 8 3 5 9 11 11 11 11 11 8589934591
2 8 3 5 11 11 11 11 11 11 17179869183
2 8 3 7 7 7 7 7 7 7 8388607
2 8 3 7 7 7 7 7 7 9 16777215
2 8 3 7 7 7 7 7 7 11 33554431
2 8 3 7 7 7 7 7 9 9 33554431
2 8 3 7 7 7 7 7 9 11 67108863
2 8 3 7 7 7 7 7 11 11 134217727
2 8 3 7 7 7 7 9 9 9 67108863
2 8 3 7 7 7 7 9 9 11 134217727
2 8 3 7 7 7 7 9 11 11 268435455
2 8 3 7 7 7 7 11 11 11 536870911
2 8 3 7 7 7 9 9 9 9 134217727
2 8 3 7 7 7 9 9 9 11 268435455
2 8 3 7 7 7 9 9 11 11 536870911
2 8 3 7 7 7 9 11 11 11 1073741823
2 8 3 7 7 7 11 11 11 11 2147483647
2 8 3 7 7 9 9 9 9 9 268435455
2 8 3 7 7 9 9 9 9 11 536870911
2 8 3 7 7 9 9 9 11 11 1073741823
2 8 3 7 7 9 9 11 11 11 2147483647
2 8 3 7 7 9 11 11 11 11 4294967295
2 8 3 7 7 11 11 11 11 11 8589934591
2 8 3 7 9 9 9 9 9 9 536870911
2 8 3 7 9 9 9 9 9 11 1073741823
2 8 3 7 9 9 9 9 11 11 2147483647
2 8 3 7 9 9 9 11 11 11 4294967295
2 8 3 7 9 9 11 11 11 11 8589934591
2 8 3 7 9 11 11 11 11 11 17179869183
2 8 3 7 11 11 11 11 11 11 34359738367
2 8 3 9 9 9 9 9 9 9 1073741823
2 8 3 9 9 9 9 9 9 11 2147483647
2 8 3 9 9 9 9 9 11 11 4294967295
2 8 3 9 9 9 9 11 11 11 8589934591
2 8 3 9 9 9 11 11 11 11 17179869183
2 8 3 9 9 11 11 11 11 11 34359738367
2 8 3 9 11 11 11 11 11 11 68719476735
2 8 3 11 11 11 11 11 11 11 137438953471
2 8 5 5 5 5 5 5 5 5 131071
2 8 5 5 5 5 5 5 5 7 262143
2 8 5 5 5 5 5 5 5 9 524287
2 8 5 5 5 5 5 5 5 11 1048575
2 8 5 5 5 5 5 5 7 7 524287
2 8 5 5 5 5 5 5 7 9 1048575
2 8 5 5 5 5 5 5 7 11 2097151
2 8 5 5 5 5 5 5 9 9 2097151
2 8 5 5 5 5 5 5 9 11 4194303
2 8 5 5 5 5 5 5 11 11 8388607
2 8 5 5 5 5 5 7 7 7 1048575
2 8 5 5 5 5 5 7 7 9 2097151
2 8 5 5 5 5 5 7 7 11 4194303
2 8 5 5 5 5 5 7 9 9 4194303
2 8 5 5 5 5 5 7 9 11 8388607
2 8 5 5 5 5 5 7 11 11 16777215
2 8 5 5 5 5 5 9 9 9 8388607
2 8 5 5 5 5 5 9 9 11 16777215
2 8 5 5 5 5 5 9 11 11 33554431
2 8 5 5 5 5 5 11 11 11 67108863
2 8 5 5 5 5 7 7 7 7 2097151
2 8 5 5 5 5 7 7 7 9 4194303
2 8 5 5 5 5 7 7 7 11 8388607
2 8 5 5 5 5 7 7 9 9 8388607
2 8 5 5 5 5 7 7 9 11 16777215
2 8 5 5 5 5 7 7 11 11 33554431
2 8 5 5 5 5 7 9 9 9 16777215
2 8 5 5 5 5 7 9 9 11 33554431
2 8 5 5 5 5 7 9 11 11 67108863
2 8 5 5 5 5 7 11 11 11 134217727
2 8 5 5 5 5 9 9 9 9 33554431
2 8 5 5 5 5 9 9 9 11 67108863
2 8 5 5 5 5 9 9 11 11 134217727
2 8 5 5 5 5 9 11 11 11 268435455
2 8 5 5 5 5 11 11 11 11 536870911
2 8 5 5 5 7 7 7 7 7 4194303
2 8 5 5 5 7 7 7 7 9 8388607
2 8 5 5 5 7 7 7 7 11 16777215
2 8 5 5 5 7 7 7 9 9 16777215
2 8 5 5 5 7 7 7 9 11 33554431
2 8 5 5 5 7 7 7 11 11 67108863
2 8 5 5 5 7 7 9 9 9 33554431
2 8 5 5 5 7 7 9 9 11 67108863
2 8 5 5 5 7 7 9 11 11 134217727
2 8 5 5 5 7 7 11 11 11 268435455
2 8 5 5 5 7 9 9 9 9 67108863
2 8 5 5 5 7 9 9 9 11 134217727
2 8 5 5 5 7 9 9 11 11 268435455
2 8 5 5 5 7 9 11 11 11 536870911
2 8 5 5 5 7 11 11 11 11 1073741823
2 8 5 5 5 9 9 9 9 9 134217727
2 8 5 5 5 9 9 9 9 11 268435455
2 8 5 5 5 9 9 9 11 11 536870911
2 8 5 5 5 9 9 11 11 11 1073741823
2 8 5 5 5 9 11 11 11 11 2147483647
2 8 5 5 5 11 11 11 11 11 4294967295
2 8 5 5 7 7 7 7 7 7 8388607
2 8 5 5 7 7 7 7 7 9 16777215
2 8 5 5 7 7 7 7 7 11 33554431
2 8 5 5 7 7 7 7 9 9 33554431
2 8 5 5 7 7 7 7 9 11 67108863
2 8 5 5 7 7 7 7 11 11 134217727
2 8 5 5 7 7 7 9 9 9 67108863
2 8 5 5 7 7 7 9 9 11 134217727
2 8 5 5 7 7 7 9 11 11 268435455
2 8 5 5 7 7 7 11 11 11 536870911
2 8 5 5 7 7 9 9 9 9 134217727
2 8 5 5 7 7 9 9 9 11 268435455
2 8 5 5 7 7 9 9 11 11 536870911
2 8 5 5 7 7 9 11 11 11 1073741823
2 8 5 5 7 7 11 11 11 11 2147483647
2 8 5 5 7 9 9 9 9 9 268435455
2 8 5 5 7 9 9 9 9 11 536870911
2 8 5 5 7 9 9 9 11 11 1073741823
2 8 5 5 7 9 9 11 11 11 2147483647
2 8 5 5 7 9 11 11 11 11 4294967295
2 8 5 5 7 11 11 11 11 11 8589934591
2 8 5 5 9 9 9 9 9 9 536870911
2 8 5 5 9 9 9 9 9 11 1073741823
2 8 5 5 9 9 9 9 11 11 2147483647
2 8 5 5 9 9 9 11 11 11 4294967295
2 8 5 5 9 9 11 11 11 11 8589934591
2 8 5 5 9 11 11 11 11 11 17179869183
2 8 5 5 11 11 11 11 11 11 34359738367
2 8 5 7 7 7 7 7 7 7 16777215
2 8 5 7 7 7 7 7 7 9 33554431
2 8 5 7 7 7 7 7 7 11 67108863
2 8 5 7 7 7 7 7 9 9 67108863
2 8 5 7 7 7 7 7 9 11 134217727
2 8 5 7 7 7 7 7 11 11 268435455
2 8 5 7 7 7 7 9 9 9 134217727
2 8 5 7 7 7 7 9 9 11 268435455
2 8 5 7 7 7 7 9 11 11 536870911
2 8 5 7 7 7 7 11 11 11 1073741823
2 8 5 7 7 7 9 9 9 9 268435455
2 8 5 7 7 7 9 9 9 11 536870911
2 8 5 7 7 7 9 9 11 11 1073741823
2 8 5 7 7 7 9 11 11 11 2147483647
2 8 5 7 7 7 11 11 11 11 4294967295
2 8 5 7 7 9 9 9 9 9 536870911
2 8 5 7 7 9 9 9 9 11 1073741823
2 8 5 7 7 9 9 9 11 11 2147483647
2 8 5 7 7 9 9 11 11 11 4294967295
2 8 5 7 7 9 11 11 11 11 8589934591
2 8 5 7 7 11 11 11 11 11 17179869183
2 8 5 7 9 9 9 9 9 9 1073741823
2 8 5 7 9 9 9 9 9 11 2147483647
2 8 5 7 9 9 9 9 11 11 4294967295
2 8 5 7 9 9 9 11 11 11 8589934591
2 8 5 7 9 9 11 11 11 11 17179869183
2 8 5 7 9 11 11 11 11 11 34359738367
2 8 5 7 11 11 11 11 11 11 68719476735
2 8 5 9 9 9 9 9 9 9 2147483647
2 8 5 9 9 9 9 9 9 11 4294967295
2 8 5 9 9 9 9 9 11 11 8589934591
2 8 5 9 9 9 9 11 11 11 17179869183
2 8 5 9 9 9 11 11 11 11 34359738367
2 8 5 9 9 11 11 11 11 11 68719476735
2 8 5 9 11 11 11 11 11 11 137438953471
2 8 5 11 11 11 11 11 11 11 274877906943
2 8 7 7 7 7 7 7 7 7 33554431
2 8 7 7 7 7 7 7 7 9 67108863
2 8 7 7 7 7 7 7 7 11 134217727
2 8 7 7 7 7 7 7 9 9 134217727
2 8 7 7 7 7 7 7 9 11 268435455
2 8 7 7 7 7 7 7 11 11 536870911
2 8 7 7 7 7 7 9 9 9 268435455
2 8 7 7 7 7 7 9 9 11 536870911
2 8 7 7 7 7 7 9 11 11 1073741823
2 8 7 7 7 7 7 11 11 11 2147483647
2 8 7 7 7 7 9 9 9 9 536870911
2 8 7 7 7 7 9 9 9 11 1073741823
2 8 7 7 7 7 9 9 11 11 2147483647
2 8 7 7 7 7 9 11 11 11 4294967295
2 8 7 7 7 7 11 11 11 11 8589934591
2 8 7 7 7 9 9 9 9 9 1073741823
2 8 7 7 7 9 9 9 9 11 2147483647
2 8 7 7 7 9 9 9 11 11 4294967295
2 8 7 7 7 9 9 11 11 11 8589934591
2 8 7 7 7 9 11 11 11 11 17179869183
2 8 7 7 7 11 11 11 11 11 34359738367
2 8 7 7 9 9 9 9 9 9 2147483647
2 8 7 7 9 9 9 9 9 11 4294967295
2 8 7 7 9 9 9 9 11 11 8589934591
2 8 7 7 9 9 9 11 11 11 17179869183
2 8 7 7 9 9 11 11 11 11 34359738367
2 8 7 7 9 11 11 11 11 11 68719476735
2 8 7 7 11 11 11 11 11 11 137438953471
2 8 7 9 9 9 9 9 9 9 4294967295
2 8 7 9 9 9 9 9 9 11 8589934591
2 8 7 9 9 9 9 9 11 11 17179869183
2 8 7 9 9 9 9 11 11 11 34359738367
2 8 7 9 9 9 11 11 11 11 68719476735
2 8 7 9 9 11 11 11 11 11 137438953471
2 8 7 9 11 11 11 11 11 11 274877906943
2 8 7 11 11 11 11 11 11 11 549755813887
2 8 9 9 9 9 9 9 9 9 8589934591
2 8 9 9 9 9 9 9 9 11 17179869183
2 8 9 9 9 9 9 9 11 11 34359738367
2 8 9 9 9 9 9 11 11 11 68719476735
2 8 9 9 9 9 11 11 11 11 137438953471
2 8 9 9 9 11 11 11 11 11 274877906943
2 8 9 9 11 11 11 11 11 11 549755813887
2 8 9 11 11 11 11 11 11 11 1099511627775
2 8 11 11 11 11 11 11 11 11 2199023255551
