4 3 1 100
4 4 1 90
4 5 1 52
4 6 1 36
4 7 1 28
4 8 1 22
4 9 1 20
4 10 1 17
4 11 1 16
4 12 1 14
4 13 1 13
4 14 1 13
4 15 1 12
4 16 1 12
4 17 1 10
4 18 1 10
4 19 1 10
4 20 1 10
4 21 1 9
4 22 1 9
4 23 1 9
4 24 1 9
4 25 1 9
4 26 1 9
4 27 1 8
4 28 1 8
4 29 1 8
4 30 1 8
4 31 1 8
4 32 1 8
4 33 1 8
4 34 1 8
4 35 1 8
4 36 1 8
4 37 1 8
4 38 1 8
4 39 1 6
4 40 1 6
5 3 1 100
5 4 1 85
5 5 1 48
5 6 1 33
5 7 1 26
5 8 1 21
5 9 1 18
5 10 1 16
5 11 1 15
5 12 1 13
5 13 1 12
5 14 1 12
5 15 1 11
5 16 1 11
5 17 1 10
5 18 1 10
5 19 1 10
5 20 1 10
5 21 1 8
5 22 1 8
5 23 1 8
5 24 1 8
5 25 1 8
5 26 1 8
5 27 1 7
5 28 1 7
5 29 1 7
5 30 1 7
5 31 1 7
5 32 1 7
5 33 1 7
5 34 1 7
5 35 1 7
5 36 1 7
5 37 1 7
5 38 1 7
5 39 1 6
5 40 1 6
6 3 1 100
6 4 1 81
6 5 1 46
6 6 1 32
6 7 1 25
6 8 1 20
6 9 1 18
6 10 1 15
6 11 1 14
6 12 1 13
6 13 1 12
6 14 1 12
6 15 1 10
6 16 1 10
6 17 1 9
6 18 1 9
6 19 1 9
6 20 1 9
6 21 1 8
6 22 1 8
6 23 1 8
6 24 1 8
6 25 1 8
6 26 1 8
6 27 1 7
6 28 1 7
6 29 1 7
6 30 1 7
6 31 1 7
6 32 1 7
6 33 1 7
6 34 1 7
6 35 1 7
6 36 1 7
6 37 1 7
6 38 1 7
6 39 1 6
6 40 1 6
7 3 1 100
7 4 1 79
7 5 1 45
7 6 1 31
7 7 1 24
7 8 1 19
7 9 1 17
7 10 1 15
7 11 1 14
7 12 1 12
7 13 1 11
7 14 1 11
7 15 1 10
7 16 1 10
7 17 1 9
7 18 1 9
7 19 1 9
7 20 1 9
7 21 1 8
7 22 1 8
7 23 1 8
7 24 1 8
7 25 1 8
7 26 1 8
7 27 1 7
7 28 1 7
7 29 1 7
7 30 1 7
7 31 1 7
7 32 1 7
7 33 1 7
7 34 1 7
7 35 1 7
7 36 1 7
7 37 1 7
7 38 1 7
7 39 1 5
7 40 1 5
8 3 1 100
8 4 1 77
8 5 1 44
8 6 1 30
8 7 1 24
8 8 1 19
8 9 1 17
8 10 1 14
8 11 1 13
8 12 1 12
8 13 1 11
8 14 1 11
8 15 1 10
8 16 1 10
8 17 1 9
8 18 1 9
8 19 1 9
8 20 1 9
8 21 1 8
8 22 1 8
8 23 1 8
8 24 1 8
8 25 1 8
8 26 1 8
8 27 1 6
8 28 1 6
8 29 1 6
8 30 1 6
8 31 1 6
8 32 1 6
8 33 1 6
8 34 1 6
8 35 1 6
8 36 1 6
8 37 1 6
8 38 1 6
8 39 1 5
8 40 1 5
9 3 1 100
9 4 1 76
9 5 1 43
9 6 1 30
9 7 1 23
9 8 1 19
9 9 1 16
9 10 1 14
9 11 1 13
9 12 1 12
9 13 1 11
9 14 1 11
9 15 1 10
9 16 1 10
9 17 1 9
9 18 1 9
9 19 1 9
9 20 1 9
9 21 1 7
9 22 1 7
9 23 1 7
9 24 1 7
9 25 1 7
9 26 1 7
9 27 1 6
9 28 1 6
9 29 1 6
9 30 1 6
9 31 1 6
9 32 1 6
9 33 1 6
9 34 1 6
9 35 1 6
9 36 1 6
9 37 1 6
9 38 1 6
9 39 1 5
9 40 1 5
10 3 1 100
10 4 1 75
10 5 1 43
10 6 1 30
10 7 1 23
10 8 1 18
10 9 1 16
10 10 1 14
10 11 1 13
10 12 1 12
10 13 1 11
10 14 1 11
10 15 1 10
10 16 1 10
10 17 1 8
10 18 1 8
10 19 1 8
10 20 1 8
10 21 1 7
10 22 1 7
10 23 1 7
10 24 1 7
10 25 1 7
10 26 1 7
10 27 1 6
10 28 1 6
10 29 1 6
10 30 1 6
10 31 1 6
10 32 1 6
10 33 1 6
10 34 1 6
10 35 1 6
10 36 1 6
10 37 1 6
10 38 1 6
10 39 1 5
10 40 1 5
11 3 1 100
11 4 1 74
11 5 1 42
11 6 1 29
11 7 1 23
11 8 1 18
11 9 1 16
11 10 1 14
11 11 1 13
11 12 1 12
11 13 1 11
11 14 1 11
11 15 1 9
11 16 1 9
11 17 1 8
11 18 1 8
11 19 1 8
11 20 1 8
11 21 1 7
11 22 1 7
11 23 1 7
11 24 1 7
11 25 1 7
11 26 1 7
11 27 1 6
11 28 1 6
11 29 1 6
11 30 1 6
11 31 1 6
11 32 1 6
11 33 1 6
11 34 1 6
11 35 1 6
11 36 1 6
11 37 1 6
11 38 1 6
11 39 1 5
11 40 1 5
12 3 1 100
12 4 1 74
12 5 1 42
12 6 1 29
12 7 1 22
12 8 1 18
12 9 1 16
12 10 1 14
12 11 1 13
12 12 1 12
12 13 1 10
12 14 1 10
12 15 1 9
12 16 1 9
12 17 1 8
12 18 1 8
12 19 1 8
12 20 1 8
12 21 1 7
12 22 1 7
12 23 1 7
12 24 1 7
12 25 1 7
12 26 1 7
12 27 1 6
12 28 1 6
12 29 1 6
12 30 1 6
12 31 1 6
12 32 1 6
12 33 1 6
12 34 1 6
12 35 1 6
12 36 1 6
12 37 1 6
12 38 1 6
12 39 1 5
12 40 1 5
13 3 1 100
13 4 1 73
13 5 1 42
13 6 1 29
13 7 1 22
13 8 1 18
13 9 1 16
13 10 1 14
13 11 1 13
13 12 1 11
13 13 1 10
13 14 1 10
13 15 1 9
13 16 1 9
13 17 1 8
13 18 1 8
13 19 1 8
13 20 1 8
13 21 1 7
13 22 1 7
13 23 1 7
13 24 1 7
13 25 1 7
13 26 1 7
13 27 1 6
13 28 1 6
13 29 1 6
13 30 1 6
13 31 1 6
13 32 1 6
13 33 1 6
13 34 1 6
13 35 1 6
13 36 1 6
13 37 1 6
13 38 1 6
13 39 1 5
13 40 1 5
14 3 1 100
14 4 1 73
14 5 1 42
14 6 1 29
14 7 1 22
14 8 1 18
14 9 1 16
14 10 1 14
14 11 1 12
14 12 1 11
14 13 1 10
14 14 1 10
14 15 1 9
14 16 1 9
14 17 1 8
14 18 1 8
14 19 1 8
14 20 1 8
14 21 1 7
14 22 1 7
14 23 1 7
14 24 1 7
14 25 1 7
14 26 1 7
14 27 1 6
14 28 1 6
14 29 1 6
14 30 1 6
14 31 1 6
14 32 1 6
14 33 1 6
14 34 1 6
14 35 1 6
14 36 1 6
14 37 1 6
14 38 1 6
14 39 1 5
14 40 1 5
15 3 1 100
15 4 1 72
15 5 1 41
15 6 1 28
15 7 1 22
15 8 1 18
15 9 1 16
15 10 1 13
15 11 1 12
15 12 1 11
15 13 1 10
15 14 1 10
15 15 1 9
15 16 1 9
15 17 1 8
15 18 1 8
15 19 1 8
15 20 1 8
15 21 1 7
15 22 1 7
15 23 1 7
15 24 1 7
15 25 1 7
15 26 1 7
15 27 1 6
15 28 1 6
15 29 1 6
15 30 1 6
15 31 1 6
15 32 1 6
15 33 1 6
15 34 1 6
15 35 1 6
15 36 1 6
15 37 1 6
15 38 1 6
15 39 1 5
15 40 1 5
16 3 1 100
16 4 1 72
16 5 1 41
16 6 1 28
16 7 1 22
16 8 1 18
16 9 1 16
16 10 1 13
16 11 1 12
16 12 1 11
16 13 1 10
16 14 1 10
16 15 1 9
16 16 1 9
16 17 1 8
16 18 1 8
16 19 1 8
16 20 1 8
16 21 1 7
16 22 1 7
16 23 1 7
16 24 1 7
16 25 1 7
16 26 1 7
16 27 1 6
16 28 1 6
16 29 1 6
16 30 1 6
16 31 1 6
16 32 1 6
16 33 1 6
16 34 1 6
16 35 1 6
16 36 1 6
16 37 1 6
16 38 1 6
16 39 1 5
16 40 1 5
17 3 1 100
17 4 1 72
17 5 1 41
17 6 1 28
17 7 1 22
17 8 1 18
17 9 1 15
17 10 1 13
17 11 1 12
17 12 1 11
17 13 1 10
17 14 1 10
17 15 1 9
17 16 1 9
17 17 1 8
17 18 1 8
17 19 1 8
17 20 1 8
17 21 1 7
17 22 1 7
17 23 1 7
17 24 1 7
17 25 1 7
17 26 1 7
17 27 1 6
17 28 1 6
17 29 1 6
17 30 1 6
17 31 1 6
17 32 1 6
17 33 1 6
17 34 1 6
17 35 1 6
17 36 1 6
17 37 1 6
17 38 1 6
17 39 1 5
17 40 1 5
18 3 1 100
18 4 1 72
18 5 1 41
18 6 1 28
18 7 1 22
18 8 1 18
18 9 1 15
18 10 1 13
18 11 1 12
18 12 1 11
18 13 1 10
18 14 1 10
18 15 1 9
18 16 1 9
18 17 1 8
18 18 1 8
18 19 1 8
18 20 1 8
18 21 1 7
18 22 1 7
18 23 1 7
18 24 1 7
18 25 1 7
18 26 1 7
18 27 1 6
18 28 1 6
18 29 1 6
18 30 1 6
18 31 1 6
18 32 1 6
18 33 1 6
18 34 1 6
18 35 1 6
18 36 1 6
18 37 1 6
18 38 1 6
18 39 1 5
18 40 1 5
19 3 1 100
19 4 1 71
19 5 1 41
19 6 1 28
19 7 1 22
19 8 1 17
19 9 1 15
19 10 1 13
19 11 1 12
19 12 1 11
19 13 1 10
19 14 1 10
19 15 1 9
19 16 1 9
19 17 1 8
19 18 1 8
19 19 1 8
19 20 1 8
19 21 1 7
19 22 1 7
19 23 1 7
19 24 1 7
19 25 1 7
19 26 1 7
19 27 1 6
19 28 1 6
19 29 1 6
19 30 1 6
19 31 1 6
19 32 1 6
19 33 1 6
19 34 1 6
19 35 1 6
19 36 1 6
19 37 1 6
19 38 1 6
19 39 1 5
19 40 1 5
20 3 1 100
20 4 1 71
20 5 1 41
20 6 1 28
20 7 1 22
20 8 1 17
20 9 1 15
20 10 1 13
20 11 1 12
20 12 1 11
20 13 1 10
20 14 1 10
20 15 1 9
20 16 1 9
20 17 1 8
20 18 1 8
20 19 1 8
20 20 1 8
20 21 1 7
20 22 1 7
20 23 1 7
20 24 1 7
20 25 1 7
20 26 1 7
20 27 1 6
20 28 1 6
20 29 1 6
20 30 1 6
20 31 1 6
20 32 1 6
20 33 1 6
20 34 1 6
20 35 1 6
20 36 1 6
20 37 1 6
20 38 1 6
20 39 1 5
20 40 1 5
21 3 1 100
21 4 1 71
21 5 1 40
21 6 1 28
21 7 1 22
21 8 1 17
21 9 1 15
21 10 1 13
21 11 1 12
21 12 1 11
21 13 1 10
21 14 1 10
21 15 1 9
21 16 1 9
21 17 1 8
21 18 1 8
21 19 1 8
21 20 1 8
21 21 1 7
21 22 1 7
21 23 1 7
21 24 1 7
21 25 1 7
21 26 1 7
21 27 1 6
21 28 1 6
21 29 1 6
21 30 1 6
21 31 1 6
21 32 1 6
21 33 1 6
21 34 1 6
21 35 1 6
21 36 1 6
21 37 1 6
21 38 1 6
21 39 1 5
21 40 1 5
22 3 1 100
22 4 1 71
22 5 1 40
22 6 1 28
22 7 1 22
22 8 1 17
22 9 1 15
22 10 1 13
22 11 1 12
22 12 1 11
22 13 1 10
22 14 1 10
22 15 1 9
22 16 1 9
22 17 1 8
22 18 1 8
22 19 1 8
22 20 1 8
22 21 1 7
22 22 1 7
22 23 1 7
22 24 1 7
22 25 1 7
22 26 1 7
22 27 1 6
22 28 1 6
22 29 1 6
22 30 1 6
22 31 1 6
22 32 1 6
22 33 1 6
22 34 1 6
22 35 1 6
22 36 1 6
22 37 1 6
22 38 1 6
22 39 1 5
22 40 1 5
23 3 1 100
23 4 1 71
23 5 1 40
23 6 1 28
23 7 1 21
23 8 1 17
23 9 1 15
23 10 1 13
23 11 1 12
23 12 1 11
23 13 1 10
23 14 1 10
23 15 1 9
23 16 1 9
23 17 1 8
23 18 1 8
23 19 1 8
23 20 1 8
23 21 1 7
23 22 1 7
23 23 1 7
23 24 1 7
23 25 1 7
23 26 1 7
23 27 1 6
23 28 1 6
23 29 1 6
23 30 1 6
23 31 1 6
23 32 1 6
23 33 1 6
23 34 1 6
23 35 1 6
23 36 1 6
23 37 1 6
23 38 1 6
23 39 1 5
23 40 1 5
24 3 1 100
24 4 1 70
24 5 1 40
24 6 1 28
24 7 1 21
24 8 1 17
24 9 1 15
24 10 1 13
24 11 1 12
24 12 1 11
24 13 1 10
24 14 1 10
24 15 1 9
24 16 1 9
24 17 1 8
24 18 1 8
24 19 1 8
24 20 1 8
24 21 1 7
24 22 1 7
24 23 1 7
24 24 1 7
24 25 1 7
24 26 1 7
24 27 1 6
24 28 1 6
24 29 1 6
24 30 1 6
24 31 1 6
24 32 1 6
24 33 1 6
24 34 1 6
24 35 1 6
24 36 1 6
24 37 1 6
24 38 1 6
24 39 1 5
24 40 1 5
25 3 1 100
25 4 1 70
25 5 1 40
25 6 1 28
25 7 1 21
25 8 1 17
25 9 1 15
25 10 1 13
25 11 1 12
25 12 1 11
25 13 1 10
25 14 1 10
25 15 1 9
25 16 1 9
25 17 1 8
25 18 1 8
25 19 1 8
25 20 1 8
25 21 1 7
25 22 1 7
25 23 1 7
25 24 1 7
25 25 1 7
25 26 1 7
25 27 1 6
25 28 1 6
25 29 1 6
25 30 1 6
25 31 1 6
25 32 1 6
25 33 1 6
25 34 1 6
25 35 1 6
25 36 1 6
25 37 1 6
25 38 1 6
25 39 1 5
25 40 1 5
26 3 1 100
26 4 1 70
26 5 1 40
26 6 1 28
26 7 1 21
26 8 1 17
26 9 1 15
26 10 1 13
26 11 1 12
26 12 1 11
26 13 1 10
26 14 1 10
26 15 1 9
26 16 1 9
26 17 1 8
26 18 1 8
26 19 1 8
26 20 1 8
26 21 1 7
26 22 1 7
26 23 1 7
26 24 1 7
26 25 1 7
26 26 1 7
26 27 1 6
26 28 1 6
26 29 1 6
26 30 1 6
26 31 1 6
26 32 1 6
26 33 1 6
26 34 1 6
26 35 1 6
26 36 1 6
26 37 1 6
26 38 1 6
26 39 1 5
26 40 1 5
27 3 1 100
27 4 1 70
27 5 1 40
27 6 1 28
27 7 1 21
27 8 1 17
27 9 1 15
27 10 1 13
27 11 1 12
27 12 1 11
27 13 1 10
27 14 1 10
27 15 1 9
27 16 1 9
27 17 1 8
27 18 1 8
27 19 1 8
27 20 1 8
27 21 1 7
27 22 1 7
27 23 1 7
27 24 1 7
27 25 1 7
27 26 1 7
27 27 1 6
27 28 1 6
27 29 1 6
27 30 1 6
27 31 1 6
27 32 1 6
27 33 1 6
27 34 1 6
27 35 1 6
27 36 1 6
27 37 1 6
27 38 1 6
27 39 1 5
27 40 1 5
28 3 1 100
28 4 1 70
28 5 1 40
28 6 1 28
28 7 1 21
28 8 1 17
28 9 1 15
28 10 1 13
28 11 1 12
28 12 1 11
28 13 1 10
28 14 1 10
28 15 1 9
28 16 1 9
28 17 1 8
28 18 1 8
28 19 1 8
28 20 1 8
28 21 1 7
28 22 1 7
28 23 1 7
28 24 1 7
28 25 1 7
28 26 1 7
28 27 1 6
28 28 1 6
28 29 1 6
28 30 1 6
28 31 1 6
28 32 1 6
28 33 1 6
28 34 1 6
28 35 1 6
28 36 1 6
28 37 1 6
28 38 1 6
28 39 1 5
28 40 1 5
29 3 1 100
29 4 1 70
29 5 1 40
29 6 1 27
29 7 1 21
29 8 1 17
29 9 1 15
29 10 1 13
29 11 1 12
29 12 1 11
29 13 1 10
29 14 1 10
29 15 1 9
29 16 1 9
29 17 1 8
29 18 1 8
29 19 1 8
29 20 1 8
29 21 1 7
29 22 1 7
29 23 1 7
29 24 1 7
29 25 1 7
29 26 1 7
29 27 1 6
29 28 1 6
29 29 1 6
29 30 1 6
29 31 1 6
29 32 1 6
29 33 1 6
29 34 1 6
29 35 1 6
29 36 1 6
29 37 1 6
29 38 1 6
29 39 1 5
29 40 1 5
30 3 1 100
30 4 1 70
30 5 1 40
30 6 1 27
30 7 1 21
30 8 1 17
30 9 1 15
30 10 1 13
30 11 1 12
30 12 1 11
30 13 1 10
30 14 1 10
30 15 1 9
30 16 1 9
30 17 1 8
30 18 1 8
30 19 1 8
30 20 1 8
30 21 1 7
30 22 1 7
30 23 1 7
30 24 1 7
30 25 1 7
30 26 1 7
30 27 1 6
30 28 1 6
30 29 1 6
30 30 1 6
30 31 1 6
30 32 1 6
30 33 1 6
30 34 1 6
30 35 1 6
30 36 1 6
30 37 1 6
30 38 1 6
30 39 1 5
30 40 1 5
