8 39 1 1 1 1 1 1 1 1 1 1 1 1 1 1 1 1 1 1 1 3 3 3 3 3 3 3 3 3 3 3 3 3 3 3 3 3 3 3 3 | L0=2 R2E7=17 K0=41 T=5 mu=4 Uinf=[1, 2, 3]
27 24 7 7 7 7 7 7 7 7 7 7 14 14 14 17 17 17 17 17 22 22 22 22 22 22 | L0=2 R2E7=140 K0=306 T=11 mu=17 Uinf=[1, 2, 3, 4, 5, 6, 7]
24 13 1 7 8 8 9 12 12 13 15 17 18 18 19 | L0=2 R2E7=61 K0=145 T=5 mu=23 Uinf=[1, 2, 3]
25 38 1 1 1 1 1 1 1 1 1 1 1 13 13 13 13 13 13 13 13 13 13 17 17 17 17 17 17 17 24 24 24 24 24 24 24 24 24 24 | L0=2 R2E7=220 K0=463 T=17 mu=24 Uinf=[1, 2, 3, 4, 5, 6, 7, 8, 9, 10, 11, 12, 13, 14, 15, 16, 17]
20 13 10 10 10 11 11 11 11 15 15 16 16 16 16 | L0=2 R2E7=69 K0=156 T=7 mu=17 Uinf=[1, 2, 3, 4, 5]
9 31 2 2 2 2 2 2 2 5 5 5 5 5 5 5 5 5 7 7 7 7 7 7 7 7 7 8 8 8 8 8 8 | L0=2 R2E7=66 K0=140 T=15 mu=6 Uinf=[1, 2, 3, 4, 5, 6, 7, 8, 9, 10, 11, 12, 13]
22 30 16 16 16 16 16 16 16 16 17 17 17 17 17 17 17 17 17 17 17 17 17 18 18 18 18 18 18 18 18 18 | L0=2 R2E7=231 K0=482 T=21 mu=20 Uinf=[1, 2, 3, 4, 5, 6, 7, 8, 9, 10, 11, 12, 13, 14, 15, 16, 17]
11 7 3 3 10 10 10 10 10 | L0=2 R2E7=20 K0=50 T=3 mu=10 Uinf=[1, 2, 3]
14 10 2 3 6 8 9 10 10 12 13 13 | L0=2 R2E7=32 K0=77 T=5 mu=10 Uinf=[1, 2, 3, 4, 5]
5 29 1 1 1 1 1 1 1 1 1 1 1 1 2 2 2 2 2 2 3 3 3 3 3 3 4 4 4 4 4 | L0=2 R2E7=15 K0=34 T=7 mu=1 Uinf=[1, 2, 3, 4, 5]
9 18 1 1 1 2 2 4 5 5 5 6 6 6 6 7 7 7 8 8 | L0=2 R2E7=31 K0=70 T=7 mu=7 Uinf=[1, 2, 3, 4, 5, 6, 7]
23 37 9 9 9 9 9 9 9 9 9 12 12 12 12 12 12 12 12 12 12 12 22 22 22 22 22 22 22 22 22 22 22 22 22 22 22 22 22 | L0=2 R2E7=265 K0=551 T=23 mu=22 Uinf=[1, 2, 3, 4, 5, 6, 7, 8, 9, 10, 11, 12, 13, 14, 15, 16, 17, 18, 19, 20, 21]
13 25 3 3 3 3 3 3 3 3 3 3 3 4 4 4 4 4 5 5 5 5 5 5 5 5 5 | L0=5 R2E7=31 K0=74 T=5 mu=10 Uinf=[1, 3]
29 38 6 6 6 6 6 6 6 6 7 7 7 7 7 7 7 7 7 7 10 10 10 10 10 10 10 10 10 10 10 10 23 23 23 23 23 23 23 23 | L0=2 R2E7=179 K0=385 T=13 mu=18 Uinf=[1, 2, 3, 4, 5, 6, 7]
11 23 8 8 8 8 8 8 9 9 9 9 9 9 9 10 10 10 10 10 10 10 10 10 10 | L0=2 R2E7=90 K0=189 T=17 mu=6 Uinf=[1, 2, 3, 4, 5, 6, 7, 8, 9, 10, 11, 12, 13, 14, 15]
21 26 2 2 3 3 4 5 6 6 7 9 9 12 13 13 13 14 15 16 17 17 17 18 19 19 20 20 | L0=3 R2E7=127 K0=274 T=13 mu=10 Uinf=[1, 2, 3, 4, 5, 6, 7, 8, 9, 10, 11]
24 9 3 3 5 8 15 20 22 22 23 | L0=2 R2E7=45 K0=113 T=3 mu=23 Uinf=[1, 2, 3]
16 30 6 6 6 6 6 6 6 6 6 6 6 7 7 7 7 7 7 7 7 7 8 8 8 8 8 8 8 8 8 8 | L0=2 R2E7=83 K0=180 T=11 mu=9 Uinf=[1, 2, 3, 4, 5]
9 21 1 1 2 2 2 2 3 3 4 4 4 5 5 5 5 5 6 7 7 8 8 | L0=2 R2E7=31 K0=69 T=7 mu=7 Uinf=[1, 2, 3, 4, 5]
20 26 10 10 10 10 11 11 11 11 11 11 11 11 11 11 11 11 12 12 12 12 12 12 12 12 12 12 | L0=2 R2E7=124 K0=267 T=13 mu=13 Uinf=[1, 2, 3, 4, 5, 6, 7]
4 20 1 1 1 1 1 1 2 2 2 2 2 2 2 2 2 2 2 3 3 3 | L0=2 R2E7=8 K0=18 T=5 mu=0 Uinf=[1, 2, 3]
16 24 2 2 2 2 2 2 2 12 12 12 12 12 14 14 14 14 14 14 14 15 15 15 15 15 | L0=2 R2E7=105 K0=224 T=13 mu=15 Uinf=[1, 2, 3, 4, 5, 6, 7, 8, 9, 10, 11, 12, 13]
27 40 12 12 12 12 12 12 12 12 12 12 12 12 13 13 13 13 13 13 13 13 13 13 14 14 14 14 14 14 14 14 14 14 14 14 14 14 14 14 14 14 | L0=2 R2E7=231 K0=487 T=17 mu=26 Uinf=[1, 2, 3, 4, 5, 6, 7, 8, 9]
15 17 7 7 7 7 8 8 8 8 8 8 8 9 9 9 9 9 9 | L0=2 R2E7=54 K0=122 T=7 mu=14 Uinf=[1, 2, 3, 4, 5]
28 18 3 3 3 3 3 3 3 3 3 3 21 21 21 21 21 21 21 21 | L0=2 R2E7=77 K0=181 T=5 mu=27 Uinf=[1, 2, 3, 4, 5]
28 13 10 10 10 10 10 10 27 27 27 27 27 27 27 | L0=2 R2E7=105 K0=237 T=7 mu=27 Uinf=[1, 2, 3, 4, 5, 6, 7]
19 23 3 3 3 3 7 7 7 7 7 10 10 10 10 10 10 10 10 10 10 10 13 13 13 | L0=2 R2E7=78 K0=174 T=9 mu=10 Uinf=[1, 2, 3, 4, 5]
19 11 6 6 7 7 13 13 13 13 15 15 15 | L0=2 R2E7=48 K0=113 T=5 mu=18 Uinf=[1, 2, 3]
21 15 3 3 3 9 9 9 14 14 14 14 14 14 14 19 19 | L0=2 R2E7=69 K0=158 T=7 mu=15 Uinf=[1, 2, 3, 4, 5]
8 37 1 1 1 1 1 1 1 2 2 2 3 3 3 3 3 3 3 3 4 4 4 4 4 5 6 6 6 6 6 6 7 7 7 7 7 7 7 | L0=2 R2E7=52 K0=111 T=13 mu=7 Uinf=[1, 2, 3, 4, 5, 6, 7, 8, 9, 10, 11]
20 38 1 2 3 4 4 5 5 6 7 9 10 10 10 11 11 11 11 11 12 12 12 13 13 14 14 15 16 17 17 17 17 17 18 18 18 19 19 19 | L0=2 R2E7=196 K0=411 T=19 mu=19 Uinf=[1, 2, 3, 4, 5, 6, 7, 8, 9, 10, 11, 12, 13, 14, 15, 16, 17]
29 23 15 15 15 15 15 16 16 16 16 16 16 16 16 16 16 17 17 17 17 17 17 17 17 | L0=2 R2E7=161 K0=349 T=11 mu=28 Uinf=[1, 2, 3, 4, 5, 6, 7]
16 22 6 6 6 6 6 6 6 6 6 6 7 7 7 8 8 8 8 8 8 8 8 8 | L0=2 R2E7=59 K0=132 T=7 mu=15 Uinf=[1, 2, 3]
10 19 1 2 2 3 4 4 4 4 5 6 6 7 7 8 8 8 9 9 9 | L0=2 R2E7=40 K0=88 T=9 mu=3 Uinf=[1, 2, 3, 4, 5, 6, 7]
10 33 1 1 1 1 1 1 1 1 1 1 1 1 1 1 1 1 1 4 4 4 4 4 4 4 4 4 4 7 7 7 7 7 7 | L0=2 R2E7=29 K0=67 T=5 mu=9 Uinf=[1, 2, 3, 4, 5]
20 29 17 17 17 17 17 17 18 18 18 18 18 18 18 18 18 18 18 19 19 19 19 19 19 19 19 19 19 19 19 | L0=2 R2E7=241 K0=500 T=25 mu=9 Uinf=[1, 2, 3, 4, 5, 6, 7, 8, 9, 10, 11, 12, 13, 14, 15, 16, 17, 18, 19, 20, 21, 22, 23]
6 8 2 2 3 4 4 4 4 4 | L0=3 R2E7=8 K0=20 T=3 mu=3 Uinf=[1, 2, 3]
19 25 1 3 3 5 5 5 5 6 7 7 9 9 9 10 10 11 12 13 14 14 14 14 16 16 17 | L0=2 R2E7=97 K0=211 T=11 mu=10 Uinf=[1, 2, 3, 4, 5, 6, 7]
24 14 14 14 14 14 14 14 14 14 20 20 20 20 20 20 | L0=2 R2E7=98 K0=219 T=9 mu=13 Uinf=[1, 2, 3, 4, 5, 6, 7]
25 8 15 15 15 15 15 22 22 22 | L0=2 R2E7=55 K0=134 T=5 mu=16 Uinf=[1, 2, 3]
23 15 1 4 7 9 10 11 12 14 16 16 18 18 20 21 22 | L0=2 R2E7=82 K0=185 T=7 mu=22 Uinf=[1, 2, 3, 4, 5]
26 20 4 5 5 7 8 8 9 9 9 10 14 14 15 17 18 20 21 21 23 25 | L0=2 R2E7=109 K0=243 T=9 mu=17 Uinf=[1, 2, 3, 4, 5, 6, 7]
5 37 1 1 1 1 1 1 1 1 2 2 2 2 2 2 3 3 3 3 3 3 3 3 3 3 4 4 4 4 4 4 4 4 4 4 4 4 4 | L0=2 R2E7=31 K0=66 T=13 mu=2 Uinf=[1, 2, 3, 4, 5, 6, 7, 8, 9, 10, 11]
26 18 1 3 4 5 9 9 11 11 12 13 17 19 20 20 21 22 24 24 | L0=2 R2E7=102 K0=228 T=7 mu=25 Uinf=[1, 2, 3, 4, 5, 6, 7]
20 33 13 13 13 13 13 13 13 13 13 13 13 14 14 14 14 14 14 14 14 14 14 14 15 15 15 15 15 15 15 15 15 15 15 | L0=2 R2E7=206 K0=430 T=21 mu=14 Uinf=[1, 2, 3, 4, 5, 6, 7, 8, 9, 10, 11, 12, 13, 14, 15, 17]
21 38 1 1 1 1 1 1 1 10 10 10 10 10 10 10 10 10 10 10 10 10 17 17 17 17 17 17 17 17 17 17 19 19 19 19 19 19 19 19 | L0=2 R2E7=201 K0=422 T=19 mu=20 Uinf=[1, 2, 3, 4, 5, 6, 7, 8, 9, 10, 11, 12, 13, 14, 15, 16, 17]
7 38 1 1 1 1 1 1 1 1 1 1 1 1 1 1 1 6 6 6 6 6 6 6 6 6 6 6 6 6 6 6 6 6 6 6 6 6 6 6 | L0=2 R2E7=55 K0=116 T=15 mu=6 Uinf=[1, 2, 3, 4, 5, 6, 7, 8, 9, 10, 11, 12, 13, 14, 15]
26 28 6 6 8 8 8 8 8 8 8 8 8 8 8 14 14 14 14 14 14 14 14 14 22 22 22 22 22 22 | L0=2 R2E7=153 K0=331 T=11 mu=25 Uinf=[1, 2, 3, 4, 5, 6, 7]
18 20 5 5 5 5 5 5 11 11 11 11 11 11 11 11 11 11 11 11 11 11 | L0=2 R2E7=74 K0=165 T=9 mu=10 Uinf=[1, 2, 3, 4, 5]
15 27 1 2 2 3 3 3 4 4 4 4 4 5 7 7 8 8 9 9 9 10 10 10 11 12 12 13 14 | L0=2 R2E7=74 K0=162 T=9 mu=14 Uinf=[1, 2, 3, 4, 5, 6, 7]
6 12 1 1 1 1 1 1 4 4 4 4 4 4 | L0=2 R2E7=7 K0=19 T=3 mu=3 Uinf=[1, 2, 3]
27 14 1 3 5 7 10 10 10 12 15 16 17 18 23 23 | L0=2 R2E7=66 K0=157 T=5 mu=24 Uinf=[1, 2, 3]
29 40 2 2 4 4 4 5 5 6 7 7 8 9 9 11 12 13 13 14 15 17 17 17 19 19 20 21 21 22 23 23 24 24 25 26 26 27 27 27 27 28 | L0=2 R2E7=282 K0=591 T=19 mu=28 Uinf=[1, 2, 3, 4, 5, 6, 7, 8, 9, 10, 11, 12, 13, 14, 15]
12 29 8 8 8 8 8 8 8 8 8 8 8 8 8 9 9 9 9 9 9 9 10 10 10 10 10 10 10 10 10 | L0=2 R2E7=109 K0=229 T=19 mu=6 Uinf=[1, 2, 3, 4, 5, 6, 7, 8, 9, 10, 11, 12, 13, 14, 15]
20 26 2 2 2 3 3 3 5 6 9 10 10 11 12 12 13 13 13 15 16 16 17 17 19 19 19 19 | L0=2 R2E7=121 K0=261 T=13 mu=10 Uinf=[1, 2, 3, 4, 5, 6, 7, 8, 9, 10, 11]
5 38 1 1 1 1 1 1 1 1 1 1 2 2 2 2 2 2 2 2 2 2 2 2 3 3 3 3 3 3 3 3 3 3 3 3 3 3 3 3 | L0=2 R2E7=21 K0=45 T=9 mu=2 Uinf=[1, 2, 3, 4, 5, 6, 7]
20 37 2 3 3 3 3 4 5 5 5 6 6 7 7 8 8 9 9 9 9 10 10 11 11 11 12 12 12 13 13 14 14 17 18 18 19 19 19 | L0=2 R2E7=155 K0=328 T=15 mu=19 Uinf=[1, 2, 3, 4, 5, 6, 7, 8, 9, 10, 11]
7 20 5 5 5 5 5 5 5 5 5 6 6 6 6 6 6 6 6 6 6 6 | L0=2 R2E7=43 K0=92 T=13 mu=3 Uinf=[1, 2, 3, 4, 5, 6, 7, 8, 9, 10, 11, 13]
7 40 1 1 1 1 1 1 1 1 1 2 2 2 2 2 2 2 2 3 3 3 3 3 3 3 3 4 4 4 4 4 5 5 5 5 5 5 5 6 6 6 | L0=2 R2E7=39 K0=83 T=11 mu=6 Uinf=[1, 2, 3, 4, 5, 6, 7, 8, 9]
17 33 8 8 8 8 8 9 9 9 9 9 9 9 9 10 10 10 10 10 10 10 10 10 10 10 10 10 10 10 10 10 10 10 10 | L0=2 R2E7=132 K0=280 T=15 mu=16 Uinf=[1, 2, 3, 4, 5, 6, 7, 8, 9]
30 20 10 10 10 10 19 19 19 25 25 25 25 25 25 26 26 26 26 26 26 26 | L0=2 R2E7=191 K0=410 T=13 mu=24 Uinf=[1, 2, 3, 4, 5, 6, 7, 8, 9, 10, 11]
13 27 1 1 2 2 2 3 3 4 4 5 5 6 6 6 7 9 10 10 10 11 11 11 12 12 12 12 12 | L0=2 R2E7=76 K0=163 T=11 mu=12 Uinf=[1, 2, 3, 4, 5, 6, 7, 8, 9, 10, 11]
24 26 13 13 13 13 13 13 13 13 13 13 14 14 14 14 14 14 14 15 15 15 15 15 15 15 15 15 | L0=2 R2E7=158 K0=338 T=13 mu=23 Uinf=[1, 2, 3, 4, 5, 6, 7, 8, 9]
24 34 1 1 1 1 2 2 2 2 2 3 3 4 5 6 7 8 8 9 10 11 11 12 14 14 17 17 17 18 20 20 20 21 22 23 | L0=2 R2E7=139 K0=301 T=11 mu=23 Uinf=[1, 2, 3, 4, 5, 6, 7, 8, 9]
4 38 1 1 1 1 1 1 1 1 1 1 1 1 1 1 1 1 1 1 1 2 2 2 2 2 2 2 2 2 2 3 3 3 3 3 3 3 3 3 | L0=2 R2E7=13 K0=29 T=7 mu=2 Uinf=[1, 2, 3, 4, 5, 6, 7]
30 31 2 2 2 2 3 3 4 4 6 7 7 8 8 9 10 10 12 14 15 17 19 22 23 24 24 24 24 26 26 26 28 | L0=2 R2E7=176 K0=381 T=11 mu=29 Uinf=[1, 2, 3, 4, 5, 6, 7, 8, 9]
11 5 6 10 10 10 10 | L0=2 R2E7=16 K0=42 T=3 mu=7 Uinf=[1, 2, 3]
17 18 3 3 3 11 11 11 15 15 15 15 15 15 15 15 15 15 15 15 | L0=2 R2E7=95 K0=205 T=11 mu=16 Uinf=[1, 2, 3, 4, 5, 6, 7, 8, 9, 10, 11]
21 12 3 5 5 6 6 8 9 9 11 12 16 20 | L0=2 R2E7=40 K0=99 T=3 mu=20 Uinf=[1, 2, 3]
13 7 9 9 9 10 10 10 11 | L0=2 R2E7=25 K0=62 T=3 mu=12 Uinf=[1, 2, 3]
24 10 2 2 7 8 9 10 11 13 20 23 | L0=2 R2E7=37 K0=96 T=3 mu=23 Uinf=[1, 2, 3]
22 28 1 2 3 4 5 5 6 7 8 8 8 9 10 10 12 14 15 16 17 17 17 17 18 18 19 19 19 20 | L0=2 R2E7=138 K0=297 T=13 mu=16 Uinf=[1, 2, 3, 4, 5, 6, 7, 8, 9]
9 35 7 7 7 7 7 7 7 7 7 7 7 7 7 7 7 7 7 7 7 7 7 7 8 8 8 8 8 8 8 8 8 8 8 8 8 | L0=2 R2E7=108 K0=224 T=25 mu=3 Uinf=[1, 2, 3, 4, 5, 6, 7, 8, 9, 10, 11, 12, 13, 14, 15, 16, 17, 18, 19, 20, 21, 22, 23]
25 39 11 11 11 11 11 11 11 11 11 11 11 11 11 11 11 11 11 11 11 11 19 19 19 19 19 19 19 19 20 20 20 20 20 20 20 20 20 20 20 | L0=2 R2E7=265 K0=554 T=21 mu=24 Uinf=[1, 2, 3, 4, 5, 6, 7, 8, 9, 10, 11, 12, 13, 14, 15]
29 13 16 16 16 17 17 17 17 18 18 18 18 18 18 | L0=2 R2E7=92 K0=212 T=7 mu=18 Uinf=[1, 2, 3, 5]
30 26 8 8 8 8 8 8 8 8 8 8 21 21 21 21 21 21 21 23 23 23 23 23 23 23 23 23 | L0=2 R2E7=190 K0=409 T=13 mu=24 Uinf=[1, 2, 3, 4, 5, 6, 7, 8, 9]
20 16 4 4 4 4 4 9 9 9 9 9 9 11 11 11 11 11 | L0=2 R2E7=48 K0=114 T=5 mu=16 Uinf=[1, 2, 3]
21 22 1 2 4 5 6 7 7 10 10 11 12 13 14 15 15 15 17 17 18 19 20 20 | L0=2 R2E7=109 K0=237 T=11 mu=13 Uinf=[1, 2, 3, 4, 5, 6, 7, 8, 9]
6 9 2 2 4 4 4 4 4 5 5 | L0=2 R2E7=11 K0=26 T=3 mu=5 Uinf=[1, 2, 3]
5 40 1 1 1 1 1 1 1 2 2 2 2 2 2 2 2 2 2 2 3 3 3 3 3 3 3 3 3 4 4 4 4 4 4 4 4 4 4 4 4 4 | L0=2 R2E7=33 K0=69 T=13 mu=4 Uinf=[1, 2, 3, 4, 5, 6, 7, 8, 9, 10, 11, 12, 13]
26 9 15 15 16 16 16 16 16 16 17 | L0=2 R2E7=55 K0=135 T=5 mu=15 Uinf=[1, 2, 3]
26 31 23 23 23 23 23 23 24 24 24 24 24 24 24 24 24 24 24 24 24 24 25 25 25 25 25 25 25 25 25 25 25 | L0=2 R2E7=347 K0=719 T=27 mu=21 Uinf=[1, 2, 3, 4, 5, 6, 7, 8, 9, 10, 11, 12, 13, 14, 15, 16, 17, 18, 19, 20, 21, 22, 23, 24, 25, 26, 27]
19 28 6 6 6 6 6 6 6 6 6 6 6 6 6 8 8 8 8 8 8 8 8 8 8 8 8 8 8 8 | L0=2 R2E7=77 K0=171 T=9 mu=9 Uinf=[1, 2, 3]
26 21 1 3 4 5 5 6 7 9 11 11 12 13 14 14 17 18 18 21 23 24 25 | L0=2 R2E7=108 K0=241 T=9 mu=16 Uinf=[1, 2, 3, 4, 5, 6, 7]
10 13 1 2 3 3 3 3 3 6 6 7 8 9 9 | L0=2 R2E7=21 K0=51 T=5 mu=5 Uinf=[1, 2, 3]
15 14 1 2 3 3 4 6 8 8 8 9 10 10 11 12 | L0=2 R2E7=34 K0=82 T=5 mu=10 Uinf=[1, 2, 3]
26 11 1 3 7 8 12 13 15 16 17 24 24 | L0=2 R2E7=53 K0=130 T=5 mu=12 Uinf=[1, 2, 3]
29 9 13 13 13 13 13 13 13 28 28 | L0=2 R2E7=56 K0=139 T=3 mu=28 Uinf=[1, 2, 3]
28 27 12 12 12 12 12 12 12 12 12 12 12 12 12 12 12 13 13 13 13 13 13 14 14 14 14 14 14 | L0=2 R2E7=145 K0=316 T=11 mu=17 Uinf=[1, 2, 3, 4, 5]
28 26 2 2 2 2 2 2 2 19 19 19 19 19 19 19 19 19 19 19 24 24 24 24 24 24 24 24 | L0=2 R2E7=182 K0=390 T=13 mu=26 Uinf=[1, 2, 3, 4, 5, 6, 7, 8, 9, 10, 11]
6 40 2 2 2 2 2 2 2 2 2 2 2 2 2 3 3 3 3 3 3 3 3 3 4 4 4 4 4 4 4 4 4 4 4 4 4 4 4 4 4 4 | L0=2 R2E7=41 K0=86 T=13 mu=5 Uinf=[1, 2, 3, 4, 5, 6, 7, 8, 9, 10, 11]
12 23 1 1 1 1 1 1 1 1 1 1 1 1 8 8 9 9 9 9 9 9 9 9 9 | L0=2 R2E7=38 K0=87 T=7 mu=7 Uinf=[1, 2, 3, 4, 5]
23 39 3 3 3 3 3 3 3 3 3 3 3 3 3 3 3 3 3 3 16 16 16 16 16 16 16 16 16 16 16 16 16 20 20 20 20 20 20 20 20 | L0=2 R2E7=181 K0=384 T=15 mu=22 Uinf=[1, 2, 3, 4, 5, 6, 7, 8, 9, 10, 11, 12, 13]
23 21 3 3 3 3 3 3 3 3 6 6 6 14 14 14 14 14 14 14 14 14 14 | L0=2 R2E7=70 K0=162 T=7 mu=11 Uinf=[1, 2, 3]
8 36 4 4 4 4 4 4 4 4 4 4 4 4 5 5 5 5 5 5 5 5 5 5 5 5 6 6 6 6 6 6 6 6 6 6 6 6 | L0=2 R2E7=69 K0=145 T=17 mu=7 Uinf=[1, 2, 3, 4, 5, 6, 7, 8, 9, 10, 11, 12, 13]
22 10 1 12 13 14 14 18 20 20 21 21 | L0=2 R2E7=62 K0=145 T=5 mu=21 Uinf=[1, 2, 3, 4, 5]
24 28 5 5 5 5 5 5 5 5 5 5 5 5 5 5 5 5 14 14 14 14 14 14 14 14 14 14 14 14 | L0=2 R2E7=99 K0=221 T=9 mu=14 Uinf=[1, 2, 3, 4, 5]
11 18 4 4 4 5 5 5 5 5 5 5 7 7 7 9 9 9 9 9 | L0=2 R2E7=43 K0=96 T=7 mu=10 Uinf=[1, 2, 3, 4, 5]
26 16 3 4 7 8 10 10 11 13 15 15 17 21 21 23 24 25 | L0=2 R2E7=94 K0=212 T=7 mu=25 Uinf=[1, 2, 3, 4, 5]
6 7 4 4 4 5 5 5 5 | L0=2 R2E7=11 K0=26 T=3 mu=5 Uinf=[1, 2, 3]
4 18 1 1 1 1 1 1 1 2 2 2 2 2 2 2 2 2 3 3 | L0=2 R2E7=6 K0=14 T=3 mu=2 Uinf=[1, 2, 3]
11 10 1 1 3 4 4 8 8 9 10 10 | L0=2 R2E7=20 K0=49 T=3 mu=10 Uinf=[1, 2, 3]
9 37 2 2 2 2 2 2 2 2 2 2 2 2 2 2 2 2 2 2 2 4 4 4 4 4 4 4 4 4 4 4 4 4 4 4 4 4 4 | L0=5 R2E7=33 K0=74 T=7 mu=8 Uinf=[1, 2, 3, 4, 5]
21 20 7 7 7 7 7 7 7 7 8 8 8 8 8 9 9 9 9 9 9 9 | L0=8 R2E7=60 K0=140 T=5 mu=20 Uinf=[1, 2, 3]
4 29 1 1 1 1 1 1 1 2 2 2 2 2 2 2 2 2 2 3 3 3 3 3 3 3 3 3 3 3 3 | L0=2 R2E7=16 K0=35 T=9 mu=1 Uinf=[1, 2, 3, 4, 5, 6, 7]
20 19 1 3 3 4 6 6 8 9 10 11 12 13 15 15 16 16 17 19 19 | L0=2 R2E7=83 K0=185 T=9 mu=12 Uinf=[1, 2, 3, 4, 5, 6, 7]
18 24 1 1 2 2 2 3 5 6 6 6 7 8 8 8 9 11 12 13 13 14 15 15 17 17 | L0=2 R2E7=81 K0=178 T=9 mu=16 Uinf=[1, 2, 3, 4, 5, 6, 7]
25 36 2 2 2 2 2 2 2 2 2 2 2 2 2 2 2 2 2 7 7 7 7 7 20 20 20 20 20 20 20 20 20 20 20 20 20 20 | L0=2 R2E7=145 K0=314 T=11 mu=24 Uinf=[1, 2, 3, 4, 5, 6, 7, 8, 9]
16 21 1 2 3 4 5 5 5 7 9 9 9 11 12 12 12 13 13 13 14 15 15 | L0=2 R2E7=77 K0=169 T=9 mu=15 Uinf=[1, 2, 3, 4, 5, 6, 7, 8, 9]
20 33 4 4 4 4 4 4 4 4 7 7 7 7 12 12 12 12 12 12 12 12 12 12 12 15 15 15 15 15 15 15 15 15 15 | L0=5 R2E7=146 K0=310 T=15 mu=14 Uinf=[1, 2, 3, 4, 5, 6, 7, 8, 9, 10, 11]
24 28 12 12 12 12 12 12 12 12 12 12 13 13 13 13 13 13 13 13 13 14 14 14 14 14 14 14 14 14 | L0=2 R2E7=157 K0=336 T=13 mu=23 Uinf=[1, 2, 3, 4, 5, 6, 7]
27 32 18 18 18 18 18 18 18 19 19 19 19 19 19 19 19 19 19 20 20 20 20 20 20 20 20 20 20 20 20 20 20 20 | L0=2 R2E7=280 K0=585 T=21 mu=22 Uinf=[1, 2, 3, 4, 5, 6, 7, 8, 9, 10, 11, 12, 13, 14, 15, 16, 17]
14 40 1 1 1 1 2 2 3 3 5 6 6 7 7 7 7 7 7 8 9 9 9 10 10 10 10 11 11 11 12 12 12 12 12 12 12 13 13 13 13 13 | L0=2 R2E7=139 K0=291 T=19 mu=13 Uinf=[1, 2, 3, 4, 5, 6, 7, 8, 9, 10, 11, 12, 13, 14, 15, 16, 17]
30 13 10 10 10 10 10 19 19 19 19 19 24 24 24 | L0=2 R2E7=88 K0=205 T=5 mu=29 Uinf=[1, 2, 3, 5]
16 39 3 3 3 3 3 3 3 9 9 9 9 9 9 9 9 9 11 11 11 11 11 11 11 11 15 15 15 15 15 15 15 15 15 15 15 15 15 15 15 | L0=2 R2E7=181 K0=377 T=23 mu=12 Uinf=[1, 2, 3, 4, 5, 6, 7, 8, 9, 10, 11, 12, 13, 14, 15, 16, 17, 18, 19, 20, 21]
9 25 3 3 3 3 3 3 3 3 3 5 5 5 5 5 5 5 5 8 8 8 8 8 8 8 8 | L0=2 R2E7=50 K0=107 T=11 mu=8 Uinf=[1, 2, 3, 4, 5, 6, 7, 8, 9]
28 16 20 20 20 20 20 21 21 21 21 21 22 22 22 22 22 22 | L0=2 R2E7=148 K0=322 T=11 mu=20 Uinf=[1, 2, 3, 4, 5, 6, 7, 8, 9]
18 10 7 7 8 8 10 11 12 13 17 17 | L0=2 R2E7=42 K0=101 T=5 mu=14 Uinf=[1, 2, 3]
7 30 1 1 1 1 1 1 1 1 1 1 2 2 2 2 2 2 2 2 2 2 3 3 3 3 3 3 3 3 3 3 | L0=2 R2E7=13 K0=31 T=3 mu=6 Uinf=[1, 2, 3]
11 7 6 6 6 7 7 7 8 | L0=2 R2E7=16 K0=41 T=3 mu=9 Uinf=[1, 3]
22 24 9 9 9 9 9 9 9 9 11 11 11 11 11 11 11 19 19 19 19 19 19 19 19 19 | L0=2 R2E7=138 K0=297 T=13 mu=16 Uinf=[1, 2, 3, 4, 5, 6, 7, 8, 9]
17 28 3 3 3 3 3 3 3 3 3 3 3 3 3 3 3 3 3 3 3 13 13 13 13 13 13 13 13 13 | L0=2 R2E7=66 K0=147 T=7 mu=16 Uinf=[1, 2, 3, 4, 5]
12 13 1 2 3 3 5 6 7 7 8 8 10 11 11 | L0=2 R2E7=30 K0=70 T=5 mu=10 Uinf=[1, 2, 3, 4, 5]
10 23 1 1 1 1 1 2 2 3 3 4 4 4 5 5 6 6 6 6 7 7 8 9 9 | L0=2 R2E7=35 K0=79 T=7 mu=9 Uinf=[1, 2, 3, 4, 5]
29 30 2 2 2 3 4 6 7 8 10 11 11 13 13 13 14 14 16 16 17 18 19 19 19 20 21 22 22 22 26 28 | L0=2 R2E7=181 K0=389 T=13 mu=20 Uinf=[1, 2, 3, 4, 5, 6, 7, 8, 9]
24 14 16 16 16 16 16 16 16 16 17 17 17 17 17 17 | L0=2 R2E7=97 K0=217 T=9 mu=12 Uinf=[1, 2, 3, 4, 5, 6, 7]
16 38 1 1 1 1 2 2 3 3 4 4 5 5 6 7 7 7 7 9 9 9 10 10 10 10 11 11 11 11 12 12 12 12 13 13 13 13 14 15 | L0=2 R2E7=127 K0=269 T=15 mu=15 Uinf=[1, 2, 3, 4, 5, 6, 7, 8, 9, 10, 11, 12, 13]
9 6 2 7 7 8 8 8 | L0=2 R2E7=14 K0=35 T=3 mu=6 Uinf=[1, 2, 3]
14 19 3 4 5 5 5 5 5 6 7 9 10 10 10 11 11 11 12 12 12 | L0=2 R2E7=61 K0=135 T=9 mu=11 Uinf=[1, 2, 3, 4, 5, 6, 7]
12 16 1 1 3 3 3 3 11 11 11 11 11 11 11 11 11 11 | L0=2 R2E7=49 K0=109 T=9 mu=6 Uinf=[1, 2, 3, 4, 5, 6, 7, 8, 9]
23 34 12 12 12 12 12 12 12 12 12 12 12 12 14 14 14 14 14 14 14 14 14 14 14 14 20 20 20 20 20 20 20 20 20 20 | L0=2 R2E7=229 K0=479 T=19 mu=22 Uinf=[1, 2, 3, 4, 5, 6, 7, 8, 9, 10, 11, 12, 13, 14, 15]
7 25 4 4 4 4 4 4 4 4 4 4 4 4 5 5 5 5 5 5 6 6 6 6 6 6 6 | L0=2 R2E7=45 K0=96 T=13 mu=5 Uinf=[1, 2, 3, 4, 5, 6, 7, 8, 9, 10, 11]
6 25 1 1 1 1 2 2 2 2 2 2 2 2 3 3 3 3 3 3 3 3 3 3 3 3 3 | L0=2 R2E7=15 K0=35 T=5 mu=5 Uinf=[1, 2, 3]
9 6 6 6 7 7 7 7 | L0=2 R2E7=14 K0=35 T=3 mu=8 Uinf=[1, 2, 3]
18 15 9 9 9 9 9 9 9 10 10 10 11 11 11 11 11 | L0=2 R2E7=59 K0=134 T=7 mu=12 Uinf=[1, 2, 3]
16 13 8 8 8 8 8 8 9 9 9 9 9 9 9 | L0=2 R2E7=42 K0=99 T=5 mu=15 Uinf=[1, 2, 3]
20 29 1 2 2 3 3 4 5 6 6 7 7 7 8 8 10 10 11 11 14 15 16 16 17 17 17 18 18 19 19 | L0=2 R2E7=125 K0=269 T=13 mu=14 Uinf=[1, 2, 3, 4, 5, 6, 7, 8, 9, 10, 11]
29 11 22 22 22 23 23 23 23 23 23 24 24 | L0=2 R2E7=107 K0=242 T=7 mu=28 Uinf=[1, 2, 3, 4, 5, 6, 7]
13 16 6 6 6 6 6 7 7 7 7 7 7 8 8 8 8 8 | L0=2 R2E7=43 K0=97 T=7 mu=9 Uinf=[1, 2, 3, 5]
8 29 4 4 4 4 4 4 4 4 4 4 4 4 5 5 5 5 5 5 5 5 6 6 6 6 6 6 6 6 6 | L0=2 R2E7=54 K0=114 T=13 mu=7 Uinf=[1, 2, 3, 4, 5, 6, 7, 8, 9, 10, 11]
8 24 1 1 1 1 1 2 2 2 3 3 3 3 4 4 4 5 5 6 6 6 6 7 7 7 | L0=2 R2E7=30 K0=67 T=7 mu=7 Uinf=[1, 2, 3, 4, 5, 6, 7]
25 11 12 12 12 12 13 13 13 13 13 13 14 | L0=2 R2E7=53 K0=130 T=5 mu=14 Uinf=[1, 2, 3]
9 16 2 2 2 2 3 3 3 4 4 6 6 6 6 6 7 8 | L0=3 R2E7=24 K0=55 T=5 mu=8 Uinf=[1, 2, 3, 4, 5]
25 34 3 3 3 3 3 3 3 3 3 3 3 3 7 7 7 7 7 7 7 7 7 7 7 7 7 7 14 14 14 14 14 14 14 14 | L0=8 R2E7=95 K0=213 T=7 mu=24 Uinf=[1, 2, 3, 5]
12 35 5 5 5 5 5 5 5 5 5 5 5 5 5 5 5 10 10 10 10 10 10 10 10 10 10 10 10 10 10 10 10 10 10 10 10 | L0=2 R2E7=115 K0=241 T=19 mu=11 Uinf=[1, 2, 3, 4, 5, 6, 7, 8, 9, 10, 11, 12, 13, 14, 15, 16, 17]
4 17 1 1 1 1 1 1 1 2 2 2 2 3 3 3 3 3 3 | L0=2 R2E7=7 K0=17 T=3 mu=3 Uinf=[1, 2, 3]
25 32 1 1 3 3 4 4 4 7 7 7 8 10 10 10 10 10 11 11 13 13 14 16 16 19 21 21 21 22 22 22 23 24 | L0=2 R2E7=167 K0=357 T=13 mu=24 Uinf=[1, 2, 3, 4, 5, 6, 7, 8, 9, 10, 11]
13 32 9 9 9 9 9 9 9 9 9 10 10 10 10 10 10 10 10 10 10 10 11 11 11 11 11 11 11 11 11 11 11 11 | L0=2 R2E7=140 K0=292 T=21 mu=12 Uinf=[1, 2, 3, 4, 5, 6, 7, 8, 9, 10, 11, 12, 13, 14, 15, 16, 17, 18, 19]
12 33 6 6 6 6 6 6 6 6 6 6 6 7 7 7 7 7 7 7 8 8 8 8 8 8 8 8 8 8 8 8 8 8 8 | L0=2 R2E7=96 K0=203 T=17 mu=5 Uinf=[1, 2, 3, 4, 5, 6, 7, 8, 9, 10, 11]
29 17 1 2 4 5 9 10 10 10 13 14 14 18 22 22 23 24 24 | L0=2 R2E7=91 K0=209 T=7 mu=17 Uinf=[1, 2, 3, 4, 5]
27 12 2 2 4 6 10 11 12 14 16 17 21 25 | L0=2 R2E7=52 K0=129 T=3 mu=26 Uinf=[1, 2, 3]
13 31 1 1 1 1 2 3 3 3 3 4 5 5 5 5 5 5 6 6 6 7 8 9 9 9 9 10 10 11 11 12 12 | L0=2 R2E7=73 K0=157 T=11 mu=12 Uinf=[1, 2, 3, 4, 5, 6, 7, 8, 9]
17 37 2 2 2 2 2 2 2 2 2 2 2 2 2 2 2 2 2 2 2 13 13 13 13 13 13 13 13 13 13 13 13 13 13 13 13 13 13 | L0=2 R2E7=110 K0=236 T=13 mu=15 Uinf=[1, 2, 3, 4, 5, 6, 7, 8, 9, 10, 11]
9 24 5 5 5 5 5 5 5 5 5 5 5 5 8 8 8 8 8 8 8 8 8 8 8 8 | L0=2 R2E7=63 K0=133 T=15 mu=3 Uinf=[1, 2, 3, 4, 5, 6, 7, 8, 9, 10, 11, 12, 13]
21 35 9 9 9 9 9 9 9 9 9 16 16 16 16 16 16 16 16 16 16 16 20 20 20 20 20 20 20 20 20 20 20 20 20 20 20 | L0=2 R2E7=252 K0=523 T=25 mu=9 Uinf=[1, 2, 3, 4, 5, 6, 7, 8, 9, 10, 11, 12, 13, 14, 15, 16, 17, 18, 19, 20, 21, 22, 23]
16 7 1 2 2 11 14 14 15 | L0=2 R2E7=19 K0=53 T=3 mu=10 Uinf=[1, 2, 3]
8 38 1 1 1 1 1 1 2 2 2 2 2 2 2 3 3 3 3 3 4 4 4 4 4 4 5 5 5 6 6 6 6 6 6 7 7 7 7 7 | L0=2 R2E7=51 K0=108 T=13 mu=5 Uinf=[1, 2, 3, 4, 5, 6, 7, 8, 9, 10, 11]
4 23 1 1 1 2 2 2 2 2 2 2 2 2 2 2 2 3 3 3 3 3 3 3 3 | L0=2 R2E7=13 K0=29 T=7 mu=2 Uinf=[1, 2, 3, 4, 5]
24 18 1 3 4 4 6 6 7 8 9 10 12 15 19 19 20 21 21 22 | L0=2 R2E7=84 K0=190 T=7 mu=22 Uinf=[1, 2, 3, 4, 5]
11 27 3 3 3 3 3 3 3 3 3 3 3 5 5 5 5 5 5 9 9 9 9 9 9 9 9 9 9 | L0=2 R2E7=59 K0=127 T=11 mu=8 Uinf=[1, 2, 3, 4, 5, 6, 7, 8, 9]
20 37 7 7 7 7 7 7 7 7 7 7 7 7 7 7 7 7 7 7 14 14 14 14 14 14 14 14 14 14 14 14 14 14 14 14 14 14 14 | L0=2 R2E7=169 K0=356 T=17 mu=17 Uinf=[1, 2, 3, 4, 5, 6, 7, 8, 9, 10, 11]
25 18 10 10 10 10 10 10 11 11 11 11 11 12 12 12 12 12 12 12 | L0=2 R2E7=79 K0=182 T=7 mu=15 Uinf=[1, 2, 3]
5 8 1 1 2 2 3 4 4 4 | L0=2 R2E7=5 K0=14 T=3 mu=1 Uinf=[1, 2, 3]
21 32 10 10 10 10 10 10 10 11 11 11 11 11 11 11 11 12 12 12 12 12 12 12 20 20 20 20 20 20 20 20 20 20 | L0=2 R2E7=196 K0=411 T=19 mu=16 Uinf=[1, 2, 3, 4, 5, 6, 7, 8, 9, 10, 11, 12, 13, 14, 15, 16, 17]
22 14 14 14 14 14 14 15 15 15 15 16 16 16 16 16 | L0=2 R2E7=88 K0=197 T=9 mu=10 Uinf=[1, 2, 3, 4, 5, 7]
5 27 1 1 1 1 1 1 1 1 2 2 2 2 3 3 3 3 3 3 3 3 4 4 4 4 4 4 4 | L0=2 R2E7=19 K0=42 T=7 mu=4 Uinf=[1, 2, 3, 4, 5, 6, 7]
24 12 11 11 20 20 20 20 20 22 22 22 22 22 | L0=2 R2E7=99 K0=221 T=9 mu=14 Uinf=[1, 2, 3, 4, 5, 6, 7]
8 11 3 3 3 6 6 7 7 7 7 7 7 | L0=2 R2E7=23 K0=53 T=5 mu=7 Uinf=[1, 2, 3, 4, 5]
18 12 4 4 4 5 5 15 15 15 15 15 16 16 | L0=2 R2E7=51 K0=118 T=5 mu=17 Uinf=[1, 2, 3, 4, 5]
6 19 2 2 2 2 2 2 2 3 3 3 3 3 3 3 3 4 4 4 4 | L0=2 R2E7=16 K0=36 T=5 mu=5 Uinf=[1, 2, 3]
29 31 5 5 5 5 5 5 5 5 16 16 16 16 27 27 27 27 27 27 27 27 27 27 27 27 27 28 28 28 28 28 28 | L0=2 R2E7=283 K0=593 T=19 mu=28 Uinf=[1, 2, 3, 4, 5, 6, 7, 8, 9, 10, 11, 12, 13, 14, 15, 16, 17, 18, 19]
14 10 8 8 8 9 9 9 9 9 9 10 | L0=2 R2E7=33 K0=79 T=5 mu=11 Uinf=[1, 2, 3]
15 6 12 12 12 13 13 13 | L0=2 R2E7=28 K0=70 T=5 mu=4 Uinf=[1, 2, 3, 4, 5]
8 15 1 3 3 3 4 4 4 4 4 5 5 5 6 6 7 | L0=2 R2E7=22 K0=50 T=5 mu=7 Uinf=[1, 2, 3, 4, 5]
7 39 1 1 1 1 1 1 1 1 1 1 1 1 1 1 1 1 1 1 1 1 4 4 4 4 4 4 4 4 4 4 4 4 4 4 4 4 4 4 4 | L0=2 R2E7=26 K0=58 T=7 mu=6 Uinf=[1, 2, 3, 4, 5, 6, 7]
10 4 8 9 9 9 | L0=2 R2E7=12 K0=32 T=3 mu=5 Uinf=[1, 2, 3]
17 18 1 1 1 1 1 9 9 9 9 9 9 9 13 13 13 13 13 13 | L0=2 R2E7=57 K0=129 T=7 mu=13 Uinf=[1, 2, 3, 4, 5]
26 25 12 12 12 12 12 12 12 12 12 12 13 13 13 13 13 13 13 13 13 14 14 14 14 14 14 | L0=2 R2E7=136 K0=297 T=11 mu=18 Uinf=[1, 2, 3, 4, 5]
8 15 1 2 2 3 3 3 4 5 6 6 7 7 7 7 7 | L0=2 R2E7=25 K0=56 T=7 mu=3 Uinf=[1, 2, 3, 4, 5]
18 28 1 1 1 1 1 1 1 8 8 8 8 8 8 8 8 8 12 12 12 12 12 12 12 12 12 12 12 12 | L0=2 R2E7=90 K0=196 T=11 mu=7 Uinf=[1, 2, 3, 4, 5, 6, 7]
23 35 10 10 10 10 10 10 10 10 10 10 10 10 10 10 10 10 10 11 11 11 11 11 11 11 11 11 11 12 12 12 12 12 12 12 12 | L0=2 R2E7=160 K0=342 T=13 mu=22 Uinf=[1, 2, 3, 4, 5, 6, 7]
4 21 1 1 1 1 1 1 1 1 2 2 2 2 2 2 2 2 3 3 3 3 3 | L0=2 R2E7=8 K0=19 T=5 mu=1 Uinf=[1, 2, 3]
11 9 2 2 4 5 6 6 9 10 10 | L0=2 R2E7=18 K0=46 T=3 mu=10 Uinf=[1, 2, 3]
21 21 4 4 4 4 4 4 6 6 6 10 10 10 10 14 14 14 14 14 14 14 14 | L0=2 R2E7=77 K0=174 T=7 mu=20 Uinf=[1, 2, 3, 4, 5]
22 24 2 2 2 2 2 7 7 7 7 7 7 7 7 7 9 9 9 9 11 11 11 11 11 11 | L0=2 R2E7=66 K0=152 T=7 mu=9 Uinf=[1, 2, 3]
27 36 6 6 6 6 6 6 6 6 6 6 6 6 7 7 7 7 7 7 7 7 7 7 7 7 8 8 8 8 8 8 8 8 8 8 8 8 | L0=7 R2E7=96 K0=217 T=7 mu=26 Uinf=[1, 2, 3]
8 39 1 1 1 1 1 1 1 1 1 1 2 2 2 2 2 2 2 2 2 2 2 2 2 2 2 2 2 2 3 3 3 3 3 3 3 3 3 3 3 | L0=2 R2E7=17 K0=41 T=5 mu=4 Uinf=[1, 2, 3]
17 18 6 6 6 6 6 6 8 8 8 13 13 13 13 13 13 15 15 15 | L0=2 R2E7=75 K0=166 T=9 mu=14 Uinf=[1, 2, 3, 4, 5, 6, 7]
13 35 1 2 2 2 2 2 2 4 4 4 4 4 5 5 5 5 5 6 7 7 7 7 8 8 9 9 9 9 9 10 10 10 11 12 12 | L0=3 R2E7=86 K0=184 T=13 mu=12 Uinf=[1, 2, 3, 4, 5, 6, 7, 8, 9, 10, 11]
16 38 10 10 10 10 10 10 10 10 10 10 10 10 10 10 10 10 10 10 13 13 13 13 13 13 13 13 13 13 13 13 13 13 13 13 13 13 13 13 | L0=2 R2E7=194 K0=403 T=25 mu=9 Uinf=[1, 2, 3, 4, 5, 6, 7, 8, 9, 10, 11, 12, 13, 14, 15, 16, 17, 18, 19, 20, 21]
16 31 1 1 2 2 2 4 4 4 4 6 6 7 7 8 9 9 10 10 10 10 10 11 11 12 13 13 13 13 14 14 15 | L0=2 R2E7=105 K0=225 T=13 mu=15 Uinf=[1, 2, 3, 4, 5, 6, 7, 8, 9, 10, 11]
24 24 1 2 3 5 6 6 7 7 9 10 11 12 12 14 16 17 17 18 19 19 20 21 22 23 | L0=2 R2E7=126 K0=274 T=11 mu=16 Uinf=[1, 2, 3, 4, 5, 6, 7, 8, 9]
9 27 1 1 1 1 2 2 3 3 3 3 3 3 4 4 4 4 4 5 5 6 6 7 7 7 7 7 8 | L0=2 R2E7=39 K0=85 T=9 mu=6 Uinf=[1, 2, 3, 4, 5, 6, 7]
18 14 8 8 8 8 8 8 8 9 9 9 9 9 12 12 | L0=2 R2E7=48 K0=112 T=5 mu=17 Uinf=[1, 2, 3]
26 20 12 12 12 12 12 12 12 12 12 12 12 16 16 16 16 16 16 16 16 16 | L0=2 R2E7=116 K0=257 T=9 mu=24 Uinf=[1, 2, 3, 4, 5]
21 16 17 17 18 18 18 18 18 18 19 19 19 19 19 19 19 19 | L0=2 R2E7=130 K0=279 T=13 mu=13 Uinf=[1, 2, 3, 4, 5, 6, 7, 8, 9, 10, 11, 12, 13]
17 37 2 2 2 3 3 4 5 5 5 7 7 7 8 8 8 8 9 9 9 10 10 10 11 11 11 12 12 13 13 13 14 14 14 15 15 15 16 | L0=2 R2E7=144 K0=304 T=17 mu=15 Uinf=[1, 2, 3, 4, 5, 6, 7, 8, 9, 10, 11, 12, 13]
11 25 3 3 3 3 3 3 3 3 7 7 7 8 8 8 8 8 8 8 9 9 9 9 9 9 9 | L0=2 R2E7=65 K0=140 T=11 mu=10 Uinf=[1, 2, 3, 4, 5, 6, 7, 8, 9]
5 39 2 2 2 2 2 2 2 2 2 2 2 2 2 2 2 2 3 3 3 3 3 3 3 3 3 3 3 3 4 4 4 4 4 4 4 4 4 4 4 | L0=2 R2E7=35 K0=74 T=15 mu=1 Uinf=[1, 2, 3, 4, 5, 6, 7, 8, 9, 10, 11, 12, 13]
29 22 7 7 7 7 7 7 7 7 17 17 17 17 17 20 20 20 20 20 20 20 20 20 | L0=8 R2E7=136 K0=300 T=9 mu=28 Uinf=[1, 2, 3, 4, 5, 6, 7]
19 32 12 12 12 12 12 12 12 12 12 13 13 13 13 13 13 13 13 13 13 13 13 14 14 14 14 14 14 14 14 14 14 14 | L0=2 R2E7=185 K0=387 T=19 mu=18 Uinf=[1, 2, 3, 4, 5, 6, 7, 8, 9, 10, 11, 12, 13, 14, 15]
10 40 1 1 1 1 1 1 1 1 1 1 4 4 4 4 4 4 4 4 4 6 6 6 6 6 6 6 6 6 6 6 8 8 8 8 8 8 8 8 8 8 | L0=2 R2E7=72 K0=153 T=15 mu=6 Uinf=[1, 2, 3, 4, 5, 6, 7, 8, 9, 10, 11]
14 22 1 1 1 1 4 4 4 4 4 5 5 5 5 5 5 5 5 6 6 6 6 6 | L0=2 R2E7=30 K0=73 T=5 mu=8 Uinf=[1, 2, 3]
23 17 14 14 14 14 14 14 14 14 20 20 20 20 20 20 20 20 20 | L0=2 R2E7=127 K0=276 T=11 mu=22 Uinf=[1, 2, 3, 4, 5, 6, 7, 8, 9]
29 39 9 9 9 9 9 9 9 9 9 9 12 12 12 12 12 12 12 12 12 12 12 12 12 12 12 12 12 19 19 19 19 19 19 19 19 19 19 19 19 | L0=2 R2E7=228 K0=484 T=15 mu=28 Uinf=[1, 2, 3, 4, 5, 6, 7, 8, 9]
24 23 7 7 7 7 7 7 7 7 7 15 15 15 20 20 20 20 20 20 22 22 22 22 22 | L0=2 R2E7=147 K0=316 T=13 mu=13 Uinf=[1, 2, 3, 4, 5, 6, 7, 8, 9, 10, 11]
13 35 2 2 2 2 2 2 2 2 2 2 2 2 2 2 2 2 2 2 10 10 10 10 10 10 10 10 10 10 10 10 10 10 10 10 10 | L0=3 R2E7=80 K0=172 T=13 mu=7 Uinf=[1, 2, 3, 4, 5, 6, 7, 8, 9, 10, 11]
27 23 1 1 2 3 5 5 5 6 9 10 11 17 17 18 18 20 21 22 22 23 23 25 26 | L0=2 R2E7=131 K0=288 T=9 mu=26 Uinf=[1, 2, 3, 4, 5, 6, 7, 8, 9]
11 12 6 6 7 7 8 8 8 8 8 8 8 8 | L0=2 R2E7=35 K0=79 T=7 mu=6 Uinf=[1, 2, 3, 4, 5]
7 22 1 1 2 3 3 3 3 3 4 4 4 4 5 5 5 5 5 5 5 5 5 6 | L0=2 R2E7=30 K0=65 T=9 mu=4 Uinf=[1, 2, 3, 4, 5, 6, 7]
30 21 4 5 8 8 9 10 11 13 14 16 19 19 21 22 23 23 24 25 27 28 28 | L0=6 R2E7=154 K0=337 T=11 mu=18 Uinf=[1, 2, 3, 4, 5, 6, 7, 8, 9]
16 37 7 7 7 7 7 7 7 7 7 7 7 7 7 7 8 8 8 8 8 8 8 8 8 8 8 8 8 8 9 9 9 9 9 9 9 9 9 | L0=2 R2E7=120 K0=255 T=15 mu=15 Uinf=[1, 2, 3, 4, 5, 6, 7, 8, 9]
25 15 9 9 9 9 9 9 9 9 9 15 15 15 23 23 23 | L0=2 R2E7=79 K0=181 T=7 mu=15 Uinf=[1, 2, 3, 4, 5]
11 9 8 8 9 10 10 10 10 10 10 | L0=2 R2E7=34 K0=77 T=7 mu=3 Uinf=[1, 2, 3, 4, 5, 6, 7]
29 27 17 17 17 17 17 17 17 17 18 18 18 18 18 18 18 18 18 18 18 19 19 19 19 19 19 19 19 | L0=2 R2E7=216 K0=460 T=15 mu=26 Uinf=[1, 2, 3, 4, 5, 6, 7, 8, 9, 11]
22 38 1 2 2 3 3 3 4 4 4 5 6 7 7 8 9 9 12 13 13 13 13 13 13 13 13 13 13 14 15 15 16 16 16 18 18 21 21 21 | L0=2 R2E7=176 K0=373 T=17 mu=10 Uinf=[1, 2, 3, 4, 5, 6, 7, 8, 9, 10, 11, 12, 13]
4 20 1 1 1 1 1 1 1 1 2 2 2 2 2 2 3 3 3 3 3 3 | L0=2 R2E7=8 K0=19 T=5 mu=1 Uinf=[1, 2, 3]
9 27 1 1 1 1 1 1 1 3 3 3 3 3 3 3 3 4 4 4 4 4 8 8 8 8 8 8 8 | L0=2 R2E7=37 K0=81 T=9 mu=4 Uinf=[1, 2, 3, 4, 5, 6, 7]
21 16 3 4 4 6 6 6 8 9 9 10 12 16 16 17 19 19 | L0=2 R2E7=65 K0=149 T=7 mu=11 Uinf=[1, 2, 3, 4, 5]
26 35 21 21 21 21 21 21 21 21 21 21 22 22 22 22 22 22 22 22 22 22 22 22 22 23 23 23 23 23 23 23 23 23 23 23 23 | L0=2 R2E7=357 K0=738 T=27 mu=25 Uinf=[1, 2, 3, 4, 5, 6, 7, 8, 9, 10, 11, 12, 13, 14, 15, 16, 17, 18, 19, 20, 21, 22, 23, 24, 25]
20 26 4 4 4 4 4 4 4 4 4 4 8 8 8 8 8 8 8 8 8 8 12 12 12 12 12 12 | L0=2 R2E7=74 K0=167 T=7 mu=19 Uinf=[1, 2, 3]
4 16 1 1 1 1 2 2 2 2 2 2 3 3 3 3 3 3 | L0=2 R2E7=8 K0=19 T=5 mu=1 Uinf=[1, 2, 3]
12 32 1 1 1 2 2 2 3 3 3 3 3 4 4 4 4 4 4 6 6 7 8 8 9 9 9 9 9 9 10 10 11 11 | L0=2 R2E7=69 K0=148 T=11 mu=11 Uinf=[1, 2, 3, 4, 5, 6, 7, 8, 9]
17 37 1 1 1 1 2 2 3 4 4 4 5 6 6 7 7 7 7 7 8 8 9 9 10 10 10 11 11 11 12 13 13 13 14 15 15 16 16 | L0=2 R2E7=124 K0=263 T=15 mu=12 Uinf=[1, 2, 3, 4, 5, 6, 7, 8, 9, 10, 11]
20 24 2 2 2 2 5 7 7 7 8 10 12 13 13 13 15 15 16 16 16 17 18 18 18 19 | L0=2 R2E7=115 K0=248 T=11 mu=19 Uinf=[1, 2, 3, 4, 5, 6, 7, 8, 9]
7 23 2 2 2 2 2 3 3 3 3 3 4 4 4 4 6 6 6 6 6 6 6 6 6 | L0=2 R2E7=34 K0=73 T=9 mu=6 Uinf=[1, 2, 3, 4, 5, 6, 7, 8, 9]
22 25 4 4 4 4 17 17 17 17 17 17 17 17 17 18 18 18 18 18 18 18 18 18 18 18 18 | L0=2 R2E7=170 K0=361 T=15 mu=21 Uinf=[1, 2, 3, 4, 5, 6, 7, 8, 9, 10, 11, 12, 13]
9 12 5 5 5 5 6 6 6 6 6 6 6 6 | L0=2 R2E7=25 K0=57 T=5 mu=8 Uinf=[1, 2, 3, 4, 5]
24 30 1 3 3 5 6 6 7 9 9 9 10 11 11 13 13 13 13 15 15 15 16 17 18 19 19 20 21 23 23 23 | L0=2 R2E7=167 K0=357 T=13 mu=23 Uinf=[1, 2, 3, 4, 5, 6, 7, 8, 9, 10, 11]
25 16 21 21 21 21 21 21 22 22 22 23 23 23 23 23 23 23 | L0=2 R2E7=157 K0=338 T=13 mu=18 Uinf=[1, 2, 3, 4, 5, 6, 7, 8, 9, 10, 11, 12, 13]
27 31 2 2 2 2 2 2 2 2 20 20 20 20 20 20 20 20 20 22 22 22 22 22 22 23 23 23 23 23 23 23 23 | L0=2 R2E7=228 K0=482 T=17 mu=24 Uinf=[1, 2, 3, 4, 5, 6, 7, 8, 9, 10, 11, 12, 13, 14, 15]
27 13 22 22 22 22 23 23 23 23 23 24 24 24 24 | L0=2 R2E7=131 K0=287 T=9 mu=26 Uinf=[1, 2, 3, 4, 5, 6, 7, 8, 9]
23 32 1 1 2 2 2 3 3 4 5 6 7 7 7 8 11 11 12 13 13 13 13 14 15 17 17 19 19 20 20 20 21 21 | L0=3 R2E7=147 K0=316 T=13 mu=19 Uinf=[1, 2, 3, 4, 5, 6, 7, 8, 9, 10, 11]
7 10 4 4 4 4 5 5 5 5 6 6 | L0=2 R2E7=17 K0=39 T=5 mu=5 Uinf=[1, 2, 3, 4, 5]
22 23 10 10 10 10 10 10 10 10 10 10 10 10 15 15 15 15 15 15 15 15 15 15 15 | L0=2 R2E7=121 K0=263 T=11 mu=21 Uinf=[1, 2, 3, 4, 5, 6, 7]
28 12 11 11 14 14 14 14 14 14 14 14 14 14 | L0=12 R2E7=62 K0=151 T=5 mu=19 Uinf=[1, 2, 3]
25 4 14 14 24 24 | L0=2 R2E7=25 K0=73 T=3 mu=11 Uinf=[1, 2, 3]
30 29 8 8 8 8 8 8 8 8 8 9 9 9 9 9 9 9 9 9 9 9 9 10 10 10 10 10 10 10 10 | L0=9 R2E7=102 K0=232 T=7 mu=25 Uinf=[1, 2, 3]
10 25 1 1 2 2 3 3 4 4 4 5 5 5 5 5 6 6 6 6 6 6 7 7 7 9 9 | L0=2 R2E7=46 K0=100 T=9 mu=9 Uinf=[1, 2, 3, 4, 5, 6, 7]
30 36 8 8 8 8 8 8 8 9 9 9 9 9 9 9 9 9 9 9 9 9 9 10 10 10 10 10 10 10 10 10 10 10 10 10 10 10 | L0=2 R2E7=134 K0=297 T=9 mu=28 Uinf=[1, 2, 3]
7 22 1 1 1 1 1 1 1 1 1 1 1 6 6 6 6 6 6 6 6 6 6 6 | L0=2 R2E7=25 K0=56 T=7 mu=4 Uinf=[1, 2, 3, 4, 5, 6, 7]
5 39 1 1 1 1 1 1 1 1 1 1 1 1 1 1 3 3 3 3 3 3 3 3 3 3 3 3 3 3 3 3 3 3 3 3 3 3 3 3 3 | L0=2 R2E7=24 K0=51 T=9 mu=4 Uinf=[1, 2, 3, 4, 5, 6, 7, 8, 9]
29 17 1 3 6 9 12 15 18 19 19 19 19 22 23 24 25 26 27 | L0=2 R2E7=122 K0=271 T=9 mu=19 Uinf=[1, 2, 3, 4, 5, 6, 7]
4 37 1 1 1 1 1 1 1 1 1 1 1 1 1 1 2 2 2 2 2 2 2 2 2 2 2 2 3 3 3 3 3 3 3 3 3 3 3 | L0=2 R2E7=16 K0=35 T=9 mu=1 Uinf=[1, 2, 3, 4, 5, 6, 7]
5 30 1 1 1 1 1 1 1 1 2 2 2 2 3 3 3 3 3 3 3 3 4 4 4 4 4 4 4 4 4 4 | L0=2 R2E7=24 K0=51 T=9 mu=4 Uinf=[1, 2, 3, 4, 5, 6, 7, 8, 9]
10 16 2 2 3 4 6 6 6 7 7 7 8 8 8 9 9 9 | L0=2 R2E7=39 K0=86 T=7 mu=9 Uinf=[1, 2, 3, 4, 5, 6, 7]
10 18 3 3 3 3 4 4 4 4 4 5 5 5 5 5 5 5 5 5 | L0=2 R2E7=26 K0=60 T=5 mu=9 Uinf=[1, 2, 3]
25 18 1 1 3 3 4 5 6 8 10 10 12 14 15 16 17 18 19 19 | L0=4 R2E7=70 K0=164 T=5 mu=24 Uinf=[1, 2, 3, 5]
10 16 5 5 6 6 6 6 6 6 6 6 7 7 7 7 7 7 | L0=2 R2E7=38 K0=85 T=7 mu=9 Uinf=[1, 2, 3, 4, 5]
8 37 1 1 1 1 1 1 1 1 1 1 3 3 3 3 3 3 3 3 3 3 4 4 4 4 4 4 4 7 7 7 7 7 7 7 7 7 7 | L0=2 R2E7=48 K0=102 T=13 mu=2 Uinf=[1, 2, 3, 4, 5, 6, 7, 8, 9, 10, 11]
18 27 1 1 2 2 2 2 5 5 5 6 6 7 7 7 10 11 11 11 11 11 12 12 13 13 14 15 17 | L0=2 R2E7=88 K0=193 T=9 mu=17 Uinf=[1, 2, 3, 4, 5, 6, 7]
18 13 1 1 2 4 4 7 9 13 14 14 16 17 17 | L0=2 R2E7=45 K0=107 T=5 mu=17 Uinf=[1, 2, 3, 4, 5]
29 32 1 1 2 2 3 4 5 6 7 9 10 11 12 13 14 14 15 18 18 19 19 20 20 22 23 23 24 26 27 27 28 28 | L0=2 R2E7=206 K0=440 T=15 mu=16 Uinf=[1, 2, 3, 4, 5, 6, 7, 8, 9, 10, 11]
5 36 1 1 1 1 1 1 1 1 1 1 1 2 2 2 2 2 2 2 2 2 2 2 2 2 2 3 3 3 3 3 3 4 4 4 4 4 | L0=2 R2E7=19 K0=42 T=7 mu=4 Uinf=[1, 2, 3, 4, 5, 6, 7]
20 37 1 2 2 2 3 3 4 4 6 7 9 9 10 10 10 11 11 11 12 12 13 14 14 14 16 16 17 17 17 17 18 18 19 19 19 19 19 | L0=5 R2E7=185 K0=389 T=19 mu=14 Uinf=[1, 2, 3, 4, 5, 6, 7, 8, 9, 10, 11, 12, 13, 14, 15, 17]
6 12 2 2 2 3 3 3 4 4 5 5 5 5 | L0=2 R2E7=14 K0=32 T=5 mu=3 Uinf=[1, 2, 3, 4, 5]
28 25 3 4 4 4 4 6 8 8 11 11 11 13 15 16 16 16 17 17 18 18 19 24 24 25 26 | L0=2 R2E7=144 K0=314 T=11 mu=16 Uinf=[1, 2, 3, 4, 5, 6, 7]
13 38 2 2 2 2 2 2 3 3 3 3 3 3 3 3 3 4 4 4 4 6 6 6 6 6 6 6 6 6 6 6 6 6 6 6 6 6 6 6 | L0=2 R2E7=60 K0=132 T=9 mu=12 Uinf=[1, 2, 3, 4, 5]
5 32 1 1 1 1 1 1 1 1 1 1 1 1 1 1 1 1 3 3 3 3 3 3 3 3 3 3 4 4 4 4 4 4 | L0=2 R2E7=18 K0=39 T=7 mu=4 Uinf=[1, 2, 3, 4, 5, 6, 7]
27 27 1 1 1 1 1 1 10 10 10 10 10 10 10 17 17 17 17 17 17 17 17 17 17 19 19 19 19 | L0=2 R2E7=135 K0=296 T=11 mu=12 Uinf=[1, 2, 3, 4, 5, 6, 7]
7 37 2 2 2 2 2 2 2 2 2 2 2 2 2 3 3 3 3 3 3 3 3 3 3 3 3 3 3 4 4 4 4 4 4 4 4 4 4 | L0=2 R2E7=33 K0=72 T=9 mu=6 Uinf=[1, 2, 3, 4, 5]
20 37 1 1 1 1 2 3 3 3 3 4 4 6 6 9 10 11 11 13 13 13 13 13 14 14 14 15 15 15 15 16 16 16 17 17 17 17 19 | L0=2 R2E7=163 K0=345 T=17 mu=12 Uinf=[1, 2, 3, 4, 5, 6, 7, 8, 9, 10, 11, 12, 13]
20 16 16 16 16 17 17 17 18 18 18 18 18 18 18 18 18 18 | L0=2 R2E7=123 K0=264 T=13 mu=11 Uinf=[1, 2, 3, 4, 5, 6, 7, 8, 9, 10, 11]
29 12 7 7 7 16 16 24 24 24 24 24 24 24 | L0=2 R2E7=91 K0=210 T=7 mu=17 Uinf=[1, 2, 3, 4, 5]
4 22 1 1 1 1 1 2 2 2 2 2 2 2 2 3 3 3 3 3 3 3 3 3 | L0=2 R2E7=12 K0=27 T=7 mu=1 Uinf=[1, 2, 3, 4, 5]
9 19 1 1 1 1 2 3 3 3 3 3 4 4 6 6 6 7 7 7 8 | L0=2 R2E7=25 K0=58 T=5 mu=8 Uinf=[1, 2, 3, 4, 5]
11 13 3 3 3 4 4 4 4 4 4 8 10 10 10 | L0=2 R2E7=25 K0=59 T=5 mu=7 Uinf=[1, 2, 3]
13 14 1 1 1 9 9 9 9 9 9 12 12 12 12 12 | L0=2 R2E7=46 K0=104 T=7 mu=12 Uinf=[1, 2, 3, 4, 5, 6, 7]
14 6 11 11 11 13 13 13 | L0=2 R2E7=27 K0=67 T=5 mu=5 Uinf=[1, 2, 3, 4, 5]
14 24 1 1 1 5 6 6 7 7 8 8 8 8 8 8 10 10 11 11 11 11 11 12 12 12 | L0=2 R2E7=79 K0=170 T=11 mu=13 Uinf=[1, 2, 3, 4, 5, 6, 7, 8, 9]
20 32 1 1 2 2 3 6 6 7 7 7 7 9 9 9 10 10 10 10 11 13 13 13 15 16 16 16 17 18 18 18 19 19 | L0=2 R2E7=144 K0=307 T=15 mu=13 Uinf=[1, 2, 3, 4, 5, 6, 7, 8, 9, 10, 11]
12 19 7 7 7 7 7 7 7 7 7 7 8 8 8 8 8 9 9 9 9 | L0=2 R2E7=59 K0=128 T=9 mu=11 Uinf=[1, 2, 3, 4, 5, 6, 7]
5 14 2 2 2 2 2 2 2 2 3 3 4 4 4 4 | L0=2 R2E7=11 K0=25 T=5 mu=2 Uinf=[1, 2, 3]
21 16 5 5 5 5 5 5 5 6 6 6 6 13 13 13 13 13 | L0=6 R2E7=45 K0=109 T=5 mu=12 Uinf=[1, 2, 3]
20 4 7 18 19 19 | L0=2 R2E7=21 K0=60 T=3 mu=4 Uinf=[1, 2, 3]
22 21 7 7 7 7 10 10 10 10 10 10 17 17 17 17 17 17 19 19 19 19 19 | L0=2 R2E7=122 K0=265 T=11 mu=21 Uinf=[1, 2, 3, 4, 5, 6, 7, 8, 9]
7 17 1 1 1 2 2 2 3 3 3 4 4 4 5 5 5 6 6 | L0=2 R2E7=18 K0=41 T=5 mu=6 Uinf=[1, 2, 3, 4, 5]
5 31 1 1 1 1 1 1 1 1 1 1 1 1 1 2 2 2 2 2 2 2 2 2 3 3 3 3 3 3 3 3 3 | L0=2 R2E7=12 K0=28 T=5 mu=3 Uinf=[1, 2, 3]
18 36 6 6 6 6 6 6 6 6 6 6 6 6 6 6 6 6 6 6 6 12 12 12 12 12 12 12 12 12 12 12 12 12 12 12 12 12 | L0=2 R2E7=133 K0=283 T=15 mu=15 Uinf=[1, 2, 3, 4, 5, 6, 7, 8, 9]
28 8 5 7 9 16 16 20 23 26 | L0=2 R2E7=44 K0=115 T=3 mu=27 Uinf=[1, 2, 3]
5 16 2 2 2 2 3 3 3 3 3 3 3 4 4 4 4 4 | L0=2 R2E7=15 K0=34 T=7 mu=1 Uinf=[1, 2, 3, 4, 5]
25 37 1 1 1 2 2 3 4 4 7 7 7 8 8 8 9 9 10 10 11 11 14 14 15 15 16 18 18 19 20 21 21 21 22 23 23 23 24 | L0=2 R2E7=195 K0=414 T=15 mu=24 Uinf=[1, 2, 3, 4, 5, 6, 7, 8, 9, 10, 11, 12, 13]
7 11 4 4 4 4 5 5 5 6 6 6 6 | L0=2 R2E7=20 K0=45 T=5 mu=6 Uinf=[1, 2, 3, 4, 5]
22 16 19 19 19 19 20 20 20 20 21 21 21 21 21 21 21 21 | L0=2 R2E7=144 K0=309 T=13 mu=21 Uinf=[1, 2, 3, 4, 5, 6, 7, 8, 9, 10, 11, 12, 13]
17 22 3 3 3 3 3 3 3 8 8 8 8 8 8 8 8 8 8 15 15 15 15 15 | L0=2 R2E7=70 K0=155 T=9 mu=9 Uinf=[1, 2, 3, 4, 5, 6, 7]
13 18 3 3 4 4 5 5 7 8 9 9 10 10 10 10 11 11 11 12 | L0=2 R2E7=57 K0=125 T=9 mu=10 Uinf=[1, 2, 3, 4, 5, 6, 7]
10 14 4 4 4 5 5 5 5 5 5 6 6 6 6 6 | L0=2 R2E7=25 K0=59 T=5 mu=9 Uinf=[1, 2, 3]
12 7 7 7 7 11 11 11 11 | L0=2 R2E7=24 K0=59 T=5 mu=5 Uinf=[1, 2, 3, 4, 5]
4 30 1 1 1 1 1 1 1 1 1 2 2 2 2 2 2 2 2 2 2 3 3 3 3 3 3 3 3 3 3 3 | L0=2 R2E7=15 K0=33 T=7 mu=3 Uinf=[1, 2, 3, 4, 5, 6, 7]
4 30 1 1 1 1 1 1 1 1 1 1 1 1 2 2 2 2 2 2 2 2 2 3 3 3 3 3 3 3 3 3 | L0=2 R2E7=13 K0=28 T=7 mu=1 Uinf=[1, 2, 3, 4, 5, 6, 7]
12 29 4 4 4 4 4 4 4 5 5 5 5 5 5 5 5 5 5 5 6 6 6 6 6 6 6 6 6 6 6 | L0=2 R2E7=55 K0=121 T=9 mu=11 Uinf=[1, 2, 3, 4, 5]
18 39 11 11 11 11 11 11 11 11 11 11 11 11 11 11 11 16 16 16 16 16 16 16 16 16 16 16 16 16 16 16 16 16 16 16 16 16 16 16 16 | L0=2 R2E7=247 K0=511 T=27 mu=17 Uinf=[1, 2, 3, 4, 5, 6, 7, 8, 9, 10, 11, 12, 13, 14, 15, 16, 17, 18, 19, 20, 21, 22, 23, 24, 25]
6 34 1 1 1 1 1 1 2 2 2 2 2 2 2 2 2 2 2 3 3 3 3 3 3 4 4 4 4 4 4 5 5 5 5 5 | L0=2 R2E7=29 K0=62 T=9 mu=5 Uinf=[1, 2, 3, 4, 5, 6, 7, 8, 9]
11 25 2 2 2 2 2 2 2 2 2 2 4 4 4 5 5 5 5 5 10 10 10 10 10 10 10 | L0=2 R2E7=47 K0=103 T=9 mu=7 Uinf=[1, 2, 3, 4, 5, 6, 7]
20 17 11 11 11 11 11 11 11 11 11 11 11 18 18 18 18 18 18 | L0=2 R2E7=97 K0=213 T=9 mu=19 Uinf=[1, 2, 3, 4, 5, 6, 7, 8, 9]
28 32 15 15 15 15 15 15 15 15 15 15 15 15 15 15 15 15 15 15 17 17 17 17 17 17 17 17 17 17 17 17 17 17 | L0=2 R2E7=225 K0=477 T=17 mu=14 Uinf=[1, 2, 3, 4, 5, 6, 7, 8, 9]
28 20 16 16 16 16 16 17 17 17 17 17 17 17 17 17 18 18 18 18 18 18 | L0=2 R2E7=148 K0=322 T=11 mu=20 Uinf=[1, 2, 3, 4, 5, 6, 7]
21 31 1 1 2 4 4 5 5 5 5 5 6 6 7 7 8 9 11 11 11 12 12 12 13 13 13 15 15 16 17 18 18 | L0=2 R2E7=119 K0=257 T=11 mu=20 Uinf=[1, 2, 3, 4, 5, 6, 7]
8 27 1 1 1 1 2 2 2 3 3 3 3 4 5 5 5 5 5 5 6 6 6 6 6 6 7 7 7 | L0=2 R2E7=40 K0=87 T=11 mu=3 Uinf=[1, 2, 3, 4, 5, 6, 7, 8, 9]
9 10 1 5 5 5 5 5 5 5 5 5 | L0=2 R2E7=15 K0=37 T=3 mu=8 Uinf=[1, 2, 3]
