# k=1
A(N,1) N=0..60 (no interior strict peak; A200886 col 1: T(n,1)=A(n+2)): [1, 2, 4, 7, 12, 21, 37, 65, 114, 200, 351, 616, 1081, 1897, 3329, 5842, 10252, 17991, 31572, 55405, 97229, 170625, 299426, 525456, 922111, 1618192, 2839729, 4983377, 8745217, 15346786, 26931732, 47261895, 82938844, 145547525, 255418101, 448227521, 786584466, 1380359512, 2422362079, 4250949112, 7459895657, 13091204281, 22973462017, 40315615410, 70748973084, 124155792775, 217878227876, 382349636061, 670976837021, 1177482265857, 2066337330754, 3626169232672, 6363483400447, 11167134898976, 19596955630177, 34390259761825, 60350698792449, 105908093453250, 185855747875876, 326154101090951, 572360547759276]
B(M,1) M=0..61 (M X 1, nonzero <= some neighbour): [1, 1, 2, 4, 7, 12, 21, 37, 65, 114, 200, 351, 616, 1081, 1897, 3329, 5842, 10252, 17991, 31572, 55405, 97229, 170625, 299426, 525456, 922111, 1618192, 2839729, 4983377, 8745217, 15346786, 26931732, 47261895, 82938844, 145547525, 255418101, 448227521, 786584466, 1380359512, 2422362079, 4250949112, 7459895657, 13091204281, 22973462017, 40315615410, 70748973084, 124155792775, 217878227876, 382349636061, 670976837021, 1177482265857, 2066337330754, 3626169232672, 6363483400447, 11167134898976, 19596955630177, 34390259761825, 60350698792449, 105908093453250, 185855747875876, 326154101090951, 572360547759276]
C(N,1) N=0..60 (no interior strict peak/valley; A200871 col 1): [1, 2, 4, 6, 10, 16, 26, 42, 68, 110, 178, 288, 466, 754, 1220, 1974, 3194, 5168, 8362, 13530, 21892, 35422, 57314, 92736, 150050, 242786, 392836, 635622, 1028458, 1664080, 2692538, 4356618, 7049156, 11405774, 18454930, 29860704, 48315634, 78176338, 126491972, 204668310, 331160282, 535828592, 866988874, 1402817466, 2269806340, 3672623806, 5942430146, 9615053952, 15557484098, 25172538050, 40730022148, 65902560198, 106632582346, 172535142544, 279167724890, 451702867434, 730870592324, 1182573459758, 1913444052082, 3096017511840, 5009461563922]
D(M,1) M=0..61 (clipped 3-window min-filter images): [1, 2, 2, 4, 6, 10, 16, 26, 42, 68, 110, 178, 288, 466, 754, 1220, 1974, 3194, 5168, 8362, 13530, 21892, 35422, 57314, 92736, 150050, 242786, 392836, 635622, 1028458, 1664080, 2692538, 4356618, 7049156, 11405774, 18454930, 29860704, 48315634, 78176338, 126491972, 204668310, 331160282, 535828592, 866988874, 1402817466, 2269806340, 3672623806, 5942430146, 9615053952, 15557484098, 25172538050, 40730022148, 65902560198, 106632582346, 172535142544, 279167724890, 451702867434, 730870592324, 1182573459758, 1913444052082, 3096017511840, 5009461563922]
A(400,1) = 63328271028646963034701958105425852831021096009872563481246684077250550646703630115381569344818482
B(401,1) = 63328271028646963034701958105425852831021096009872563481246684077250550646703630115381569344818482
C(400,1) = 569624596216979223515977875362921991230760177564609781972954391291938542808064647802
D(401,1) = 569624596216979223515977875362921991230760177564609781972954391291938542808064647802
# k=2
A(N,2) N=0..60 (no interior strict peak; A200886 col 2: T(n,2)=A(n+2)): [1, 3, 9, 22, 51, 121, 292, 704, 1691, 4059, 9749, 23422, 56268, 135166, 324692, 779977, 1873673, 4500958, 10812237, 25973244, 62393157, 149881402, 360046432, 864906711, 2077686532, 4991036946, 11989513056, 28801314179, 69186771332, 166201073269, 399249686417, 959081123649, 2303913147619, 5534480515641, 13294977985514, 31937313562863, 76720096770641, 184297694197368, 442721549061760, 1063509616098391, 2554772194691587, 6137096334599901, 14742587029254114, 35414772795692356, 85073680059121134, 204364745767394476, 490926797612935237, 1179308690006668577, 2832945752987349146, 6805327313685509313, 16347817390275614048, 39270871349325977449, 94336834068912446886, 226616776159163704336, 544380821591467577411, 1307716418613511043368, 3141407932983198745778, 7546317887384682159424, 18127831492226190541335, 43546836949435276662888, 104608596406796299299945]
B(M,2) M=0..61 (M X 1, nonzero <= some neighbour): [1, 1, 3, 9, 22, 51, 121, 292, 704, 1691, 4059, 9749, 23422, 56268, 135166, 324692, 779977, 1873673, 4500958, 10812237, 25973244, 62393157, 149881402, 360046432, 864906711, 2077686532, 4991036946, 11989513056, 28801314179, 69186771332, 166201073269, 399249686417, 959081123649, 2303913147619, 5534480515641, 13294977985514, 31937313562863, 76720096770641, 184297694197368, 442721549061760, 1063509616098391, 2554772194691587, 6137096334599901, 14742587029254114, 35414772795692356, 85073680059121134, 204364745767394476, 490926797612935237, 1179308690006668577, 2832945752987349146, 6805327313685509313, 16347817390275614048, 39270871349325977449, 94336834068912446886, 226616776159163704336, 544380821591467577411, 1307716418613511043368, 3141407932983198745778, 7546317887384682159424, 18127831492226190541335, 43546836949435276662888, 104608596406796299299945]
C(N,2) N=0..60 (no interior strict peak/valley; A200871 col 2): [1, 3, 9, 17, 37, 77, 163, 343, 723, 1523, 3209, 6761, 14245, 30013, 63235, 133231, 280707, 591427, 1246089, 2625409, 5531525, 11654477, 24555043, 51735495, 109002515, 229659507, 483874057, 1019483609, 2147969733, 4525598973, 9535072003, 20089627615, 42327224963, 89180048899, 187895169801, 395879967217, 834087159397, 1757354367693, 3702603905187, 7801087777591, 16436262714579, 34629879796851, 72962363498889, 153725814775369, 323887892265317, 682405664327485, 1437773692153859, 3029273199083087, 6382434290431491, 13447274245190467, 28332322182534793, 59693917564152673, 125770269418736837, 264987813082664141, 558307948347863075, 1176309814259878823, 2478389897938494483, 5221767608959653107, 11001843166267169289, 23179996146794217401, 48838382191526929285]
D(M,2) M=0..61 (clipped 3-window min-filter images): [1, 3, 3, 9, 17, 37, 77, 163, 343, 723, 1523, 3209, 6761, 14245, 30013, 63235, 133231, 280707, 591427, 1246089, 2625409, 5531525, 11654477, 24555043, 51735495, 109002515, 229659507, 483874057, 1019483609, 2147969733, 4525598973, 9535072003, 20089627615, 42327224963, 89180048899, 187895169801, 395879967217, 834087159397, 1757354367693, 3702603905187, 7801087777591, 16436262714579, 34629879796851, 72962363498889, 153725814775369, 323887892265317, 682405664327485, 1437773692153859, 3029273199083087, 6382434290431491, 13447274245190467, 28332322182534793, 59693917564152673, 125770269418736837, 264987813082664141, 558307948347863075, 1176309814259878823, 2478389897938494483, 5221767608959653107, 11001843166267169289, 23179996146794217401, 48838382191526929285]
A(400,2) = 267439576447665766647551327049933453019197545233824868900585996675565794863182409520713901146242582426391897618637611317013720310089013979118520843110772
B(401,2) = 267439576447665766647551327049933453019197545233824868900585996675565794863182409520713901146242582426391897618637611317013720310089013979118520843110772
C(400,2) = 5358590643367516164155611186478280505381171143086151883637211115869513970449635712388382167562609059374828055349524874465547269763
D(401,2) = 5358590643367516164155611186478280505381171143086151883637211115869513970449635712388382167562609059374828055349524874465547269763
# k=3
A(N,3) N=0..60 (no interior strict peak; A200886 col 3: T(n,3)=A(n+2)): [1, 4, 16, 50, 144, 422, 1268, 3823, 11472, 34350, 102896, 308419, 924532, 2771101, 8305373, 24892609, 74608516, 223618304, 670231838, 2008825312, 6020872062, 18045827096, 54087163859, 162110668160, 485879938474, 1456284886944, 4364793695063, 13082209530648, 39210147801481, 117521102664489, 352235590731585, 1055724534522884, 3164229629715280, 9483865176690522, 28425148997757424, 85196181144951446, 255350966930660268, 765340833781554407, 2293888285967934096, 6875268163203824694, 20606632243218578704, 61762433453859703163, 185115070775229534508, 554829003842883293061, 1662939825569696671781, 4984182233286559339649, 14938647900923886050948, 44774286063899474500992, 134198001440807621662886, 402219782242990229728960, 1205537724039483046352878, 3613251431786396104799472, 10829678448850309850350443, 32458835904344612229016192, 97285993600024168861404306, 291586690867034835721078336, 873946959316110786566470127, 2619403805526107705452028656, 7850906995286997374941601873, 23530828090961927664903305233, 70526866638312778989345627521]
B(M,3) M=0..61 (M X 1, nonzero <= some neighbour): [1, 1, 4, 16, 50, 144, 422, 1268, 3823, 11472, 34350, 102896, 308419, 924532, 2771101, 8305373, 24892609, 74608516, 223618304, 670231838, 2008825312, 6020872062, 18045827096, 54087163859, 162110668160, 485879938474, 1456284886944, 4364793695063, 13082209530648, 39210147801481, 117521102664489, 352235590731585, 1055724534522884, 3164229629715280, 9483865176690522, 28425148997757424, 85196181144951446, 255350966930660268, 765340833781554407, 2293888285967934096, 6875268163203824694, 20606632243218578704, 61762433453859703163, 185115070775229534508, 554829003842883293061, 1662939825569696671781, 4984182233286559339649, 14938647900923886050948, 44774286063899474500992, 134198001440807621662886, 402219782242990229728960, 1205537724039483046352878, 3613251431786396104799472, 10829678448850309850350443, 32458835904344612229016192, 97285993600024168861404306, 291586690867034835721078336, 873946959316110786566470127, 2619403805526107705452028656, 7850906995286997374941601873, 23530828090961927664903305233, 70526866638312778989345627521]
C(N,3) N=0..60 (no interior strict peak/valley; A200871 col 3): [1, 4, 16, 36, 94, 236, 602, 1528, 3882, 9858, 25038, 63592, 161514, 410218, 1041884, 2646208, 6720920, 17069998, 43354902, 110114102, 279671154, 710317326, 1804085608, 4582071648, 11637685314, 29557748082, 75071670020, 190669317026, 484267746348, 1229957991200, 3123884816870, 7934137929012, 20151365484616, 51181052626992, 129991198363540, 330155610028966, 838539287319716, 2129747655406998, 5409198047487784, 13738446168804038, 34893324569764258, 88623129906466266, 225087728133079356, 571684676557720838, 1451982176556853586, 3687788614054124800, 9366357990837728164, 23788961676978102160, 60419930374465360494, 153456381830573926334, 389753198631342794290, 989907060438053447398, 2514196141933358512234, 6385632038340383685028, 16218422997707385397204, 41192045353262604168522, 104620813048537364206114, 265719131668951458463040, 674881554420195435611630, 1714084754213574923420548, 4353484734297682615033476]
D(M,3) M=0..61 (clipped 3-window min-filter images): [1, 4, 4, 16, 36, 94, 236, 602, 1528, 3882, 9858, 25038, 63592, 161514, 410218, 1041884, 2646208, 6720920, 17069998, 43354902, 110114102, 279671154, 710317326, 1804085608, 4582071648, 11637685314, 29557748082, 75071670020, 190669317026, 484267746348, 1229957991200, 3123884816870, 7934137929012, 20151365484616, 51181052626992, 129991198363540, 330155610028966, 838539287319716, 2129747655406998, 5409198047487784, 13738446168804038, 34893324569764258, 88623129906466266, 225087728133079356, 571684676557720838, 1451982176556853586, 3687788614054124800, 9366357990837728164, 23788961676978102160, 60419930374465360494, 153456381830573926334, 389753198631342794290, 989907060438053447398, 2514196141933358512234, 6385632038340383685028, 16218422997707385397204, 41192045353262604168522, 104620813048537364206114, 265719131668951458463040, 674881554420195435611630, 1714084754213574923420548, 4353484734297682615033476]
A(400,3) = 85558519654092381901015049576245556921403258401095680637493892670441365829881117141376893745130382721733029283187454141738287204497977009112466087566335042638885181403114901251724783419696272
B(401,3) = 85558519654092381901015049576245556921403258401095680637493892670441365829881117141376893745130382721733029283187454141738287204497977009112466087566335042638885181403114901251724783419696272
C(400,3) = 1872606444571564520488101126885288423374122359691856722634561911083303498213416047723591661026721937127536878295602536158816821304471734741326134293148082953288188
D(401,3) = 1872606444571564520488101126885288423374122359691856722634561911083303498213416047723591661026721937127536878295602536158816821304471734741326134293148082953288188
# k=4
A(N,4) N=0..60 (no interior strict peak; A200886 col 4: T(n,4)=A(n+2)): [1, 5, 25, 95, 325, 1121, 3985, 14288, 50995, 181336, 644721, 2294193, 8166441, 29066618, 103444256, 368138471, 1310164527, 4662787112, 16594519920, 59058487061, 210183969235, 748026706926, 2662163892493, 9474416502527, 33718645047381, 120001794938888, 427076205108256, 1519927992142725, 5409294820176960, 19251221456418915, 68513464219775265, 243833607706555674, 867783127690955303, 3088366545708132976, 10991234578836127282, 39116871580514806971, 139213628030133651394, 495449493951306870070, 1763262724567875261017, 6275302475434901131805, 22333269234054524398941, 79482210878793387717005, 282870446774979087489634, 1006711926782034154202195, 3582802357332748417527543, 12750889693678804012977956, 45379334879471674773241751, 161501203725739366066531149, 574769085402834527701171771, 2045554422590098984635975091, 7279954684489147578783843666, 25908741230707156585005674467, 92207012440606873596216821102, 328156936205973045799013980538, 1167882701431794770092476785931, 4156395473681291330413820405429, 14792258942151336715130446880316, 52644394884266590151977205825721, 187356936054793432716162490015805, 666787443658713142238554450725500, 2373039954554415575541158558489291]
B(M,4) M=0..61 (M X 1, nonzero <= some neighbour): [1, 1, 5, 25, 95, 325, 1121, 3985, 14288, 50995, 181336, 644721, 2294193, 8166441, 29066618, 103444256, 368138471, 1310164527, 4662787112, 16594519920, 59058487061, 210183969235, 748026706926, 2662163892493, 9474416502527, 33718645047381, 120001794938888, 427076205108256, 1519927992142725, 5409294820176960, 19251221456418915, 68513464219775265, 243833607706555674, 867783127690955303, 3088366545708132976, 10991234578836127282, 39116871580514806971, 139213628030133651394, 495449493951306870070, 1763262724567875261017, 6275302475434901131805, 22333269234054524398941, 79482210878793387717005, 282870446774979087489634, 1006711926782034154202195, 3582802357332748417527543, 12750889693678804012977956, 45379334879471674773241751, 161501203725739366066531149, 574769085402834527701171771, 2045554422590098984635975091, 7279954684489147578783843666, 25908741230707156585005674467, 92207012440606873596216821102, 328156936205973045799013980538, 1167882701431794770092476785931, 4156395473681291330413820405429, 14792258942151336715130446880316, 52644394884266590151977205825721, 187356936054793432716162490015805, 666787443658713142238554450725500, 2373039954554415575541158558489291]
C(N,4) N=0..60 (no interior strict peak/valley; A200871 col 4): [1, 5, 25, 65, 195, 567, 1673, 4917, 14455, 42479, 124851, 366959, 1078565, 3170093, 9317449, 27385589, 80491001, 236577045, 695341043, 2043728099, 6006871845, 17655239697, 51891816107, 152519060911, 448280011791, 1317572818499, 3872575368989, 11382171655445, 33454179518813, 98327644420997, 289002025948281, 849427152394729, 2496613941919643, 7337982024020903, 21567603737505177, 63390933563932997, 186316964416362567, 547617920697086503, 1609544187283165019, 4730729935790443655, 13904436984212228797, 40867555424219191941, 120116843871348746321, 353044267802314499509, 1037658425004643110857, 3049858346902913955821, 8964063425911810913851, 26346939419454851315363, 77438231278669797369749, 227604412341751670776849, 668968901562494267541931, 1966215798074127891546823, 5779049751889134992224055, 16985631011368144698003883, 49923719857237528712187253, 146734484148150509465115821, 431278135920042930288379093, 1267601352214325011063312997, 3725700549849995990099195609, 10950481050611565207073344145, 32185365848747802036747857331]
D(M,4) M=0..61 (clipped 3-window min-filter images): [1, 5, 5, 25, 65, 195, 567, 1673, 4917, 14455, 42479, 124851, 366959, 1078565, 3170093, 9317449, 27385589, 80491001, 236577045, 695341043, 2043728099, 6006871845, 17655239697, 51891816107, 152519060911, 448280011791, 1317572818499, 3872575368989, 11382171655445, 33454179518813, 98327644420997, 289002025948281, 849427152394729, 2496613941919643, 7337982024020903, 21567603737505177, 63390933563932997, 186316964416362567, 547617920697086503, 1609544187283165019, 4730729935790443655, 13904436984212228797, 40867555424219191941, 120116843871348746321, 353044267802314499509, 1037658425004643110857, 3049858346902913955821, 8964063425911810913851, 26346939419454851315363, 77438231278669797369749, 227604412341751670776849, 668968901562494267541931, 1966215798074127891546823, 5779049751889134992224055, 16985631011368144698003883, 49923719857237528712187253, 146734484148150509465115821, 431278135920042930288379093, 1267601352214325011063312997, 3725700549849995990099195609, 10950481050611565207073344145, 32185365848747802036747857331]
A(400,4) = 66573560148960167748892346276669803827554262161407411760258342793739195846828660133507351487378840756808814050261978014920611245275289175996735839977634939727312177823941921469003854247345011467912028741518485624532410978
B(401,4) = 66573560148960167748892346276669803827554262161407411760258342793739195846828660133507351487378840756808814050261978014920611245275289175996735839977634939727312177823941921469003854247345011467912028741518485624532410978
C(400,4) = 50610911894061536807365937836779103897759340886103160475244687266205688524292448338884320137070433092620640499442121060589959095627330982840475592649773557148243810362811575837633831474103
D(401,4) = 50610911894061536807365937836779103897759340886103160475244687266205688524292448338884320137070433092620640499442121060589959095627330982840475592649773557148243810362811575837633831474103
# k=5
A(N,5) N=0..60 (no interior strict peak; A200886 col 5: T(n,5)=A(n+2)): [1, 6, 36, 161, 636, 2507, 10213, 42182, 173606, 710976, 2908797, 11911516, 48807427, 199987737, 819315100, 3356387171, 13749952752, 56330082115, 230771042950, 945410224602, 3873094298871, 15867039092263, 65003096433432, 266300703707265, 1090964304811661, 4469394823912440, 18309938910636911, 75011021282515629, 307300500131454932, 1258929630375581481, 5157504813074199181, 21128945752109862511, 86559754183310932654, 354612631216928875952, 1452755029316122157741, 5951556682388253140061, 24381968209977465483976, 99886534821235330351661, 409208959376873089303800, 1676421879433790547569956, 6867861158555061012806175, 28135827545398018517251841, 115265112876969986518187473, 472210963943038233467577879, 1934524583393023397893087458, 7925240304677146062528420006, 32467632836544570744610359483, 133011384069519124565725202024, 544912786871722576324330129181, 2232364901496840524118560621510, 9145414043308460913386892750370, 37466364915279858657172124377586, 153489879552473128267895603665553, 628807816779273906558480761062600, 2576060855579361382401617242260355, 10553446306755586911093525935414997, 43234704144644367229436507836908252, 177121253867409237784701552434713541, 725619365096300367911879488476067761, 2972672401003365493254526882454367461, 12178259882182641248045114397985233981]
B(M,5) M=0..61 (M X 1, nonzero <= some neighbour): [1, 1, 6, 36, 161, 636, 2507, 10213, 42182, 173606, 710976, 2908797, 11911516, 48807427, 199987737, 819315100, 3356387171, 13749952752, 56330082115, 230771042950, 945410224602, 3873094298871, 15867039092263, 65003096433432, 266300703707265, 1090964304811661, 4469394823912440, 18309938910636911, 75011021282515629, 307300500131454932, 1258929630375581481, 5157504813074199181, 21128945752109862511, 86559754183310932654, 354612631216928875952, 1452755029316122157741, 5951556682388253140061, 24381968209977465483976, 99886534821235330351661, 409208959376873089303800, 1676421879433790547569956, 6867861158555061012806175, 28135827545398018517251841, 115265112876969986518187473, 472210963943038233467577879, 1934524583393023397893087458, 7925240304677146062528420006, 32467632836544570744610359483, 133011384069519124565725202024, 544912786871722576324330129181, 2232364901496840524118560621510, 9145414043308460913386892750370, 37466364915279858657172124377586, 153489879552473128267895603665553, 628807816779273906558480761062600, 2576060855579361382401617242260355, 10553446306755586911093525935414997, 43234704144644367229436507836908252, 177121253867409237784701552434713541, 725619365096300367911879488476067761, 2972672401003365493254526882454367461, 12178259882182641248045114397985233981]
C(N,5) N=0..60 (no interior strict peak/valley; A200871 col 5): [1, 6, 36, 106, 356, 1168, 3886, 12890, 42744, 141688, 469726, 1557320, 5163158, 17117854, 56752072, 188154290, 623802050, 2068138180, 6856654898, 22732385492, 75366392740, 249867889178, 828405870894, 2746476505360, 9105600837300, 30188485659118, 100086164843360, 331823215859650, 1100118550417310, 3647306056733596, 12092189034002886, 40090146908309094, 132913889669662372, 440659449503285602, 1460951529739643820, 4843602865329344920, 16058362128692508118, 53239499898324514946, 176508932026088508216, 585193383568406246080, 1940135789398037651590, 6432278605663931498864, 21325418708820906539838, 70701770085965922417478, 234402914265929024120056, 777133672177563014878578, 2576489914058920489878306, 8542031461134005052495412, 28320041574723010753685498, 93891571161172739423398348, 311285811917095932518506716, 1032029345153364484170843250, 3421564775786645741417725222, 11343771928466033699586031632, 37608863194901562285983415740, 124687502510823820302279743942, 413385887305796541342922763736, 1370529430636132548941427709034, 4543819655967880985095071363030, 15064468229899356294709641389820, 49944368445958236554789793108070]
D(M,5) M=0..61 (clipped 3-window min-filter images): [1, 6, 6, 36, 106, 356, 1168, 3886, 12890, 42744, 141688, 469726, 1557320, 5163158, 17117854, 56752072, 188154290, 623802050, 2068138180, 6856654898, 22732385492, 75366392740, 249867889178, 828405870894, 2746476505360, 9105600837300, 30188485659118, 100086164843360, 331823215859650, 1100118550417310, 3647306056733596, 12092189034002886, 40090146908309094, 132913889669662372, 440659449503285602, 1460951529739643820, 4843602865329344920, 16058362128692508118, 53239499898324514946, 176508932026088508216, 585193383568406246080, 1940135789398037651590, 6432278605663931498864, 21325418708820906539838, 70701770085965922417478, 234402914265929024120056, 777133672177563014878578, 2576489914058920489878306, 8542031461134005052495412, 28320041574723010753685498, 93891571161172739423398348, 311285811917095932518506716, 1032029345153364484170843250, 3421564775786645741417725222, 11343771928466033699586031632, 37608863194901562285983415740, 124687502510823820302279743942, 413385887305796541342922763736, 1370529430636132548941427709034, 4543819655967880985095071363030, 15064468229899356294709641389820, 49944368445958236554789793108070]
A(400,5) = 206332984734900756384976826240909597031214880790471421658695534958187986414996459948981591938577625394949258184314761423800639119327120604077862770658300609761932950115874934312013466747740806363346185137694862983209548213882911091908139753974874
B(401,5) = 206332984734900756384976826240909597031214880790471421658695534958187986414996459948981591938577625394949258184314761423800639119327120604077862770658300609761932950115874934312013466747740806363346185137694862983209548213882911091908139753974874
C(400,5) = 47820190650502912137928346332291101627930242753502119234159560276913302478946805825723712659757758703922711380622583467458230380361859788630528855388993785991509492492168393125016479624781643872248807703415206
D(401,5) = 47820190650502912137928346332291101627930242753502119234159560276913302478946805825723712659757758703922711380622583467458230380361859788630528855388993785991509492492168393125016479624781643872248807703415206
# k=6
A(N,6) N=0..60 (no interior strict peak; A200886 col 6: T(n,6)=A(n+2)): [1, 7, 49, 252, 1127, 4977, 22736, 105813, 491533, 2269938, 10462235, 48259083, 222798408, 1028746629, 4749274209, 21922813539, 101196577809, 467142348798, 2156444661242, 9954648966159, 45952741121083, 212127214776309, 979223300606057, 4520301331487337, 20866665493876286, 96324917963422572, 444656049587312911, 2052625726974406732, 9475351783043090413, 43740215757093498889, 201914030251506957241, 932077602779071912614, 4302666120043314432281, 19862011169062888756950, 91687218314864266933040, 423247471293502724408361, 1953799288727599513383586, 9019148180020176551307315, 41634283707622375084588043, 192192604588427278513495173, 887201459212220447540902515, 4095508414126680978558084009, 18905727663053370950512089087, 87272812634599886254679893932, 402869646749693544720373287915, 1859730967441474487279204686488, 8584909037362691670147506723123, 39629744554490945449663296470445, 182939230528715792999503185495436, 844485939605855715632184459450681, 3898324597358874163559041803406652, 17995485719354991074877264550865631, 83070944501365752713206478714820533, 383472940267839370905933739509470301, 1770191693381363784734447460604464538, 8171576928290461664523238672485264898, 37721716661893349368925118994400460367, 174131372733444541221933605268518297506, 803827016723895417346626191946664587361, 3710634463350423950484000843851151244941, 17129068610707449492098290821212517202457]
B(M,6) M=0..61 (M X 1, nonzero <= some neighbour): [1, 1, 7, 49, 252, 1127, 4977, 22736, 105813, 491533, 2269938, 10462235, 48259083, 222798408, 1028746629, 4749274209, 21922813539, 101196577809, 467142348798, 2156444661242, 9954648966159, 45952741121083, 212127214776309, 979223300606057, 4520301331487337, 20866665493876286, 96324917963422572, 444656049587312911, 2052625726974406732, 9475351783043090413, 43740215757093498889, 201914030251506957241, 932077602779071912614, 4302666120043314432281, 19862011169062888756950, 91687218314864266933040, 423247471293502724408361, 1953799288727599513383586, 9019148180020176551307315, 41634283707622375084588043, 192192604588427278513495173, 887201459212220447540902515, 4095508414126680978558084009, 18905727663053370950512089087, 87272812634599886254679893932, 402869646749693544720373287915, 1859730967441474487279204686488, 8584909037362691670147506723123, 39629744554490945449663296470445, 182939230528715792999503185495436, 844485939605855715632184459450681, 3898324597358874163559041803406652, 17995485719354991074877264550865631, 83070944501365752713206478714820533, 383472940267839370905933739509470301, 1770191693381363784734447460604464538, 8171576928290461664523238672485264898, 37721716661893349368925118994400460367, 174131372733444541221933605268518297506, 803827016723895417346626191946664587361, 3710634463350423950484000843851151244941, 17129068610707449492098290821212517202457]
C(N,6) N=0..60 (no interior strict peak/valley; A200871 col 6): [1, 7, 49, 161, 595, 2163, 7973, 29325, 107777, 395929, 1454643, 5344795, 19638715, 72159035, 265134245, 974183489, 3579448271, 13151993143, 48324463973, 177558916493, 652405957937, 2397139747601, 8807827288183, 32362661242755, 118910351874471, 436913134923223, 1605352977737193, 5898559638680193, 21673118805830107, 79633691535545979, 292598628022368253, 1075097178965553349, 3950237060345111369, 14514383572230271681, 53330300755021630307, 195951895887779012099, 719987417254509027851, 2645454787034537010811, 9720212968347040070845, 35715046279786824877057, 131228043554299740218151, 482172115365153948536415, 1771648365233055298189629, 6509579940465778597702565, 23918194960623683543593529, 87882790503602026459495753, 322908349874016157035629063, 1186464401287830681840819563, 4359434421787200045195304839, 16017900290337203323763644199, 58854682715011359419479452801, 216250171039848357353596123713, 794569511167139478411802023043, 2919492294690717336065454226723, 10727110893342025801517020673173, 39414698345777767416261182129981, 144821700934673456523906552222513, 532119385454049289169587877889545, 1955169967957492628444446162418739, 7183894644885114445613443174465035, 26395834180453738494693495035960539]
D(M,6) M=0..61 (clipped 3-window min-filter images): [1, 7, 7, 49, 161, 595, 2163, 7973, 29325, 107777, 395929, 1454643, 5344795, 19638715, 72159035, 265134245, 974183489, 3579448271, 13151993143, 48324463973, 177558916493, 652405957937, 2397139747601, 8807827288183, 32362661242755, 118910351874471, 436913134923223, 1605352977737193, 5898559638680193, 21673118805830107, 79633691535545979, 292598628022368253, 1075097178965553349, 3950237060345111369, 14514383572230271681, 53330300755021630307, 195951895887779012099, 719987417254509027851, 2645454787034537010811, 9720212968347040070845, 35715046279786824877057, 131228043554299740218151, 482172115365153948536415, 1771648365233055298189629, 6509579940465778597702565, 23918194960623683543593529, 87882790503602026459495753, 322908349874016157035629063, 1186464401287830681840819563, 4359434421787200045195304839, 16017900290337203323763644199, 58854682715011359419479452801, 216250171039848357353596123713, 794569511167139478411802023043, 2919492294690717336065454226723, 10727110893342025801517020673173, 39414698345777767416261182129981, 144821700934673456523906552222513, 532119385454049289169587877889545, 1955169967957492628444446162418739, 7183894644885114445613443174465035, 26395834180453738494693495035960539]
A(400,6) = 123262018250193973997195084659688666579853866183201230659410829370868058218085842201638714563124868572454059887981299202334069330341308934335821480349227567074285239639162422111344074448242716188482196717230814555841841333903791670255009968026444649867254219012337018
B(401,6) = 123262018250193973997195084659688666579853866183201230659410829370868058218085842201638714563124868572454059887981299202334069330341308934335821480349227567074285239639162422111344074448242716188482196717230814555841841333903791670255009968026444649867254219012337018
C(400,6) = 38122724138222232516346851775232787519509714381254726094142247801056847637343270791661661599701034945288802603602558630208982313192620235065896448201856376570834288776788872848724551674807427286817631293629950653633755917801551
D(401,6) = 38122724138222232516346851775232787519509714381254726094142247801056847637343270791661661599701034945288802603602558630208982313192620235065896448201856376570834288776788872848724551674807427286817631293629950653633755917801551
# k=7
A(N,7) N=0..60 (no interior strict peak; A200886 col 7: T(n,7)=A(n+2)): [1, 8, 64, 372, 1856, 9052, 45648, 235538, 1215616, 6233356, 31868448, 163014678, 834763824, 4276077566, 21900661172, 112149148911, 574278200480, 2940790043388, 15059692639376, 77120252989206, 394927990211792, 2022395235481866, 10356532445131008, 53035075459172219, 271588993641564176, 1390788434193842054, 7122130051235464024, 36471927461406763771, 186770184026078427140, 956437044525430574765, 4897847189593060698829, 25081532619608867793537, 128440772475752469382536, 657736203454471165880768, 3368221052330493736831420, 17248424219359957044316096, 88327972950968576546957452, 452321365998893700382871424, 2316306050018215784966332966, 11861641126982006947437135808, 60742633827616349901536722172, 311058775495005449615348585504, 1592910213382879075705161294714, 8157181689707976031948815165472, 41772356382615036529237461531334, 213913312726606712942314152600088, 1095435099292920931351310121567403, 5609646456629556029841928221192064, 28726606796406920512728679249876372, 147106942374253952469752208595955456, 753324353553988813723908358615336390, 3857721277448503688492630507099863232, 19755120598809078634556340883001600358, 101164589612759454663708360537099898480, 518056781295223607455718091992629638123, 2652932510014524737702547240580190025536, 13585481663024926206603236291297602068122, 69570300533343044437549382381150638743600, 356264638704167702057808376160166923486791, 1824406274200006707146128934282390541070072, 9342656811090952980987759132464242351241641]
B(M,7) M=0..61 (M X 1, nonzero <= some neighbour): [1, 1, 8, 64, 372, 1856, 9052, 45648, 235538, 1215616, 6233356, 31868448, 163014678, 834763824, 4276077566, 21900661172, 112149148911, 574278200480, 2940790043388, 15059692639376, 77120252989206, 394927990211792, 2022395235481866, 10356532445131008, 53035075459172219, 271588993641564176, 1390788434193842054, 7122130051235464024, 36471927461406763771, 186770184026078427140, 956437044525430574765, 4897847189593060698829, 25081532619608867793537, 128440772475752469382536, 657736203454471165880768, 3368221052330493736831420, 17248424219359957044316096, 88327972950968576546957452, 452321365998893700382871424, 2316306050018215784966332966, 11861641126982006947437135808, 60742633827616349901536722172, 311058775495005449615348585504, 1592910213382879075705161294714, 8157181689707976031948815165472, 41772356382615036529237461531334, 213913312726606712942314152600088, 1095435099292920931351310121567403, 5609646456629556029841928221192064, 28726606796406920512728679249876372, 147106942374253952469752208595955456, 753324353553988813723908358615336390, 3857721277448503688492630507099863232, 19755120598809078634556340883001600358, 101164589612759454663708360537099898480, 518056781295223607455718091992629638123, 2652932510014524737702547240580190025536, 13585481663024926206603236291297602068122, 69570300533343044437549382381150638743600, 356264638704167702057808376160166923486791, 1824406274200006707146128934282390541070072, 9342656811090952980987759132464242351241641]
C(N,7) N=0..60 (no interior strict peak/valley; A200871 col 7): [1, 8, 64, 232, 932, 3704, 14932, 60112, 241718, 971416, 3904290, 15693816, 63085186, 253583656, 1019321774, 4097329180, 16469898636, 66203547550, 266116375576, 1069699742484, 4299838717346, 17283927781406, 69475666835578, 279269177321316, 1122569626029642, 4512358207726962, 18138185927134336, 72909501775053708, 293072056416539662, 1178052629097297982, 4735381509520568952, 19034665758376918016, 76513053870067324482, 307557142680651597064, 1236277879778981083846, 4969427738564017818638, 19975454105207497776058, 80294711524379700957968, 322758154324142915661352, 1297380913450294348975292, 5215041702384694675957454, 20962740915683592006758574, 84263277606607187041887734, 338710475961468927666236074, 1361503964534238750194138442, 5472795136260628491054985490, 21998824376338992870783913120, 88427990065725680259266266668, 355451241088792633081077647472, 1428796297390163179218307018474, 5743288033493960860943595705968, 23086116261587410578163118979442, 92798543436327743983946426076070, 373019418525265281835124720563816, 1499414553768272570672322680866740, 6027150042055599610551735469664964, 24227147547792116986062624630470156, 97385111405374071345113764016326578, 391455903123907291036825584517884466, 1573523117437206777393101730272030446, 6325041930267141277958291891359395270]
D(M,7) M=0..61 (clipped 3-window min-filter images): [1, 8, 8, 64, 232, 932, 3704, 14932, 60112, 241718, 971416, 3904290, 15693816, 63085186, 253583656, 1019321774, 4097329180, 16469898636, 66203547550, 266116375576, 1069699742484, 4299838717346, 17283927781406, 69475666835578, 279269177321316, 1122569626029642, 4512358207726962, 18138185927134336, 72909501775053708, 293072056416539662, 1178052629097297982, 4735381509520568952, 19034665758376918016, 76513053870067324482, 307557142680651597064, 1236277879778981083846, 4969427738564017818638, 19975454105207497776058, 80294711524379700957968, 322758154324142915661352, 1297380913450294348975292, 5215041702384694675957454, 20962740915683592006758574, 84263277606607187041887734, 338710475961468927666236074, 1361503964534238750194138442, 5472795136260628491054985490, 21998824376338992870783913120, 88427990065725680259266266668, 355451241088792633081077647472, 1428796297390163179218307018474, 5743288033493960860943595705968, 23086116261587410578163118979442, 92798543436327743983946426076070, 373019418525265281835124720563816, 1499414553768272570672322680866740, 6027150042055599610551735469664964, 24227147547792116986062624630470156, 97385111405374071345113764016326578, 391455903123907291036825584517884466, 1573523117437206777393101730272030446, 6325041930267141277958291891359395270]
A(400,7) = 140953414568958489322188274894486078428193225346192374498107470493196254573761279928727155890959526974337883179562712833018578877175067664005919101802760345712573050048310152806698121479092598364452726334562067395607335844842539476399915283730639679072815146809024139127245505924978644
B(401,7) = 140953414568958489322188274894486078428193225346192374498107470493196254573761279928727155890959526974337883179562712833018578877175067664005919101802760345712573050048310152806698121479092598364452726334562067395607335844842539476399915283730639679072815146809024139127245505924978644
C(400,7) = 168174058264622940963067710539640271667337252619281128518380535570486370356447643188864232927059864339877057604675523420535605051508495325110997834218040892024324394327075394257386439514293656250334635943313955711718339152558692568673995202426
D(401,7) = 168174058264622940963067710539640271667337252619281128518380535570486370356447643188864232927059864339877057604675523420535605051508495325110997834218040892024324394327075394257386439514293656250334635943313955711718339152558692568673995202426
