1 1 16 16 16 16 16
1 2 39 39 39 39 39
1 3 69 69 69 69 69
1 4 109 109 109 109 109
1 5 181 181 181 181 181
1 6 325 325 325 325 325
1 7 613 613 613 613 613
1 8 1189 1189 1189 1189 1189
1 9 2341 2341 2341 2341 2341
1 10 4645 4645 4645 4645 4645
1 11 9253 9253 9253 9253 9253
1 12 18469 18469 18469 18469 18469
2 1 39 39 39 39 39
2 2 58 58 72 14 72
2 3 70 73 88 22 88
2 4 102 108 120 38 120
2 5 174 180 192 70 192
2 6 318 324 336 134 336
2 7 606 612 624 262 624
3 1 69 69 69 69 69
3 2 73 70 88 22 88
3 3 85 85 94 30 94
3 4 120 121 129 46 129
3 5 192 193 201 78 201
4 1 109 109 109 109 109
4 2 108 102 120 38 120
4 3 121 120 129 46 129
4 4 156 156 164 62 164
5 1 181 181 181 181 181
5 2 180 174 192 70 192
5 3 193 192 201 78 201
6 1 325 325 325 325 325
6 2 324 318 336 134 336
7 1 613 613 613 613 613
7 2 612 606 624 262 624
8 1 1189 1189 1189 1189 1189
9 1 2341 2341 2341 2341 2341
10 1 4645 4645 4645 4645 4645
11 1 9253 9253 9253 9253 9253
12 1 18469 18469 18469 18469 18469
