103460138813701
95843741008801
88565971908901
86874828901321
86874828901321
82065317290561
85276092098101
83781145328405
79721740597981
81402122922601
80634519201602
78695257844341
79721740597981
80634519201602
73645162884541
75598302838861
80544914542805
76762937392201
81402122922601
78695257844341
75598302838861
74629343062801
76762937392201
73950663772921
85276092098101
86149078266977
78518404898105
81052568668445
81052568668445
79683088959133
77494091555821
80560224546845
76600414191901
79700346496921
79440708630722
78213147234661
75301808837402
78563729072525
72214588226161
74177960149081
79425413518206
75583454428621
78537123192722
77876520205926
75018616861681
73929028067821
76573474104062
73045900331221
77494091555821
80560224546845
75301808837402
78537123192722
78563729072525
77876520205926
71078405070061
76375006246933
71281607606641
74182036353661
75429732732726
74494022229245
75039314854505
78140562239406
71070385706101
72788823365221
80782283560813
75023117993161
78140562239406
77618382755945
74149200498062
73005281387522
78145740447905
73029682676461
76600414191901
79440708630722
72214588226161
75018616861681
79425413518206
76573474104062
71281607606641
75429732732726
69177221138701
71259548268421
76076748571145
73033101323522
71070385706101
74149200498062
68052422332021
69460050046621
76556875460105
71586754573261
80782283560813
78145740447905
76556875460105
73525052448605
78070721883377
73197064544161
79700346496921
78213147234661
74177960149081
73929028067821
75583454428621
73045900331221
74182036353661
74494022229245
71259548268421
70903346704561
73033101323522
70161836749861
72788823365221
73005281387522
69460050046621
68816239974661
73525052448605
69172728233161
75023117993161
73029682676461
71586754573261
69172728233161
73197064544161
69510824787601
88565971908901
92517255504065
83283192859157
87627550690457
87627550690457
87160596684289
78518404898105
84390416200361
77815862950865
82372337283245
82828309709786
83134210946377
77815862950865
82828309709786
74759257862953
78534053423593
83728135320761
81515651035093
82372337283245
83134210946377
78534053423593
79272457067293
81515651035093
79876751598389
79721740597981
86818157183177
77815862950865
83675910340805
83675910340805
84572389181293
76600414191901
83009653905965
77498546176381
80756255724601
81772736897522
79898101684741
76245122590682
81465652719965
73565809349041
74857655016361
81603265674606
76423750771501
80978394350402
81761025487926
77193451341361
75109294727101
79189479465302
73945947116821
75301808837402
82551354604106
75620485053185
80596009938845
81308792119453
81965855514437
71281607606641
78605019772873
71664330761821
73842625263241
76828985619846
74785176232265
75908270907606
80322625305609
71414227354681
72199369746001
82209092662454
74615652544141
80264976600728
80813894796190
75293469201782
73045546529642
80212081740006
72942501714961
76245122590682
81704317653856
73603705869246
77677567608126
82332087619941
80539297595173
72284899933621
77811103447086
69911347695481
71030664453601
77518141370225
73083202587242
72367609473542
76306687906325
68325307502881
68619774146881
77743167802986
70867113069721
82927439503098
81173631443178
77833138027565
73431305245865
79557760445838
72586997626621
80339923795682
81398313446058
76341659193366
77427521069406
79198713116646
77668492793054
75868207874641
77522848197905
72681584432401
71380332529741
75023334414842
70680036801361
74800750707542
75899402109845
70465075382281
68712742850521
75379052998146
69018014512021
77720398310222
76514478046866
73279171882921
69438348325021
75172474816742
69311187616861
79721740597981
86818157183177
77815862950865
83675910340805
83675910340805
84572389181293
75301808837402
82551354604106
76245122590682
80339923795682
81704317653856
81398313446058
75620485053185
81308792119453
73603705869246
76341659193366
82332087619941
79198713116646
80596009938845
81965855514437
77677567608126
77427521069406
80539297595173
77668492793054
73645162884541
84124609573849
74759257862953
82332686980213
82332686980213
84943731513313
72214588226161
81384994759297
73565809349041
76646308332061
79996794178698
78640539031337
73603705869246
80423795452157
71539955640425
72989186906945
80593033055658
76099998688805
79336731293526
81935695298202
76257628564745
74792270299205
79562843877198
75062795390293
75039314854505
83020338199721
75908270907606
79794492733806
81866368659861
81525418317258
71070385706101
80023809691213
71414227354681
73448546148901
77941374302886
76029110763365
77806711524913
81190415207174
72152976343141
73052084130661
85123749495629
75134451724201
82302589469418
81931993633393
76806661050782
74675901296642
83418903964633
74057415441421
75908270907606
81866368659861
73824910583765
76717528907705
82519342595068
79643614676290
72367609473542
79056916204573
70088152520762
71270240859962
78679252023730
74400412743605
74219414613725
76974411015786
69274100178841
69652931795041
80331670206733
71241090417481
84666623249802
81828385050437
79347742058586
74955147076206
82312564153177
73185856564981
79794492733806
81525418317258
76717528907705
76864458423545
79643614676290
76994349481569
76273036911542
79235596898958
73346058362282
72293312076242
76736707566968
72653733301446
76885945297085
76976631645606
72122225683441
70450981814281
78406661483473
70108443242581
79861989087066
77516685019325
75483529441322
71606766293702
78168511085585
70408426939741
76600414191901
83009653905965
76245122590682
80978394350402
81465652719965
81761025487926
71281607606641
78605019772873
72284899933621
75868207874641
77811103447086
77522848197905
75908270907606
80264976600728
72367609473542
74800750707542
82927439503098
77720398310222
80322625305609
80813894796190
76306687906325
75899402109845
81173631443178
76514478046866
72214588226161
81384994759297
73603705869246
79336731293526
80423795452157
81935695298202
69177221138701
77949789188533
69911347695481
72242556318901
76283925844686
74786338066565
73824910583765
79038884254510
70088152520762
71260474722362
80884783987873
74311368032642
79038884254510
80560757748988
74737276202285
73146040501205
80042138463261
73709677554246
71070385706101
80023809691213
72367609473542
76273036911542
79056916204573
79235596898958
68052422332021
77656102220909
68325307502881
70148096093821
75525157113134
73904609021413
74219414613725
77819163051846
69274100178841
70235084543881
81720182582113
72529759631821
79345835626458
79622692386141
74513635975746
72790150974246
81372997275401
72707236367045
77806711524913
82302589469418
74219414613725
76885945297085
84666623249802
79861989087066
74219414613725
79345835626458
70476273877385
71501388554945
80647372772117
74466903285486
74756188599917
77705211370398
69984751679581
70411593399781
81106445026657
72103485541621
88298470380793
83705160414073
82983186011713
76774943698933
84264206646289
74827829957521
81190415207174
81931993633393
76974411015786
76976631645606
81828385050437
77516685019325
77819163051846
79622692386141
73706316094866
72501166773486
78843601803973
73043082985025
77705211370398
78053887799776
73179400012022
71556815056022
79598824517066
71381297192402
83705160414073
79842022859525
79311189247925
73797631450385
80807456429477
72639436095181
77498546176381
81772736897522
73565809349041
77193451341361
81603265674606
79189479465302
71664330761821
76828985619846
69911347695481
72681584432401
77518141370225
75023334414842
71414227354681
75293469201782
68325307502881
70465075382281
77833138027565
73279171882921
82209092662454
80212081740006
77743167802986
75379052998146
79557760445838
75172474816742
73565809349041
79996794178698
71539955640425
76257628564745
80593033055658
79562843877198
69911347695481
76283925844686
68233492879741
69916603290661
76192042693625
72675200249042
70088152520762
74737276202285
66603988547041
67544653038241
76409998800246
70455704438281
80884783987873
80042138463261
76409998800246
72973762401006
78493417617016
72471283570502
71414227354681
77941374302886
70088152520762
73346058362282
78679252023730
76736707566968
68325307502881
75525157113134
66603988547041
68099287387081
75192339438849
71774893604646
70476273877385
73706316094866
66192004423381
67004293564381
77308738234393
69114035713621
80647372772117
78843601803973
75968611045085
72473748562865
79609885185866
71387940488402
72152976343141
76806661050782
69274100178841
72122225683441
79347742058586
75483529441322
69274100178841
74513635975746
66192004423381
67403340123781
75968611045085
70714621206422
69984751679581
73179400012022
66351528305101
67033572574501
76628247594665
69008430525661
82983186011713
79311189247925
78520934916365
73184722166705
80145804749957
72045333998461
85123749495629
83418903964633
80331670206733
78406661483473
82312564153177
78168511085585
81720182582113
81372997275401
77308738234393
74329554465733
79609885185866
73898809403585
81106445026657
79598824517066
76628247594665
73334292932705
80350707981161
72280228620965
84264206646289
80807456429477
80145804749957
74914278554897
81964119025865
74173757365801
80756255724601
79898101684741
74857655016361
75109294727101
76423750771501
73945947116821
73842625263241
74785176232265
71030664453601
71380332529741
73083202587242
70680036801361
72199369746001
73045546529642
68619774146881
68712742850521
73431305245865
69438348325021
74615652544141
72942501714961
70867113069721
69018014512021
72586997626621
69311187616861
76646308332061
78640539031337
72989186906945
74792270299205
76099998688805
75062795390293
72242556318901
74786338066565
69916603290661
69632543318401
72675200249042
69314190857221
71260474722362
73146040501205
67544653038241
66756084037681
72973762401006
67551799067581
74311368032642
73709677554246
70455704438281
67551799067581
72471283570502
67516303153141
73448546148901
76029110763365
71270240859962
72293312076242
74400412743605
72653733301446
70148096093821
73904609021413
68099287387081
67929536033221
71774893604646
68702433681245
71501388554945
72501166773486
67403340123781
66599063641021
74329554465733
67023163058521
74466903285486
73043082985025
70714621206422
67774614091202
73898809403585
67150473692581
73052084130661
74675901296642
69652931795041
70450981814281
74955147076206
71606766293702
70235084543881
72790150974246
67004293564381
66599063641021
72473748562865
67774614091202
70411593399781
71556815056022
67033572574501
66194557145461
73334292932705
66637691794261
76774943698933
73797631450385
73184722166705
68662922083565
74914278554897
68218211149201
75134451724201
74057415441421
71241090417481
70108443242581
73185856564981
70408426939741
72529759631821
72707236367045
69114035713621
67023163058521
71387940488402
67150473692581
72103485541621
71381297192402
69008430525661
66637691794261
72280228620965
66348487566001
74827829957521
72639436095181
72045333998461
68218211149201
74173757365801
68668998731401
95843741008801
103978263191117
92517255504065
99373203769205
99373203769205
100124172368413
86149078266977
95298095188289
86818157183177
93077257883237
93941521184858
95098524250945
86818157183177
93941521184858
84124609573849
89160275415049
95198870708129
93182242379029
93077257883237
95098524250945
89160275415049
90660760966429
93182242379029
91689615647573
83781145328405
95298095188289
84390416200361
92796622740461
92796622740461
95652459285917
80560224546845
91701160495085
83009653905965
88544903347625
91146379879426
91899122424373
82551354604106
90735542081789
81384994759297
85286666368777
92359622982830
89696453320957
89289063981506
92716565535894
87070391494177
87765267096157
91428411199950
88905538707941
80560224546845
91701160495085
82551354604106
89289063981506
90735542081789
92716565535894
76375006246933
87953176525325
78605019772873
83291642177173
87103203546934
87690441420277
83020338199721
89451682659182
80023809691213
83491539332893
93217098249293
87896556087073
89451682659182
91767054702385
85906943306398
86349854269138
92790016086049
87948190266917
83009653905965
91146379879426
81384994759297
87070391494177
92359622982830
91428411199950
78605019772873
87103203546934
77949789188533
81786763467133
88338817667361
86388599657938
80023809691213
85906943306398
77656102220909
80685294569669
89307923711137
84716647376789
93217098249293
92790016086049
89307923711137
87422048635957
92567866736233
88018321160009
88544903347625
91899122424373
85286666368777
87765267096157
89696453320957
88905538707941
83291642177173
87690441420277
81786763467133
83240654200873
86388599657938
84628819597757
83491539332893
86349854269138
80685294569669
81584941677869
87422048635957
83423761643729
87896556087073
87948190266917
84716647376789
83423761643729
88018321160009
84650198576761
86874828901321
99373203769205
87627550690457
96679162026557
96679162026557
99176887869469
81052568668445
92796622740461
83675910340805
90829440142385
92159293748306
94142746326397
83675910340805
92159293748306
82332686980213
87875101703653
93800964033101
92470499348353
90829440142385
94142746326397
87875101703653
89964261800953
92470499348353
91488501707609
81402122922601
93077257883237
82372337283245
90829440142385
90829440142385
93232368729673
79700346496921
88544903347625
80756255724601
83455363882021
86096385689882
82852306169761
80339923795682
87135736392185
76646308332061
76897403294581
85732549550886
78543773430121
86415170003402
88215237902046
81025258458781
77489455560121
83478865913102
76016537087521
78537123192722
89289063981506
80596009938845
87218933175305
88434033245593
90115499157137
74182036353661
83291642177173
73842625263241
75037084681861
79997786514606
76442952618245
79794492733806
85460851178949
73448546148901
73118173269421
85854876708014
75724759627561
85471090024808
86878845760870
78149616420062
74472867388322
84241667434206
74244069823261
80978394350402
88787752140256
79336731293526
84703142702406
89881529736801
88729347828673
75868207874641
82702009732566
72242556318901
72205107994621
80817895617125
74511992073122
76273036911542
81122029329065
70148096093821
69243216549421
80987204202906
71641134418261
88445422964418
87288106770018
80960536976105
74781593786405
83077657234638
73478206027561
86415170003402
89473968273618
83166576710046
85376533679286
87357099937326
86445906698654
80346205819261
83105798577725
75760207725421
73150099556761
78719252455682
72437554071661
79605627341942
81482303236985
73035524191621
69936746577061
79106446195266
70197092074561
83451802142222
82797921359586
76599698425861
70975694989561
78937742304302
70438659975001
80634519201602
93941521184858
82828309709786
92159293748306
92159293748306
95617980675146
78563729072525
90735542081789
81465652719965
87135736392185
90207102026446
91162048363493
81308792119453
90042956689486
80423795452157
84451693994717
91607296278117
89205883536857
88434033245593
92344864281805
86323180176557
87228709846097
90969257792677
88724384980241
75598302838861
89160275415049
78534053423593
87875101703653
87875101703653
91789818922873
74177960149081
85286666368777
74857655016361
76897403294581
82422947354298
79602899580257
76341659193366
84451693994717
72989186906945
73240669477865
83052416636658
76673138599325
83166576710046
86813406155202
78524622460865
75633817134125
82451858335518
75910626608413
78140562239406
89451682659182
80322625305609
85460851178949
88517690690729
89094647317229
72788823365221
83491539332893
72199369746001
73118173269421
79862684813886
76483461639485
81190415207174
85764994876637
73052084130661
72887845825981
88385291234910
75363003938521
87150096004580
87675652096038
78649211135582
75201847929842
87338142862934
74686645948621
80264976600728
88551992283162
79038884254510
83016859077250
89628158829646
87348766571181
74800750707542
82766991037933
71260474722362
71266261319162
80835672807730
74803802019005
77819163051846
81465560246409
70235084543881
69493629886681
83387588148734
71333103229321
89904189066768
87674075372370
81505395032106
75467102950926
85755606267278
73441627768021
85471090024808
89320107852288
83143204626730
84292328314750
87561524792600
85477932662782
79605627341942
83744442062238
75330773433482
72996371945042
79445159522528
73517780611206
81516600271686
82374085349289
73880264941681
70943913700321
82087108422134
70667184761221
85528118215328
83684820453130
78011384513882
72426618419462
81924598592526
70914200945581
79440708630722
91146379879426
81704317653856
88787752140256
90207102026446
92368860685424
75429732732726
87103203546934
77811103447086
82702009732566
86368758411892
87185565414902
81866368659861
88551992283162
79056916204573
82766991037933
92077105814293
87252293798833
88517690690729
91020541206441
84952572608673
85680897952893
91791866060833
87409742754401
75018616861681
87070391494177
77677567608126
84703142702406
86323180176557
88815716586042
71259548268421
81786763467133
71030664453601
72205107994621
78542477925726
75527304494285
76717528907705
83016859077250
71270240859962
71266261319162
83378004821893
74588603211842
83143204626730
85539740438908
76819314758885
73818172775405
83099089146081
74355659580006
74149200498062
85906943306398
76306687906325
81122029329065
84952572608673
85844732776489
69460050046621
80685294569669
68619774146881
69243216549421
76971267668294
73841016650773
76974411015786
81465560246409
69652931795041
69493629886681
83991075525194
72046305197221
83461211128104
84444964094018
75836833566786
72753252368886
84370102262866
72673633467725
82302589469418
88706478538972
79345835626458
83104739896458
91770414414501
87323402448325
76885945297085
83104739896458
71501388554945
71359484759705
82900900499177
74623210488126
77705211370398
81435875780961
70411593399781
69707205184981
83386338775778
71578085613421
93602516355926
89404081213242
85317816897553
77062863728173
86887966555670
74415214148521
87150096004580
89638889551558
83461211128104
84456366921744
89946687972342
85943753940086
81516600271686
84295133346261
75594928847106
73080191289726
81731768569813
73687084922945
81746805354740
82769303434402
74448064999622
71524502615222
82566627643108
71345746922402
89569412282538
86004512570538
82074538433525
74418804378185
83856906663198
72511213723381
81772736897522
90003513314100
79996794178698
85854808672218
90834162367736
90032026091576
76828985619846
85354070811648
76283925844686
80438208702846
86526349149942
84952241775036
77941374302886
84004861980388
75525157113134
78918858059054
87342028212526
83184356549534
91170800711153
90963014966141
87172976239733
85730384087993
90377497659305
86320456919489
77193451341361
85854808672218
76257628564745
82266851446265
86977911694218
86797997949558
72681584432401
80438208702846
69916603290661
70440993646381
78823650807125
73632615738242
73346058362282
78949949804165
68099287387081
67847254634281
79107545944086
70949741553121
85441778239333
85369242251841
78958865260566
73905489522126
81524592733516
73112868282662
75293469201782
84004861980388
74737276202285
78949949804165
85061095203265
83701782298102
70465075382281
78918858059054
67544653038241
67847254634281
77038421755929
71966808270486
73706316094866
77718532111629
67004293564381
66671102202781
79892388207914
68935622753821
85238725802842
84015208034905
77750499536885
72692826667265
82587879946468
71359167780002
76806661050782
83078511629536
74513635975746
78278467601826
86185298745801
82648886041633
72122225683441
78278467601826
67403340123781
67383394402981
78179468040305
70868996204822
73179400012022
76980870010985
67033572574501
66499587306901
78904510049226
68505368115061
87976296262638
84658758537438
80710775325365
73365122659505
82593897481158
71505515559061
91664820221322
91569766416714
87429946306134
86344675308894
90618919593714
86825236285002
85916598629953
86450011674761
79666215618433
75143031536173
82488794542346
74495545786985
85688736519222
84727535530061
78350705335265
73501550052305
83298605467906
72188384112365
89742760354326
86583287384154
82602768337037
75215895910577
84662595903006
73672803417601
86096385689882
89330633665506
82422947354298
85017097835538
86542689897618
85709552006690
79997786514606
84369521476846
78542477925726
80390742200886
82948871180908
81533705076158
79862684813886
82909656824428
76971267668294
78303499978454
83847771161326
80257901602814
84037505688606
84142220412758
80745844497614
79833373736534
83861331514694
80921598194070
81025258458781
85317965980457
78524622460865
81662464191125
83140244434325
82989653032093
75760207725421
79675808504285
72410869452781
70995701342521
75966003080882
70911994562221
75330773433482
78152148083885
69815701719481
67796311194121
76341701487246
68646737447221
79378900551362
79494051169926
73512302761921
68990545673221
76013600222222
68642507215981
78149616420062
82941656364686
76819314758885
78835406334545
81494975080693
80358888208937
73035524191621
78051562151053
69815701719481
68455982335621
74297393861406
69533025392525
75594928847106
77356304493309
68971870806781
66968612111821
77638326498914
67445274832321
79621888637168
78713991107950
73062369727622
68530610844002
77406954986946
67603087989181
78649211135582
81886171914976
75836833566786
77524499613906
82564756159401
79540399972513
73880264941681
77330867776326
68971870806781
67292561816221
75357853272485
68527652853602
74448064999622
76163718990905
68462034543901
66330924151861
76297240778826
66715949114461
82348502597478
79666159222278
75933319961705
69360043154765
77925334266078
68170934993401
81889823659862
82312353033678
78530279281386
78160311447666
81626830625706
79160011086794
77103633638821
78092027681405
71920958251621
68304172129321
74715254660642
68218284744181
77093208985142
76832156479145
71253458139061
67314245338261
75681275533266
66716280487801
80707548331022
78758376473586
75034001346661
69040399356001
77407880427182
68672751514321
86874828901321
99373203769205
87627550690457
96679162026557
96679162026557
99176887869469
81052568668445
92796622740461
83675910340805
90829440142385
92159293748306
94142746326397
83675910340805
92159293748306
82332686980213
87875101703653
93800964033101
92470499348353
90829440142385
94142746326397
87875101703653
89964261800953
92470499348353
91488501707609
80634519201602
93941521184858
82828309709786
92159293748306
92159293748306
95617980675146
79440708630722
91146379879426
81772736897522
86096385689882
90003513314100
89330633665506
81704317653856
90207102026446
79996794178698
82422947354298
90834162367736
86542689897618
88787752140256
92368860685424
85854808672218
85017097835538
90032026091576
85709552006690
78563729072525
90735542081789
81308792119453
88434033245593
90042956689486
92344864281805
75429732732726
87103203546934
76828985619846
79997786514606
85354070811648
84369521476846
81866368659861
88517690690729
77941374302886
79862684813886
91170800711153
84037505688606
88551992283162
91020541206441
84004861980388
82909656824428
90963014966141
84142220412758
81465652719965
90207102026446
80423795452157
86323180176557
91607296278117
90969257792677
77811103447086
86368758411892
76283925844686
78542477925726
86526349149942
82948871180908
79056916204573
84952572608673
75525157113134
76971267668294
87172976239733
80745844497614
92077105814293
91791866060833
87342028212526
83847771161326
90377497659305
83861331514694
87135736392185
91162048363493
84451693994717
87228709846097
89205883536857
88724384980241
82702009732566
87185565414902
80438208702846
80390742200886
84952241775036
81533705076158
82766991037933
85680897952893
78918858059054
78303499978454
85730384087993
79833373736534
87252293798833
87409742754401
83184356549534
80257901602814
86320456919489
80921598194070
82065317290561
100124172368413
87160596684289
99176887869469
99176887869469
104476798194769
79683088959133
95652459285917
84572389181293
93232368729673
95617980675146
99164303209333
84572389181293
95617980675146
84943731513313
91789818922873
98053916753525
97963320032533
93232368729673
99164303209333
91789818922873
95296385349253
97963320032533
98117876857201
78695257844341
95098524250945
83134210946377
94142746326397
94142746326397
99164303209333
78213147234661
91899122424373
79898101684741
82852306169761
89330633665506
87154558926605
81398313446058
91162048363493
78640539031337
79602899580257
90212425268094
84121100436677
89473968273618
94307691387750
85317965980457
82980673259477
90143456350326
83810613449389
77876520205926
92716565535894
81965855514437
90115499157137
92344864281805
95686380228977
74494022229245
87690441420277
74785176232265
76442952618245
84369521476846
81744927942101
81525418317258
89094647317229
76029110763365
76483461639485
90140833636842
80844840248105
89320107852288
92720905183638
82941656364686
80309921815826
90798389505594
81541303268797
81761025487926
92368860685424
81935695298202
88815716586042
94332887879993
94619991844177
77522848197905
87185565414902
74786338066565
75527304494285
85715658243341
80347477563026
79235596898958
85844732776489
73904609021413
73841016650773
86374886086434
77699411106493
93098807735358
93655856180286
86520653351321
81276908475461
89936133270534
80957166541393
88215237902046
94307691387750
86813406155202
90715136645562
92837213071602
93306596106306
83105798577725
88816289889149
79675808504285
78169714289705
84903241831122
79612994372797
83744442062238
87460539842449
78051562151053
75917816495293
85734948390474
77450012182633
89067579279798
89998431688362
83052584661613
78304818927793
86596831386822
78611087778929
80544914542805
95198870708129
83728135320761
93800964033101
93800964033101
98053916753525
79425413518206
92359622982830
81603265674606
85732549550886
90834162367736
90212425268094
82332087619941
91607296278117
80593033055658
83052416636658
92080602826089
87919218058338
89881529736801
94332887879993
86977911694218
86318544759498
91845466888553
87713845330602
76762937392201
93182242379029
81515651035093
92470499348353
92470499348353
97963320032533
75583454428621
89696453320957
76423750771501
78543773430121
86542689897618
84121100436677
79198713116646
89205883536857
76099998688805
76673138599325
87919218058338
81845140619585
87357099937326
92837213071602
83140244434325
80745626725985
88556743737678
82334083909513
80782283560813
93217098249293
82209092662454
85854876708014
91170800711153
90140833636842
75023117993161
87896556087073
74615652544141
75724759627561
84037505688606
80844840248105
85123749495629
88385291234910
75134451724201
75363003938521
93608686869481
77000206353661
91664820221322
90711607220309
81889823659862
78674484756122
92971683195029
76898248624561
82927439503098
92077105814293
80884783987873
83378004821893
92091097007116
88016937721466
77720398310222
87252293798833
74311368032642
74588603211842
85339643962570
79343231291465
81720182582113
83991075525194
72529759631821
72046305197221
88267271372009
72789083278861
94341367118862
90297883672961
84982743660546
78958052296566
90954779226797
75136591902361
88445422964418
93098807735358
85441778239333
85122438447253
90272911918834
86339800379845
83451802142222
89067579279798
79378900551362
77319577114922
84687908992328
78805260932526
85916598629953
85305488433734
77103633638821
74317258050061
87359343403229
72718442385961
90241571551878
86536464956473
82033308250682
76350286841462
87149006414773
72884749870801
79425413518206
92359622982830
82332087619941
89881529736801
91607296278117
94332887879993
76076748571145
88338817667361
77518141370225
80817895617125
86526349149942
85715658243341
82519342595068
89628158829646
78679252023730
80835672807730
92091097007116
85339643962570
89628158829646
92565261852269
85061095203265
84222661470865
92264496643044
85777854898470
76573474104062
91428411199950
80539297595173
88729347828673
90969257792677
94619991844177
73033101323522
86388599657938
73083202587242
74511992073122
82948871180908
80347477563026
79643614676290
87348766571181
74400412743605
74803802019005
88016937721466
79343231291465
87561524792600
91322772154382
81494975080693
78969458400313
89132652002202
80453509040777
76556875460105
89307923711137
77743167802986
80987204202906
87172976239733
86374886086434
71586754573261
84716647376789
70867113069721
71641134418261
80745844497614
77699411106493
80331670206733
83387588148734
71241090417481
71333103229321
88267271372009
72789083278861
87429946306134
86811218571773
78530279281386
75536365292286
89134562983417
74016537811205
84666623249802
91770414414501
80647372772117
82900900499177
93837944747404
87299542881262
79861989087066
87323402448325
74466903285486
74623210488126
87299542881262
78834976833189
81106445026657
83386338775778
72103485541621
71578085613421
87597713349857
72233990806261
97746021979266
91300866793601
88740484487114
80256232317854
91436311109861
75218268061561
89904189066768
93032076255138
85238725802842
84705850692982
92329368255542
86135406302721
85528118215328
89452986777994
79621888637168
77359616969528
86959141460180
78708333984430
85688736519222
85142668068636
77093208985142
74235540824342
87217744460458
72622988730722
94086748698042
88202421075317
86124559508466
78123704583006
88526660542537
73658045024101
81603265674606
90834162367736
80593033055658
86977911694218
92080602826089
91845466888553
77518141370225
86526349149942
76192042693625
78823650807125
86646997860394
83447792184622
78679252023730
85061095203265
75192339438849
77038421755929
87289721738798
81220281976689
92091097007116
92264496643044
87289721738798
84208634204198
90504770697588
84357668327898
79189479465302
90032026091576
79562843877198
86797997949558
91845466888553
92709534332413
75023334414842
84952241775036
72675200249042
73632615738242
83447792184622
78635781259216
76736707566968
83701782298102
71774893604646
71966808270486
84172688068584
76124826184806
90272911918834
91419955668798
84084619826661
79397280879441
87666491943598
79309685052433
77833138027565
87342028212526
76409998800246
79107545944086
87289721738798
84172688068584
73279171882921
83184356549534
70455704438281
70949741553121
81220281976689
76124826184806
77308738234393
79892388207914
69114035713621
68935622753821
84245535712529
69993381539461
89290098757369
86280583737033
80830522557665
75731266381445
87252258366058
72646605997922
79347742058586
86185298745801
75968611045085
78179468040305
88209311459308
82612323718390
75483529441322
82648886041633
70714621206422
70868996204822
82612323718390
75034213112225
76628247594665
78904510049226
69008430525661
68505368115061
82868691320593
69142187222821
91888706310222
86363428095977
84012719119926
76364338945626
86754735941377
72126516290221
94341367118862
94786575259446
89290098757369
86506292360809
92623692538578
86612172999449
90241571551878
91776589913658
84030078371178
79631485808178
87721180811568
79537448983938
89788891056629
87006805563542
81418046251505
76497346870745
87902814750937
73396168797605
93932862281490
88436481303353
86279974414578
78515002378398
88954224767893
74383644229561
85732549550886
90212425268094
83052416636658
86318544759498
87919218058338
87713845330602
80817895617125
85715658243341
78823650807125
79305409558445
83447792184622
80432509308021
80835672807730
84222661470865
77038421755929
76909138638189
84208634204198
78682543414269
85339643962570
85777854898470
81220281976689
78682543414269
84357668327898
79313933848157
83478865913102
90143456350326
82451858335518
86921119119198
88556743737678
89494927766186
78719252455682
84903241831122
75966003080882
75122890813322
81305521817060
76702678436898
79445159522528
83666378339662
74297393861406
72748973171886
82123947269904
74561908412166
84687908992328
86016899428848
79145420163846
75003106858206
82649729523140
75337063544054
80960536976105
86520653351321
78958865260566
79546306955406
84084619826661
81207127437978
76599698425861
83052584661613
73512302761921
72337125062461
79145420163846
74357223040085
79666215618433
80000330988854
71920958251621
70015838708461
82452491772749
69230250008761
84030078371178
81369408815113
76810828373462
72148119072242
82251384940033
69430097182501
81505395032106
85277109538041
77750499536885
77930751204665
84980161581988
79877347040890
78011384513882
82448348360953
73062369727622
71520805412342
80465271816310
73361832320465
78350705335265
78520657013226
71253458139061
69094016036821
80688204619513
68052491431021
86669509698102
81799383078797
79922197152726
72961771632066
82308901315837
69361808394961
84982743660546
85886387279838
80830522557665
78809531418305
84089251994950
79454481342249
82033308250682
83924343805218
76810828373462
73221984197822
80430505558448
73650110310066
81418046251505
79397540712606
74905291501021
70792560019621
80300641713613
68422779990361
85174617066906
80967110804825
79333034207762
72869386098662
81761581015445
69959044676281
81402122922601
93077257883237
82372337283245
90829440142385
90829440142385
93232368729673
78537123192722
89289063981506
80978394350402
86415170003402
88787752140256
89473968273618
80596009938845
88434033245593
79336731293526
83166576710046
89881529736801
87357099937326
87218933175305
90115499157137
84703142702406
85376533679286
88729347828673
86445906698654
75598302838861
89160275415049
78534053423593
87875101703653
87875101703653
91789818922873
75018616861681
87070391494177
77193451341361
81025258458781
85854808672218
85317965980457
77677567608126
86323180176557
76257628564745
78524622460865
86977911694218
83140244434325
84703142702406
88815716586042
82266851446265
81662464191125
86797997949558
82989653032093
78140562239406
89451682659182
80264976600728
85471090024808
88551992283162
89320107852288
74149200498062
85906943306398
75293469201782
78149616420062
84004861980388
82941656364686
82302589469418
87150096004580
76806661050782
78649211135582
91664820221322
81889823659862
88706478538972
89638889551558
83078511629536
81886171914976
91569766416714
82312353033678
80322625305609
88517690690729
79038884254510
83143204626730
89628158829646
87561524792600
76306687906325
84952572608673
74737276202285
76819314758885
85061095203265
81494975080693
79345835626458
83461211128104
74513635975746
75836833566786
87429946306134
78530279281386
91770414414501
89946687972342
86185298745801
82564756159401
90618919593714
81626830625706
85460851178949
89094647317229
83016859077250
84292328314750
87348766571181
85477932662782
81122029329065
85844732776489
78949949804165
78835406334545
83701782298102
80358888208937
83104739896458
84456366921744
78278467601826
77524499613906
86344675308894
78160311447666
87323402448325
85943753940086
82648886041633
79540399972513
86825236285002
79160011086794
78695257844341
95098524250945
83134210946377
94142746326397
94142746326397
99164303209333
77876520205926
92716565535894
81761025487926
88215237902046
92368860685424
94307691387750
81965855514437
92344864281805
81935695298202
86813406155202
94332887879993
92837213071602
90115499157137
95686380228977
88815716586042
90715136645562
94619991844177
93306596106306
74629343062801
90660760966429
79272457067293
89964261800953
89964261800953
95296385349253
73929028067821
87765267096157
75109294727101
77489455560121
85017097835538
82980673259477
77427521069406
87228709846097
74792270299205
75633817134125
86318544759498
80745626725985
85376533679286
90715136645562
81662464191125
79623025899185
86921119119198
81205002812713
77618382755945
91767054702385
80813894796190
86878845760870
91020541206441
92720905183638
73005281387522
86349854269138
73045546529642
74472867388322
82909656824428
80309921815826
81931993633393
87675652096038
74675901296642
75201847929842
90711607220309
78674484756122
89638889551558
91478656337988
81886171914976
79296189260416
91650400144265
79760428879698
80813894796190
91020541206441
80560757748988
85539740438908
92565261852269
91322772154382
75899402109845
85680897952893
73146040501205
73818172775405
84222661470865
78969458400313
79622692386141
84444964094018
72790150974246
72753252368886
86811218571773
75536365292286
93032076255138
91994449892724
85277109538041
80036763621441
90441778980281
78798125424606
86878845760870
92720905183638
85539740438908
87827281587388
91322772154382
90271788960844
81482303236985
87460539842449
78152148083885
76666882654265
83666378339662
78533541535577
84295133346261
86406982828178
77330867776326
75184269801606
86587884771113
75805339703766
89452986777994
88750335390436
82448348360953
77614737739633
87352102970873
76852660505654
76762937392201
93182242379029
81515651035093
92470499348353
92470499348353
97963320032533
76573474104062
91428411199950
79189479465302
83478865913102
90032026091576
90143456350326
80539297595173
90969257792677
79562843877198
82451858335518
91845466888553
88556743737678
88729347828673
94619991844177
86797997949558
86921119119198
92709534332413
89494927766186
73950663772921
91689615647573
79876751598389
91488501707609
91488501707609
98117876857201
73045900331221
88905538707941
73945947116821
76016537087521
85709552006690
83810613449389
77668492793054
88724384980241
75062795390293
75910626608413
87713845330602
82334083909513
86445906698654
93306596106306
82989653032093
81205002812713
89494927766186
84028810591093
78145740447905
92790016086049
80212081740006
84241667434206
90963014966141
90798389505594
73029682676461
87948190266917
72942501714961
74244069823261
84142220412758
81541303268797
83418903964633
87338142862934
74057415441421
74686645948621
92971683195029
76898248624561
91569766416714
91650400144265
82312353033678
79760428879698
94594413850993
78827179913477
81173631443178
91791866060833
80042138463261
83099089146081
92264496643044
89132652002202
76514478046866
87409742754401
73709677554246
74355659580006
85777854898470
80453509040777
81372997275401
84370102262866
72707236367045
72673633467725
89134562983417
74016537811205
94786575259446
91808539108693
85886387279838
80549283676818
93116140729909
77527829053265
87288106770018
93655856180286
85369242251841
85903212566481
91419955668798
88443134927121
82797921359586
89998431688362
79494051169926
78030437040126
86016899428848
80833650288882
86450011674761
86791698227326
78092027681405
75902895582485
89481670245277
75057654673265
91776589913658
89082499373593
83924343805218
78887453545518
90343772438213
76185730776913
80782283560813
93217098249293
82927439503098
88445422964418
92077105814293
93098807735358
76556875460105
89307923711137
77833138027565
80960536976105
87342028212526
86520653351321
84666623249802
89904189066768
79347742058586
81505395032106
94341367118862
84982743660546
91770414414501
93032076255138
86185298745801
85277109538041
94786575259446
85886387279838
78145740447905
92790016086049
81173631443178
87288106770018
91791866060833
93655856180286
73525052448605
87422048635957
73431305245865
74781593786405
83847771161326
81276908475461
81828385050437
87674075372370
74955147076206
75467102950926
90297883672961
78958052296566
89946687972342
91994449892724
82564756159401
80036763621441
91808539108693
80549283676818
78070721883377
92567866736233
79557760445838
83077657234638
90377497659305
89936133270534
73197064544161
88018321160009
72586997626621
73478206027561
83861331514694
80957166541393
82312564153177
85755606267278
73185856564981
73441627768021
90954779226797
75136591902361
90618919593714
90441778980281
81626830625706
78798125424606
93116140729909
77527829053265
88298470380793
93602516355926
82983186011713
85317816897553
97746021979266
88740484487114
83705160414073
89404081213242
76774943698933
77062863728173
91300866793601
80256232317854
84264206646289
86887966555670
74827829957521
74415214148521
91436311109861
75218268061561
103384200761161
94608415115909
94608415115909
83559695816969
94807169908373
77500472411461
93602516355926
95063870390833
87976296262638
87408121464138
96400106525737
87928095004393
89569412282538
91793259629393
82348502597478
80061703343778
91167017781697
80442318184573
89742760354326
89402044012736
80707548331022
77809953614222
91712858111730
76215601727402
99911374257313
91904750788633
92119486549633
81697187575213
92503506557689
76412119266001
82209092662454
91170800711153
80884783987873
85441778239333
92091097007116
90272911918834
77743167802986
87172976239733
76409998800246
78958865260566
87289721738798
84084619826661
80647372772117
85238725802842
75968611045085
77750499536885
89290098757369
80830522557665
93837944747404
92329368255542
88209311459308
84980161581988
92623692538578
84089251994950
80212081740006
90963014966141
80042138463261
85369242251841
92264496643044
91419955668798
75379052998146
85730384087993
72973762401006
73905489522126
84208634204198
79397280879441
78843601803973
84015208034905
72473748562865
72692826667265
86280583737033
75731266381445
92329368255542
91717963846829
84980161581988
80196504168268
89960627718501
79048959910810
79557760445838
90377497659305
78493417617016
81524592733516
90504770697588
87666491943598
75172474816742
86320456919489
72471283570502
73112868282662
84357668327898
79309685052433
79609885185866
82587879946468
71387940488402
71359167780002
87252258366058
72646605997922
92623692538578
89960627718501
84089251994950
79048959910810
91199817358525
76123061084705
82983186011713
87976296262638
78520934916365
80710775325365
91888706310222
84012719119926
79311189247925
84658758537438
73184722166705
73365122659505
86363428095977
76364338945626
80145804749957
82593897481158
72045333998461
71505515559061
86754735941377
72126516290221
97139473885333
89433159463573
89433159463573
79356429595033
89917568984869
74180347522021
97746021979266
96400106525737
91888706310222
88950942316602
96269454453437
87966037308317
94086748698042
93740253084413
86669509698102
82111277632482
91545113246665
80867119425377
93932862281490
91196375709344
85174617066906
80058488762106
92200085216574
76836607923846
99372428622253
91720521205897
91870900655377
81655219780717
92441109356545
76646488892761
85854876708014
90140833636842
83378004821893
85122438447253
88016937721466
86339800379845
80987204202906
86374886086434
79107545944086
79546306955406
84172688068584
81207127437978
82900900499177
84705850692982
78179468040305
77930751204665
86506292360809
78809531418305
87299542881262
86135406302721
82612323718390
79877347040890
86612172999449
79454481342249
84241667434206
90798389505594
83099089146081
85903212566481
89132652002202
88443134927121
79106446195266
85734948390474
76341701487246
75450598688166
82123947269904
77545305084018
81731768569813
84321663057085
75357853272485
73752023972645
84556804590573
74637450457685
86959141460180
86593436547166
80465271816310
76154526355210
85055148329609
75408952999029
83077657234638
89936133270534
81524592733516
82476720939496
87666491943598
85121660371672
78937742304302
86596831386822
76013600222222
74970233627462
82649729523140
77944171911918
82488794542346
83231847114028
74715254660642
72934415135042
85998336047218
72392220276602
87721180811568
85439374876842
80430505558448
75845902266488
86627721434342
73344101954286
85317816897553
87408121464138
80710775325365
80783963235005
88950942316602
81779775482106
82074538433525
84799648655898
75933319961705
74298048154745
84497230009157
75121987569006
82602768337037
82869425377878
75034001346661
72748076146021
85184502832057
71636868919621
92217867963913
85418101537873
85555221323353
76366012726933
86246774087569
72093311125561
88740484487114
87928095004393
84012719119926
81779775482106
87966037308317
81374477244485
86124559508466
86212874869701
79922197152726
76099319397306
84382303249273
75405366042305
86279974414578
84231948035056
79333034207762
74944962031442
85243335216566
72431449587542
90742333542613
84723171196745
84915024812705
76298899829285
85972326974537
72858733394161
79700346496921
88544903347625
80339923795682
86415170003402
87135736392185
88215237902046
74182036353661
83291642177173
75868207874641
80346205819261
82702009732566
83105798577725
79794492733806
85471090024808
76273036911542
79605627341942
88445422964418
83451802142222
85460851178949
86878845760870
81122029329065
81482303236985
87288106770018
82797921359586
74177960149081
85286666368777
76341659193366
83166576710046
84451693994717
86813406155202
71259548268421
81786763467133
72681584432401
75760207725421
80438208702846
79675808504285
76717528907705
83143204626730
73346058362282
75330773433482
85441778239333
79378900551362
83016859077250
85539740438908
78949949804165
78152148083885
85369242251841
79494051169926
72788823365221
83491539332893
74800750707542
79605627341942
82766991037933
83744442062238
69460050046621
80685294569669
70465075382281
73035524191621
78918858059054
78051562151053
76885945297085
81516600271686
72122225683441
73880264941681
85916598629953
77103633638821
83104739896458
84295133346261
78278467601826
77330867776326
86450011674761
78092027681405
81190415207174
87150096004580
77819163051846
81516600271686
89904189066768
85528118215328
76974411015786
83461211128104
73706316094866
75594928847106
85238725802842
79621888637168
77705211370398
81746805354740
73179400012022
74448064999622
85688736519222
77093208985142
93602516355926
89569412282538
87976296262638
82348502597478
89742760354326
80707548331022
85764994876637
87675652096038
81465560246409
82374085349289
87674075372370
83684820453130
81465560246409
84444964094018
77718532111629
77356304493309
84015208034905
78713991107950
81435875780961
82769303434402
76980870010985
76163718990905
84727535530061
76832156479145
89404081213242
86004512570538
84658758537438
79666159222278
86583287384154
78758376473586
78213147234661
91899122424373
81398313446058
89473968273618
91162048363493
94307691387750
74494022229245
87690441420277
77522848197905
83105798577725
87185565414902
88816289889149
81525418317258
89320107852288
79235596898958
83744442062238
93098807735358
89067579279798
89094647317229
92720905183638
85844732776489
87460539842449
93655856180286
89998431688362
73929028067821
87765267096157
77427521069406
85376533679286
87228709846097
90715136645562
70903346704561
83240654200873
71380332529741
73150099556761
80390742200886
78169714289705
76864458423545
84292328314750
72293312076242
72996371945042
85122438447253
77319577114922
84292328314750
87827281587388
78835406334545
76666882654265
85903212566481
78030437040126
73005281387522
86349854269138
75899402109845
81482303236985
85680897952893
87460539842449
68816239974661
81584941677869
68712742850521
69936746577061
78303499978454
75917816495293
76976631645606
82374085349289
70450981814281
70943913700321
85305488433734
74317258050061
84456366921744
86406982828178
77524499613906
75184269801606
86791698227326
75902895582485
81931993633393
89638889551558
79622692386141
84295133346261
93032076255138
89452986777994
76976631645606
84456366921744
72501166773486
73080191289726
84705850692982
77359616969528
78053887799776
82769303434402
71556815056022
71524502615222
85142668068636
74235540824342
95063870390833
91793259629393
87408121464138
80061703343778
89402044012736
77809953614222
87675652096038
91478656337988
84444964094018
86406982828178
91994449892724
88750335390436
82374085349289
86406982828178
77356304493309
75669099619989
84321663057085
77122288579630
82769303434402
84802371069514
76163718990905
73975043007425
85039184776242
74592216358865
91793259629393
89029881178269
84799648655898
77941331974338
86947466073056
76345555086066
75583454428621
89696453320957
79198713116646
87357099937326
89205883536857
92837213071602
73033101323522
86388599657938
75023334414842
78719252455682
84952241775036
84903241831122
79643614676290
87561524792600
76736707566968
79445159522528
90272911918834
84687908992328
87348766571181
91322772154382
83701782298102
83666378339662
91419955668798
86016899428848
73045900331221
88905538707941
77668492793054
86445906698654
88724384980241
93306596106306
70161836749861
84628819597757
70680036801361
72437554071661
81533705076158
79612994372797
76994349481569
85477932662782
72653733301446
73517780611206
86339800379845
78805260932526
85477932662782
90271788960844
80358888208937
78533541535577
88443134927121
80833650288882
73525052448605
87422048635957
75379052998146
79106446195266
85730384087993
85734948390474
69172728233161
83423761643729
69018014512021
70197092074561
79833373736534
77450012182633
78406661483473
82087108422134
70108443242581
70667184761221
87359343403229
72718442385961
86344675308894
86587884771113
78160311447666
75805339703766
89481670245277
75057654673265
81828385050437
89946687972342
78843601803973
81731768569813
92329368255542
86959141460180
77516685019325
85943753940086
73043082985025
73687084922945
86135406302721
78708333984430
79598824517066
82566627643108
71381297192402
71345746922402
87217744460458
72622988730722
96400106525737
91167017781697
87928095004393
80442318184573
91712858111730
76215601727402
87674075372370
91994449892724
84015208034905
84321663057085
91717963846829
86593436547166
83684820453130
88750335390436
78713991107950
77122288579630
86593436547166
79314667502188
84727535530061
85039184776242
76832156479145
74592216358865
87668938939341
73723172629505
93740253084413
88924045891977
86212874869701
79097855416401
89595122594390
75339977205486
75023117993161
87896556087073
77720398310222
83451802142222
87252293798833
89067579279798
71586754573261
84716647376789
73279171882921
76599698425861
83184356549534
83052584661613
79861989087066
85528118215328
75483529441322
78011384513882
90241571551878
82033308250682
87323402448325
89452986777994
82648886041633
82448348360953
91776589913658
83924343805218
73029682676461
87948190266917
76514478046866
82797921359586
87409742754401
89998431688362
69172728233161
83423761643729
69438348325021
70975694989561
80257901602814
78304818927793
77516685019325
83684820453130
71606766293702
72426618419462
86536464956473
76350286841462
85943753940086
88750335390436
79540399972513
77614737739633
89082499373593
78887453545518
73197064544161
88018321160009
75172474816742
78937742304302
86320456919489
86596831386822
69510824787601
84650198576761
69311187616861
70438659975001
80921598194070
78611087778929
78168511085585
81924598592526
70408426939741
70914200945581
87149006414773
72884749870801
86825236285002
87352102970873
79160011086794
76852660505654
90343772438213
76185730776913
83705160414073
89569412282538
79311189247925
82074538433525
94086748698042
86124559508466
79842022859525
86004512570538
73797631450385
74418804378185
88202421075317
78123704583006
80807456429477
83856906663198
72639436095181
72511213723381
88526660542537
73658045024101
99911374257313
92119486549633
91904750788633
81697187575213
92503506557689
76412119266001
89404081213242
91793259629393
84658758537438
84799648655898
93740253084413
86212874869701
86004512570538
89029881178269
79666159222278
77941331974338
88924045891977
79097855416401
86583287384154
86947466073056
78758376473586
76345555086066
89595122594390
75339977205486
97662801546605
90516546822641
90516546822641
80839632875261
91294491998849
76286267609825
85123749495629
91664820221322
81720182582113
85916598629953
94341367118862
90241571551878
80331670206733
87429946306134
77308738234393
79666215618433
89290098757369
84030078371178
81106445026657
85688736519222
76628247594665
78350705335265
89788891056629
81418046251505
97746021979266
94086748698042
91888706310222
86669509698102
93932862281490
85174617066906
83418903964633
91569766416714
81372997275401
86450011674761
94786575259446
91776589913658
78406661483473
86344675308894
74329554465733
75143031536173
86506292360809
79631485808178
79598824517066
84727535530061
73334292932705
73501550052305
87006805563542
76497346870745
96400106525737
93740253084413
88950942316602
82111277632482
91196375709344
80058488762106
82312564153177
90618919593714
79609885185866
82488794542346
92623692538578
87721180811568
78168511085585
86825236285002
73898809403585
74495545786985
86612172999449
79537448983938
80350707981161
83298605467906
72280228620965
72188384112365
87902814750937
73396168797605
96269454453437
91545113246665
87966037308317
80867119425377
92200085216574
76836607923846
84264206646289
89742760354326
80145804749957
82602768337037
93932862281490
86279974414578
80807456429477
86583287384154
74914278554897
75215895910577
88436481303353
78515002378398
81964119025865
84662595903006
74173757365801
73672803417601
88954224767893
74383644229561
99372428622253
91870900655377
91720521205897
81655219780717
92441109356545
76646488892761
103384200761161
99911374257313
97139473885333
92217867963913
99372428622253
90742333542613
99911374257313
97662801546605
92217867963913
85603609281493
94673844425546
83577888729853
99372428622253
94673844425546
90742333542613
83577888729853
95221531671797
79295724539233
103767777913609
95911721272249
95911721272249
85278451769269
96614508210973
80050474885501
88385291234910
90711607220309
83991075525194
85305488433734
90297883672961
86536464956473
83387588148734
86811218571773
79892388207914
80000330988854
86280583737033
81369408815113
83386338775778
85142668068636
78904510049226
78520657013226
87006805563542
79397540712606
91300866793601
88202421075317
86363428095977
81799383078797
88436481303353
80967110804825
87338142862934
91650400144265
84370102262866
86791698227326
91808539108693
89082499373593
82087108422134
86587884771113
77638326498914
76439703737054
84556804590573
77953774613773
82566627643108
85039184776242
76297240778826
74528067952026
85253551902772
75367612530606
91167017781697
88924045891977
84497230009157
78242387411777
86758938981286
76781609005505
85755606267278
90441778980281
82587879946468
83231847114028
89960627718501
85439374876842
81924598592526
87352102970873
77406954986946
76138161389406
85055148329609
78359878715601
83298605467906
83913901830168
75681275533266
73732572211266
86593570449934
73077306253446
91545113246665
87340636100026
84382303249273
77840752475833
88096017538049
74394824017685
86887966555670
89402044012736
82593897481158
82869425377878
91196375709344
84231948035056
83856906663198
86947466073056
77925334266078
76336216901598
86758938981286
77456541415336
84662595903006
85118557118520
77407880427182
75090370458662
87546948378406
74066535891542
94673844425546
88069931100746
88068446377226
78895222432946
89009143533098
74830248819242
94608415115909
91904750788633
89433159463573
85418101537873
91720521205897
84723171196745
92119486549633
90516546822641
85555221323353
79851246626653
88068446377226
78582806759585
91870900655377
88069931100746
84915024812705
78654432886985
88796427188801
75295462184165
95911721272249
89611892591477
89695293659357
80579330447297
90895253665625
76923319580401
80756255724601
86096385689882
76646308332061
81025258458781
85732549550886
83478865913102
73842625263241
79997786514606
72242556318901
75760207725421
80817895617125
78719252455682
73448546148901
78149616420062
70148096093821
73035524191621
80960536976105
76599698425861
85854876708014
84241667434206
80987204202906
79106446195266
83077657234638
78937742304302
74857655016361
82422947354298
72989186906945
78524622460865
83052416636658
82451858335518
71030664453601
78542477925726
69916603290661
72410869452781
78823650807125
75966003080882
71270240859962
76819314758885
68099287387081
69815701719481
78958865260566
73512302761921
83378004821893
83099089146081
79107545944086
76341701487246
81524592733516
76013600222222
72199369746001
79862684813886
71260474722362
75330773433482
80835672807730
79445159522528
68619774146881
76971267668294
67544653038241
69815701719481
77038421755929
74297393861406
71501388554945
75594928847106
67403340123781
68971870806781
79666215618433
71920958251621
82900900499177
81731768569813
78179468040305
75357853272485
82488794542346
74715254660642
73052084130661
78649211135582
70235084543881
73880264941681
81505395032106
78011384513882
69652931795041
75836833566786
67004293564381
68971870806781
77750499536885
73062369727622
70411593399781
74448064999622
67033572574501
68462034543901
78350705335265
71253458139061
85317816897553
82074538433525
80710775325365
75933319961705
82602768337037
75034001346661
88385291234910
87338142862934
83387588148734
82087108422134
85755606267278
81924598592526
83991075525194
84370102262866
79892388207914
77638326498914
82587879946468
77406954986946
83386338775778
82566627643108
78904510049226
76297240778826
83298605467906
75681275533266
86887966555670
83856906663198
82593897481158
77925334266078
84662595903006
77407880427182
79898101684741
89330633665506
78640539031337
85317965980457
90212425268094
90143456350326
74785176232265
84369521476846
74786338066565
79675808504285
85715658243341
84903241831122
76029110763365
82941656364686
73904609021413
78051562151053
86520653351321
83052584661613
90140833636842
90798389505594
86374886086434
85734948390474
89936133270534
86596831386822
75109294727101
85017097835538
74792270299205
81662464191125
86318544759498
86921119119198
71380332529741
80390742200886
69632543318401
70995701342521
79305409558445
75122890813322
72293312076242
78835406334545
67929536033221
68455982335621
79546306955406
72337125062461
85122438447253
85903212566481
79546306955406
75450598688166
82476720939496
74970233627462
73045546529642
82909656824428
73146040501205
78152148083885
84222661470865
83666378339662
68712742850521
78303499978454
66756084037681
67796311194121
76909138638189
72748973171886
72501166773486
77356304493309
66599063641021
66968612111821
80000330988854
70015838708461
84705850692982
84321663057085
77930751204665
73752023972645
83231847114028
72934415135042
74675901296642
81886171914976
72790150974246
77330867776326
85277109538041
82448348360953
70450981814281
77524499613906
66599063641021
67292561816221
77930751204665
71520805412342
71556815056022
76163718990905
66194557145461
66330924151861
78520657013226
69094016036821
87408121464138
84799648655898
80783963235005
74298048154745
82869425377878
72748076146021
90711607220309
91650400144265
86811218571773
86587884771113
90441778980281
87352102970873
85305488433734
86791698227326
80000330988854
76439703737054
83231847114028
76138161389406
85142668068636
85039184776242
78520657013226
74528067952026
83913901830168
73732572211266
89402044012736
86947466073056
82869425377878
76336216901598
85118557118520
75090370458662
76423750771501
86542689897618
76099998688805
83140244434325
87919218058338
88556743737678
73083202587242
82948871180908
72675200249042
75966003080882
83447792184622
81305521817060
74400412743605
81494975080693
71774893604646
74297393861406
84084619826661
79145420163846
88016937721466
89132652002202
84172688068584
82123947269904
87666491943598
82649729523140
73945947116821
85709552006690
75062795390293
82989653032093
87713845330602
89494927766186
70680036801361
81533705076158
69314190857221
70911994562221
80432509308021
76702678436898
72653733301446
80358888208937
68702433681245
69533025392525
81207127437978
74357223040085
86339800379845
88443134927121
81207127437978
77545305084018
85121660371672
77944171911918
73431305245865
83847771161326
72973762401006
76341701487246
84208634204198
82123947269904
69438348325021
80257901602814
67551799067581
68646737447221
78682543414269
74561908412166
74329554465733
77638326498914
67023163058521
67445274832321
82452491772749
69230250008761
86506292360809
84556804590573
78809531418305
74637450457685
85998336047218
72392220276602
74955147076206
82564756159401
72473748562865
75357853272485
84980161581988
80465271816310
71606766293702
79540399972513
67774614091202
68527652853602
79877347040890
73361832320465
73334292932705
76297240778826
66637691794261
66715949114461
80688204619513
68052491431021
88950942316602
84497230009157
81779775482106
75121987569006
85184502832057
71636868919621
90297883672961
91808539108693
86280583737033
84556804590573
89960627718501
85055148329609
86536464956473
89082499373593
81369408815113
77953774613773
85439374876842
78359878715601
87006805563542
85253551902772
79397540712606
75367612530606
86593570449934
73077306253446
91196375709344
86758938981286
84231948035056
77456541415336
87546948378406
74066535891542
74615652544141
84037505688606
74311368032642
79378900551362
85339643962570
84687908992328
70867113069721
80745844497614
70455704438281
73512302761921
81220281976689
79145420163846
74466903285486
79621888637168
70714621206422
73062369727622
84030078371178
76810828373462
87299542881262
86959141460180
82612323718390
80465271816310
87721180811568
80430505558448
72942501714961
84142220412758
73709677554246
79494051169926
85777854898470
86016899428848
69018014512021
79833373736534
67551799067581
68990545673221
78682543414269
75003106858206
73043082985025
78713991107950
67774614091202
68530610844002
81369408815113
72148119072242
86135406302721
86593436547166
79877347040890
76154526355210
85439374876842
75845902266488
72586997626621
83861331514694
72471283570502
76013600222222
84357668327898
82649729523140
69311187616861
80921598194070
67516303153141
68642507215981
79313933848157
75337063544054
73898809403585
77406954986946
67150473692581
67603087989181
82251384940033
69430097182501
86612172999449
85055148329609
79454481342249
75408952999029
86627721434342
73344101954286
76774943698933
82348502597478
73184722166705
75933319961705
86669509698102
79922197152726
73797631450385
79666159222278
68662922083565
69360043154765
81799383078797
72961771632066
74914278554897
77925334266078
68218211149201
68170934993401
82308901315837
69361808394961
92217867963913
85555221323353
85418101537873
76366012726933
86246774087569
72093311125561
91300866793601
91167017781697
86363428095977
84497230009157
91545113246665
84382303249273
88202421075317
88924045891977
81799383078797
78242387411777
87340636100026
77840752475833
88436481303353
86758938981286
80967110804825
76781609005505
88096017538049
74394824017685
94673844425546
88068446377226
88069931100746
78895222432946
89009143533098
74830248819242
75134451724201
81889823659862
72529759631821
77103633638821
84982743660546
82033308250682
71241090417481
78530279281386
69114035713621
71920958251621
80830522557665
76810828373462
72103485541621
77093208985142
69008430525661
71253458139061
81418046251505
74905291501021
88740484487114
86124559508466
84012719119926
79922197152726
86279974414578
79333034207762
74057415441421
82312353033678
72707236367045
78092027681405
85886387279838
83924343805218
70108443242581
78160311447666
67023163058521
68304172129321
78809531418305
73221984197822
71381297192402
76832156479145
66637691794261
67314245338261
79397540712606
70792560019621
87928095004393
86212874869701
81779775482106
76099319397306
84231948035056
74944962031442
73185856564981
81626830625706
71387940488402
74715254660642
84089251994950
80430505558448
70408426939741
79160011086794
67150473692581
68218284744181
79454481342249
73650110310066
72280228620965
75681275533266
66348487566001
66716280487801
80300641713613
68422779990361
87966037308317
84382303249273
81374477244485
75405366042305
85243335216566
72431449587542
74827829957521
80707548331022
72045333998461
75034001346661
85174617066906
79333034207762
72639436095181
78758376473586
68218211149201
69040399356001
80967110804825
72869386098662
74173757365801
77407880427182
68668998731401
68672751514321
81761581015445
69959044676281
90742333542613
84915024812705
84723171196745
76298899829285
85972326974537
72858733394161
94608415115909
92119486549633
89433159463573
85555221323353
91870900655377
84915024812705
91904750788633
90516546822641
85418101537873
79851246626653
88069931100746
78654432886985
91720521205897
88068446377226
84723171196745
78582806759585
88796427188801
75295462184165
95911721272249
89695293659357
89611892591477
80579330447297
90895253665625
76923319580401
93608686869481
92971683195029
88267271372009
87359343403229
90954779226797
87149006414773
88267271372009
89134562983417
84245535712529
82452491772749
87252258366058
82251384940033
87597713349857
87217744460458
82868691320593
80688204619513
87902814750937
80300641713613
91436311109861
88526660542537
86754735941377
82308901315837
88954224767893
81761581015445
92971683195029
94594413850993
89134562983417
89481670245277
93116140729909
90343772438213
87359343403229
89481670245277
82452491772749
79415242138169
85998336047218
79232501539213
87217744460458
87668938939341
80688204619513
77143791982633
86593570449934
76618635742933
91712858111730
89595122594390
85184502832057
78973110142717
87546948378406
77741299132085
90954779226797
93116140729909
87252258366058
85998336047218
91199817358525
86627721434342
87149006414773
90343772438213
82251384940033
79232501539213
86627721434342
79856841223661
87902814750937
86593570449934
80300641713613
76618635742933
88167233792765
74615262691633
92200085216574
88096017538049
85243335216566
78752676084146
88910717066465
75466885799765
91436311109861
91712858111730
86754735941377
85184502832057
92200085216574
85243335216566
88526660542537
89595122594390
82308901315837
78973110142717
88096017538049
78752676084146
88954224767893
87546948378406
81761581015445
77741299132085
88910717066465
75466885799765
95221531671797
88796427188801
88796427188801
79751503949981
89858444486369
75937334244545
94807169908373
92503506557689
89917568984869
86246774087569
92441109356545
85972326974537
92503506557689
91294491998849
86246774087569
80810141104069
89009143533098
79953657622097
92441109356545
89009143533098
85972326974537
79953657622097
89858444486369
76990776460637
96614508210973
90895253665625
90895253665625
82216813256045
92513410518197
79280570094421
83455363882021
82852306169761
76897403294581
77489455560121
78543773430121
76016537087521
75037084681861
76442952618245
72205107994621
73150099556761
74511992073122
72437554071661
73118173269421
74472867388322
69243216549421
69936746577061
74781593786405
70975694989561
75724759627561
74244069823261
71641134418261
70197092074561
73478206027561
70438659975001
76897403294581
79602899580257
73240669477865
75633817134125
76673138599325
75910626608413
72205107994621
75527304494285
70440993646381
70995701342521
73632615738242
70911994562221
71266261319162
73818172775405
67847254634281
67796311194121
73905489522126
68990545673221
74588603211842
74355659580006
70949741553121
68646737447221
73112868282662
68642507215981
73118173269421
76483461639485
71266261319162
72996371945042
74803802019005
73517780611206
69243216549421
73841016650773
67847254634281
68455982335621
71966808270486
69533025392525
71359484759705
73080191289726
67383394402981
67292561816221
75143031536173
68304172129321
74623210488126
73687084922945
70868996204822
68527652853602
74495545786985
68218284744181
72887845825981
75201847929842
69493629886681
70943913700321
75467102950926
72426618419462
69493629886681
72753252368886
66671102202781
66968612111821
72692826667265
68530610844002
69707205184981
71524502615222
66499587306901
66330924151861
73501550052305
67314245338261
77062863728173
74418804378185
73365122659505
69360043154765
75215895910577
69040399356001
75363003938521
74686645948621
71333103229321
70667184761221
73441627768021
70914200945581
72046305197221
72673633467725
68935622753821
67445274832321
71359167780002
67603087989181
71578085613421
71345746922402
68505368115061
66715949114461
72188384112365
66716280487801
74415214148521
72511213723381
71505515559061
68170934993401
73672803417601
68672751514321
82852306169761
87154558926605
79602899580257
82980673259477
84121100436677
83810613449389
76442952618245
81744927942101
75527304494285
78169714289705
80347477563026
79612994372797
76483461639485
80309921815826
73841016650773
75917816495293
81276908475461
78304818927793
80844840248105
81541303268797
77699411106493
77450012182633
80957166541393
78611087778929
77489455560121
82980673259477
75633817134125
79623025899185
80745626725985
81205002812713
73150099556761
78169714289705
70995701342521
70707422922661
75122890813322
71105685575161
72996371945042
76666882654265
68455982335621
67375928387461
75450598688166
68715621618961
77319577114922
78030437040126
72337125062461
68715621618961
74970233627462
68471451203401
74472867388322
80309921815826
73818172775405
76666882654265
78969458400313
78533541535577
69936746577061
75917816495293
67796311194121
67375928387461
72748973171886
68905864805405
73080191289726
75669099619989
67292561816221
66134461840861
76439703737054
67251683253361
77359616969528
77122288579630
71520805412342
67828613321522
76138161389406
67287799802701
75201847929842
79296189260416
72753252368886
75184269801606
80036763621441
77614737739633
70943913700321
75184269801606
66968612111821
66134461840861
73752023972645
67828613321522
71524502615222
73975043007425
66330924151861
64972723600621
74528067952026
65944338920821
80061703343778
77941331974338
74298048154745
68568063579005
76336216901598
67571558199361
78674484756122
79760428879698
75536365292286
75805339703766
78798125424606
76852660505654
74317258050061
75902895582485
70015838708461
67251683253361
72934415135042
67287799802701
74235540824342
74592216358865
69094016036821
65944338920821
73732572211266
65710470161161
77809953614222
76345555086066
72748076146021
67571558199361
75090370458662
67330311916081
78543773430121
84121100436677
76673138599325
80745626725985
81845140619585
82334083909513
74511992073122
80347477563026
73632615738242
75122890813322
78635781259216
76702678436898
74803802019005
78969458400313
71966808270486
72748973171886
79397280879441
75003106858206
79343231291465
80453509040777
76124826184806
74561908412166
79309685052433
75337063544054
76016537087521
83810613449389
75910626608413
81205002812713
82334083909513
84028810591093
72437554071661
79612994372797
70911994562221
71105685575161
76702678436898
73273443970877
73517780611206
78533541535577
69533025392525
68905864805405
77545305084018
71252992392665
78805260932526
80833650288882
74357223040085
71252992392665
77944171911918
71836460168713
74781593786405
81276908475461
73905489522126
75450598688166
79397280879441
77545305084018
70975694989561
78304818927793
68990545673221
68715621618961
75003106858206
71252992392665
75143031536173
76439703737054
68304172129321
67251683253361
79415242138169
67347752877661
79631485808178
77953774613773
73221984197822
69495025614602
79232501539213
67569770190601
75467102950926
80036763621441
72692826667265
73752023972645
80196504168268
76154526355210
72426618419462
77614737739633
68530610844002
67828613321522
76154526355210
70174916000105
73501550052305
74528067952026
67314245338261
65944338920821
77143791982633
65707580419021
82111277632482
78242387411777
76099319397306
70151644649046
78973110142717
67257071811361
78958052296566
80549283676818
75731266381445
74637450457685
79048959910810
75408952999029
76350286841462
78887453545518
72148119072242
69495025614602
75845902266488
70158612416286
76497346870745
75367612530606
70792560019621
67551414101821
76618635742933
65916700788961
80058488762106
76781609005505
74944962031442
69474844211942
77741299132085
67216905156361
75724759627561
80844840248105
74588603211842
77319577114922
79343231291465
78805260932526
71641134418261
77699411106493
70949741553121
72337125062461
76124826184806
74357223040085
74623210488126
77359616969528
70868996204822
71520805412342
79631485808178
73221984197822
78834976833189
78708333984430
75034213112225
73361832320465
79537448983938
73650110310066
74244069823261
81541303268797
74355659580006
78030437040126
80453509040777
80833650288882
70197092074561
77450012182633
68646737447221
68715621618961
74561908412166
71252992392665
73687084922945
77122288579630
68527652853602
67828613321522
77953774613773
69495025614602
78708333984430
79314667502188
73361832320465
70174916000105
78359878715601
70158612416286
73478206027561
80957166541393
73112868282662
74970233627462
79309685052433
77944171911918
70438659975001
78611087778929
68642507215981
68471451203401
75337063544054
71836460168713
74495545786985
76138161389406
68218284744181
67287799802701
79232501539213
67569770190601
79537448983938
78359878715601
73650110310066
70158612416286
79856841223661
68550732882425
77062863728173
80061703343778
73365122659505
74298048154745
82111277632482
76099319397306
74418804378185
77941331974338
69360043154765
68568063579005
78242387411777
70151644649046
75215895910577
76336216901598
69040399356001
67571558199361
78973110142717
67257071811361
85603609281493
79851246626653
79851246626653
71801111600233
80810141104069
68417069854501
80256232317854
80442318184573
76364338945626
75121987569006
80867119425377
75405366042305
78123704583006
79097855416401
72961771632066
70151644649046
77840752475833
70154344509485
78515002378398
77456541415336
72869386098662
69474844211942
78752676084146
67791480287642
83577888729853
78582806759585
78654432886985
71216882084765
79953657622097
68681855505001
75363003938521
78674484756122
72046305197221
74317258050061
78958052296566
76350286841462
71333103229321
75536365292286
68935622753821
70015838708461
75731266381445
72148119072242
71578085613421
74235540824342
68505368115061
69094016036821
76497346870745
70792560019621
80256232317854
78123704583006
76364338945626
72961771632066
78515002378398
72869386098662
74686645948621
79760428879698
72673633467725
75902895582485
80549283676818
78887453545518
70667184761221
75805339703766
67445274832321
67251683253361
74637450457685
69495025614602
71345746922402
74592216358865
66715949114461
65944338920821
75367612530606
67551414101821
80442318184573
79097855416401
75121987569006
70151644649046
77456541415336
69474844211942
73441627768021
78798125424606
71359167780002
72934415135042
79048959910810
75845902266488
70914200945581
76852660505654
67603087989181
67287799802701
75408952999029
70158612416286
72188384112365
73732572211266
66716280487801
65710470161161
76618635742933
65916700788961
80867119425377
77840752475833
75405366042305
70154344509485
78752676084146
67791480287642
74415214148521
77809953614222
71505515559061
72748076146021
80058488762106
74944962031442
72511213723381
76345555086066
68170934993401
67571558199361
76781609005505
69474844211942
73672803417601
75090370458662
68672751514321
67330311916081
77741299132085
67216905156361
83577888729853
78654432886985
78582806759585
71216882084765
79953657622097
68681855505001
83559695816969
81697187575213
79356429595033
76366012726933
81655219780717
76298899829285
81697187575213
80839632875261
76366012726933
71801111600233
78895222432946
71216882084765
81655219780717
78895222432946
76298899829285
71216882084765
79751503949981
68868953155145
85278451769269
80579330447297
80579330447297
73239054872837
82216813256045
71097860211421
77000206353661
76898248624561
72789083278861
72718442385961
75136591902361
72884749870801
72789083278861
74016537811205
69993381539461
69230250008761
72646605997922
69430097182501
72233990806261
72622988730722
69142187222821
68052491431021
73396168797605
68422779990361
75218268061561
73658045024101
72126516290221
69361808394961
74383644229561
69959044676281
76898248624561
78827179913477
74016537811205
75057654673265
77527829053265
76185730776913
72718442385961
75057654673265
69230250008761
67347752877661
72392220276602
67569770190601
72622988730722
73723172629505
68052491431021
65707580419021
73077306253446
65916700788961
76215601727402
75339977205486
71636868919621
67257071811361
74066535891542
67216905156361
75136591902361
77527829053265
72646605997922
72392220276602
76123061084705
73344101954286
72884749870801
76185730776913
69430097182501
67569770190601
73344101954286
68550732882425
73396168797605
73077306253446
68422779990361
65916700788961
74615262691633
64924473816901
76836607923846
74394824017685
72431449587542
67791480287642
75466885799765
66099646720201
75218268061561
76215601727402
72126516290221
71636868919621
76836607923846
72431449587542
73658045024101
75339977205486
69361808394961
67257071811361
74394824017685
67791480287642
74383644229561
74066535891542
69959044676281
67216905156361
75466885799765
66099646720201
79295724539233
75295462184165
75295462184165
68868953155145
76990776460637
67364500551421
77500472411461
76412119266001
74180347522021
72093311125561
76646488892761
72858733394161
76412119266001
76286267609825
72093311125561
68417069854501
74830248819242
68681855505001
76646488892761
74830248819242
72858733394161
68681855505001
75937334244545
67364500551421
80050474885501
76923319580401
76923319580401
71097860211421
79280570094421
70744881559861
