10 1 11 12 13 15 9 8 7 6 5 4 3 2 14 
10 15 9 8 7 6 5 4 3 1 11 12 13 14 2 
11 1 12 13 15 10 9 8 7 6 5 4 3 2 14 
11 15 10 9 8 7 6 5 4 3 1 12 13 14 2 
12 1 13 15 11 10 9 8 7 6 5 4 3 2 14 
12 15 11 10 9 8 7 6 5 4 3 1 13 14 2 
13 1 15 12 11 10 9 8 7 6 5 4 3 2 14 
13 15 12 11 10 9 8 7 6 5 4 3 1 14 2 
14 15 13 12 11 10 9 8 7 6 5 4 3 1 2 
14 2 15 13 12 11 10 9 8 7 6 5 4 1 3 
14 2 3 15 13 12 11 10 9 8 7 6 5 1 4 
14 2 3 4 15 13 12 11 10 9 8 7 6 1 5 
14 2 3 4 5 15 13 12 11 10 9 8 7 1 6 
14 2 3 4 5 6 15 13 12 11 10 9 8 1 7 
14 2 3 4 5 6 7 15 13 12 11 10 9 1 8 
14 2 3 4 5 6 7 8 15 13 12 11 10 1 9 
14 2 3 4 5 6 7 8 9 10 11 12 15 1 13 
14 2 3 4 5 6 7 8 9 10 11 15 13 1 12 
14 2 3 4 5 6 7 8 9 10 15 13 12 1 11 
14 2 3 4 5 6 7 8 9 15 13 12 11 1 10 
2 1 3 4 5 6 7 8 9 10 11 12 13 15 14 
2 14 1 3 4 5 6 7 8 9 10 11 12 15 13 
2 14 13 1 3 4 5 6 7 8 9 10 11 15 12 
2 14 13 12 1 3 4 5 6 7 8 9 10 15 11 
2 14 13 12 11 1 3 4 5 6 7 8 9 15 10 
2 14 13 12 11 10 1 3 4 5 6 7 8 15 9 
2 14 13 12 11 10 9 1 3 4 5 6 7 15 8 
2 14 13 12 11 10 9 8 1 3 4 5 6 15 7 
2 14 13 12 11 10 9 8 7 1 3 4 5 15 6 
2 14 13 12 11 10 9 8 7 6 1 3 4 15 5 
2 14 13 12 11 10 9 8 7 6 5 1 3 15 4 
2 14 13 12 11 10 9 8 7 6 5 4 1 15 3 
3 1 4 5 6 7 8 9 10 11 12 13 15 2 14 
3 15 1 4 5 6 7 8 9 10 11 12 13 14 2 
4 1 5 6 7 8 9 10 11 12 13 15 3 2 14 
4 15 3 1 5 6 7 8 9 10 11 12 13 14 2 
5 1 6 7 8 9 10 11 12 13 15 4 3 2 14 
5 15 4 3 1 6 7 8 9 10 11 12 13 14 2 
6 1 7 8 9 10 11 12 13 15 5 4 3 2 14 
6 15 5 4 3 1 7 8 9 10 11 12 13 14 2 
7 1 8 9 10 11 12 13 15 6 5 4 3 2 14 
7 15 6 5 4 3 1 8 9 10 11 12 13 14 2 
8 1 9 10 11 12 13 15 7 6 5 4 3 2 14 
8 15 7 6 5 4 3 1 9 10 11 12 13 14 2 
9 1 10 11 12 13 15 8 7 6 5 4 3 2 14 
9 15 8 7 6 5 4 3 1 10 11 12 13 14 2 
