10 11 9 8 7 6 5 4 3 1 2 
10 2 11 9 8 7 6 5 4 1 3 
10 2 3 11 9 8 7 6 5 1 4 
10 2 3 4 11 9 8 7 6 1 5 
10 2 3 4 5 11 9 8 7 1 6 
10 2 3 4 5 6 11 9 8 1 7 
10 2 3 4 5 6 7 11 9 1 8 
10 2 3 4 5 6 7 8 11 1 9 
2 1 3 4 5 6 7 8 9 11 10 
2 10 1 3 4 5 6 7 8 11 9 
2 10 9 1 3 4 5 6 7 11 8 
2 10 9 8 1 3 4 5 6 11 7 
2 10 9 8 7 1 3 4 5 11 6 
2 10 9 8 7 6 1 3 4 11 5 
2 10 9 8 7 6 5 1 3 11 4 
2 10 9 8 7 6 5 4 1 11 3 
3 1 4 5 6 7 8 9 11 2 10 
3 11 1 4 5 6 7 8 9 10 2 
4 1 5 6 7 8 9 11 3 2 10 
4 11 3 1 5 6 7 8 9 10 2 
5 1 6 7 8 9 11 4 3 2 10 
5 11 4 3 1 6 7 8 9 10 2 
6 1 7 8 9 11 5 4 3 2 10 
6 11 5 4 3 1 7 8 9 10 2 
7 1 8 9 11 6 5 4 3 2 10 
7 11 6 5 4 3 1 8 9 10 2 
8 1 9 11 7 6 5 4 3 2 10 
8 11 7 6 5 4 3 1 9 10 2 
9 1 11 8 7 6 5 4 3 2 10 
9 11 8 7 6 5 4 3 1 10 2 
