2 1 3 4 5 6 7 8 10 9 
2 9 1 3 4 5 6 7 10 8 
2 9 8 1 3 4 5 6 10 7 
2 9 8 7 1 3 4 5 10 6 
2 9 8 7 6 1 3 4 10 5 
2 9 8 7 6 5 1 3 10 4 
2 9 8 7 6 5 4 1 10 3 
3 1 4 5 6 7 8 10 2 9 
3 10 1 4 5 6 7 8 9 2 
4 1 5 6 7 8 10 3 2 9 
4 10 3 1 5 6 7 8 9 2 
5 1 6 7 8 10 4 3 2 9 
5 10 4 3 1 6 7 8 9 2 
6 1 7 8 10 5 4 3 2 9 
6 10 5 4 3 1 7 8 9 2 
7 1 8 10 6 5 4 3 2 9 
7 10 6 5 4 3 1 8 9 2 
8 1 10 7 6 5 4 3 2 9 
8 10 7 6 5 4 3 1 9 2 
9 2 3 4 5 6 7 10 1 8 
9 2 3 4 5 6 10 8 1 7 
9 2 3 4 5 10 8 7 1 6 
9 2 3 4 10 8 7 6 1 5 
9 2 3 10 8 7 6 5 1 4 
9 2 10 8 7 6 5 4 1 3 
9 10 8 7 6 5 4 3 1 2 
