2 1 3 4 5 6 7 8 9 10 12 11 
2 11 1 3 4 5 6 7 8 9 12 10 
2 11 10 1 3 4 5 6 7 8 12 9 
2 11 10 9 1 3 4 5 6 7 12 8 
2 11 10 9 8 1 3 4 5 6 12 7 
2 11 10 9 8 7 1 3 4 5 12 6 
2 11 10 9 8 7 6 1 3 4 12 5 
2 11 10 9 8 7 6 5 1 3 12 4 
2 11 10 9 8 7 6 5 4 1 12 3 
3 1 4 5 6 7 8 9 10 12 2 11 
3 12 1 4 5 6 7 8 9 10 11 2 
4 1 5 6 7 8 9 10 12 3 2 11 
4 12 3 1 5 6 7 8 9 10 11 2 
5 1 6 7 8 9 10 12 4 3 2 11 
5 12 4 3 1 6 7 8 9 10 11 2 
6 1 7 8 9 10 12 5 4 3 2 11 
6 12 5 4 3 1 7 8 9 10 11 2 
7 1 8 9 10 12 6 5 4 3 2 11 
7 12 6 5 4 3 1 8 9 10 11 2 
8 1 9 10 12 7 6 5 4 3 2 11 
8 12 7 6 5 4 3 1 9 10 11 2 
9 1 10 12 8 7 6 5 4 3 2 11 
9 12 8 7 6 5 4 3 1 10 11 2 
10 1 12 9 8 7 6 5 4 3 2 11 
10 12 9 8 7 6 5 4 3 1 11 2 
11 2 3 4 5 6 7 8 9 12 1 10 
11 2 3 4 5 6 7 8 12 10 1 9 
11 2 3 4 5 6 7 12 10 9 1 8 
11 2 3 4 5 6 12 10 9 8 1 7 
11 2 3 4 5 12 10 9 8 7 1 6 
11 2 3 4 12 10 9 8 7 6 1 5 
11 2 3 12 10 9 8 7 6 5 1 4 
11 2 12 10 9 8 7 6 5 4 1 3 
11 12 10 9 8 7 6 5 4 3 1 2 
