2 1 3 4 5 6 7 8 9 10 11 13 12 
2 12 1 3 4 5 6 7 8 9 10 13 11 
2 12 11 1 3 4 5 6 7 8 9 13 10 
2 12 11 10 1 3 4 5 6 7 8 13 9 
2 12 11 10 9 1 3 4 5 6 7 13 8 
2 12 11 10 9 8 1 3 4 5 6 13 7 
2 12 11 10 9 8 7 1 3 4 5 13 6 
2 12 11 10 9 8 7 6 1 3 4 13 5 
2 12 11 10 9 8 7 6 5 1 3 13 4 
2 12 11 10 9 8 7 6 5 4 1 13 3 
3 1 4 5 6 7 8 9 10 11 13 2 12 
3 13 1 4 5 6 7 8 9 10 11 12 2 
4 1 5 6 7 8 9 10 11 13 3 2 12 
4 13 3 1 5 6 7 8 9 10 11 12 2 
5 1 6 7 8 9 10 11 13 4 3 2 12 
5 13 4 3 1 6 7 8 9 10 11 12 2 
6 1 7 8 9 10 11 13 5 4 3 2 12 
6 13 5 4 3 1 7 8 9 10 11 12 2 
7 1 8 9 10 11 13 6 5 4 3 2 12 
7 13 6 5 4 3 1 8 9 10 11 12 2 
8 1 9 10 11 13 7 6 5 4 3 2 12 
8 13 7 6 5 4 3 1 9 10 11 12 2 
9 1 10 11 13 8 7 6 5 4 3 2 12 
9 13 8 7 6 5 4 3 1 10 11 12 2 
10 1 11 13 9 8 7 6 5 4 3 2 12 
10 13 9 8 7 6 5 4 3 1 11 12 2 
11 1 13 10 9 8 7 6 5 4 3 2 12 
11 13 10 9 8 7 6 5 4 3 1 12 2 
12 2 3 4 5 6 7 8 9 10 13 1 11 
12 2 3 4 5 6 7 8 9 13 11 1 10 
12 2 3 4 5 6 7 8 13 11 10 1 9 
12 2 3 4 5 6 7 13 11 10 9 1 8 
12 2 3 4 5 6 13 11 10 9 8 1 7 
12 2 3 4 5 13 11 10 9 8 7 1 6 
12 2 3 4 13 11 10 9 8 7 6 1 5 
12 2 3 13 11 10 9 8 7 6 5 1 4 
12 2 13 11 10 9 8 7 6 5 4 1 3 
12 13 11 10 9 8 7 6 5 4 3 1 2 
