10 1 11 12 14 9 8 7 6 5 4 3 2 13 
10 14 9 8 7 6 5 4 3 1 11 12 13 2 
11 1 12 14 10 9 8 7 6 5 4 3 2 13 
11 14 10 9 8 7 6 5 4 3 1 12 13 2 
12 1 14 11 10 9 8 7 6 5 4 3 2 13 
12 14 11 10 9 8 7 6 5 4 3 1 13 2 
13 14 12 11 10 9 8 7 6 5 4 3 1 2 
13 2 14 12 11 10 9 8 7 6 5 4 1 3 
13 2 3 14 12 11 10 9 8 7 6 5 1 4 
13 2 3 4 14 12 11 10 9 8 7 6 1 5 
13 2 3 4 5 14 12 11 10 9 8 7 1 6 
13 2 3 4 5 6 14 12 11 10 9 8 1 7 
13 2 3 4 5 6 7 14 12 11 10 9 1 8 
13 2 3 4 5 6 7 8 14 12 11 10 1 9 
13 2 3 4 5 6 7 8 9 10 11 14 1 12 
13 2 3 4 5 6 7 8 9 10 14 12 1 11 
13 2 3 4 5 6 7 8 9 14 12 11 1 10 
2 1 3 4 5 6 7 8 9 10 11 12 14 13 
2 13 1 3 4 5 6 7 8 9 10 11 14 12 
2 13 12 1 3 4 5 6 7 8 9 10 14 11 
2 13 12 11 1 3 4 5 6 7 8 9 14 10 
2 13 12 11 10 1 3 4 5 6 7 8 14 9 
2 13 12 11 10 9 1 3 4 5 6 7 14 8 
2 13 12 11 10 9 8 1 3 4 5 6 14 7 
2 13 12 11 10 9 8 7 1 3 4 5 14 6 
2 13 12 11 10 9 8 7 6 1 3 4 14 5 
2 13 12 11 10 9 8 7 6 5 1 3 14 4 
2 13 12 11 10 9 8 7 6 5 4 1 14 3 
3 1 4 5 6 7 8 9 10 11 12 14 2 13 
3 14 1 4 5 6 7 8 9 10 11 12 13 2 
4 1 5 6 7 8 9 10 11 12 14 3 2 13 
4 14 3 1 5 6 7 8 9 10 11 12 13 2 
5 1 6 7 8 9 10 11 12 14 4 3 2 13 
5 14 4 3 1 6 7 8 9 10 11 12 13 2 
6 1 7 8 9 10 11 12 14 5 4 3 2 13 
6 14 5 4 3 1 7 8 9 10 11 12 13 2 
7 1 8 9 10 11 12 14 6 5 4 3 2 13 
7 14 6 5 4 3 1 8 9 10 11 12 13 2 
8 1 9 10 11 12 14 7 6 5 4 3 2 13 
8 14 7 6 5 4 3 1 9 10 11 12 13 2 
9 1 10 11 12 14 8 7 6 5 4 3 2 13 
9 14 8 7 6 5 4 3 1 10 11 12 13 2 
