10 1 11 12 13 14 15 16 18 9 8 7 6 5 4 3 2 17 
10 18 9 8 7 6 5 4 3 1 11 12 13 14 15 16 17 2 
11 1 12 13 14 15 16 18 10 9 8 7 6 5 4 3 2 17 
11 18 10 9 8 7 6 5 4 3 1 12 13 14 15 16 17 2 
12 1 13 14 15 16 18 11 10 9 8 7 6 5 4 3 2 17 
12 18 11 10 9 8 7 6 5 4 3 1 13 14 15 16 17 2 
13 1 14 15 16 18 12 11 10 9 8 7 6 5 4 3 2 17 
13 18 12 11 10 9 8 7 6 5 4 3 1 14 15 16 17 2 
14 1 15 16 18 13 12 11 10 9 8 7 6 5 4 3 2 17 
14 18 13 12 11 10 9 8 7 6 5 4 3 1 15 16 17 2 
15 1 16 18 14 13 12 11 10 9 8 7 6 5 4 3 2 17 
15 18 14 13 12 11 10 9 8 7 6 5 4 3 1 16 17 2 
16 1 18 15 14 13 12 11 10 9 8 7 6 5 4 3 2 17 
16 18 15 14 13 12 11 10 9 8 7 6 5 4 3 1 17 2 
17 18 16 15 14 13 12 11 10 9 8 7 6 5 4 3 1 2 
17 2 18 16 15 14 13 12 11 10 9 8 7 6 5 4 1 3 
17 2 3 18 16 15 14 13 12 11 10 9 8 7 6 5 1 4 
17 2 3 4 18 16 15 14 13 12 11 10 9 8 7 6 1 5 
17 2 3 4 5 18 16 15 14 13 12 11 10 9 8 7 1 6 
17 2 3 4 5 6 18 16 15 14 13 12 11 10 9 8 1 7 
17 2 3 4 5 6 7 18 16 15 14 13 12 11 10 9 1 8 
17 2 3 4 5 6 7 8 18 16 15 14 13 12 11 10 1 9 
17 2 3 4 5 6 7 8 9 10 11 12 13 14 15 18 1 16 
17 2 3 4 5 6 7 8 9 10 11 12 13 14 18 16 1 15 
17 2 3 4 5 6 7 8 9 10 11 12 13 18 16 15 1 14 
17 2 3 4 5 6 7 8 9 10 11 12 18 16 15 14 1 13 
17 2 3 4 5 6 7 8 9 10 11 18 16 15 14 13 1 12 
17 2 3 4 5 6 7 8 9 10 18 16 15 14 13 12 1 11 
17 2 3 4 5 6 7 8 9 18 16 15 14 13 12 11 1 10 
2 1 3 4 5 6 7 8 9 10 11 12 13 14 15 16 18 17 
2 17 1 3 4 5 6 7 8 9 10 11 12 13 14 15 18 16 
2 17 16 1 3 4 5 6 7 8 9 10 11 12 13 14 18 15 
2 17 16 15 1 3 4 5 6 7 8 9 10 11 12 13 18 14 
2 17 16 15 14 1 3 4 5 6 7 8 9 10 11 12 18 13 
2 17 16 15 14 13 1 3 4 5 6 7 8 9 10 11 18 12 
2 17 16 15 14 13 12 1 3 4 5 6 7 8 9 10 18 11 
2 17 16 15 14 13 12 11 1 3 4 5 6 7 8 9 18 10 
2 17 16 15 14 13 12 11 10 1 3 4 5 6 7 8 18 9 
2 17 16 15 14 13 12 11 10 9 1 3 4 5 6 7 18 8 
2 17 16 15 14 13 12 11 10 9 8 1 3 4 5 6 18 7 
2 17 16 15 14 13 12 11 10 9 8 7 1 3 4 5 18 6 
2 17 16 15 14 13 12 11 10 9 8 7 6 1 3 4 18 5 
2 17 16 15 14 13 12 11 10 9 8 7 6 5 1 3 18 4 
2 17 16 15 14 13 12 11 10 9 8 7 6 5 4 1 18 3 
3 1 4 5 6 7 8 9 10 11 12 13 14 15 16 18 2 17 
3 18 1 4 5 6 7 8 9 10 11 12 13 14 15 16 17 2 
4 1 5 6 7 8 9 10 11 12 13 14 15 16 18 3 2 17 
4 18 3 1 5 6 7 8 9 10 11 12 13 14 15 16 17 2 
5 1 6 7 8 9 10 11 12 13 14 15 16 18 4 3 2 17 
5 18 4 3 1 6 7 8 9 10 11 12 13 14 15 16 17 2 
6 1 7 8 9 10 11 12 13 14 15 16 18 5 4 3 2 17 
6 18 5 4 3 1 7 8 9 10 11 12 13 14 15 16 17 2 
7 1 8 9 10 11 12 13 14 15 16 18 6 5 4 3 2 17 
7 18 6 5 4 3 1 8 9 10 11 12 13 14 15 16 17 2 
8 1 9 10 11 12 13 14 15 16 18 7 6 5 4 3 2 17 
8 18 7 6 5 4 3 1 9 10 11 12 13 14 15 16 17 2 
9 1 10 11 12 13 14 15 16 18 8 7 6 5 4 3 2 17 
9 18 8 7 6 5 4 3 1 10 11 12 13 14 15 16 17 2 
