10 1 11 12 13 14 15 17 9 8 7 6 5 4 3 2 16 
10 17 9 8 7 6 5 4 3 1 11 12 13 14 15 16 2 
11 1 12 13 14 15 17 10 9 8 7 6 5 4 3 2 16 
11 17 10 9 8 7 6 5 4 3 1 12 13 14 15 16 2 
12 1 13 14 15 17 11 10 9 8 7 6 5 4 3 2 16 
12 17 11 10 9 8 7 6 5 4 3 1 13 14 15 16 2 
13 1 14 15 17 12 11 10 9 8 7 6 5 4 3 2 16 
13 17 12 11 10 9 8 7 6 5 4 3 1 14 15 16 2 
14 1 15 17 13 12 11 10 9 8 7 6 5 4 3 2 16 
14 17 13 12 11 10 9 8 7 6 5 4 3 1 15 16 2 
15 1 17 14 13 12 11 10 9 8 7 6 5 4 3 2 16 
15 17 14 13 12 11 10 9 8 7 6 5 4 3 1 16 2 
16 17 15 14 13 12 11 10 9 8 7 6 5 4 3 1 2 
16 2 17 15 14 13 12 11 10 9 8 7 6 5 4 1 3 
16 2 3 17 15 14 13 12 11 10 9 8 7 6 5 1 4 
16 2 3 4 17 15 14 13 12 11 10 9 8 7 6 1 5 
16 2 3 4 5 17 15 14 13 12 11 10 9 8 7 1 6 
16 2 3 4 5 6 17 15 14 13 12 11 10 9 8 1 7 
16 2 3 4 5 6 7 17 15 14 13 12 11 10 9 1 8 
16 2 3 4 5 6 7 8 17 15 14 13 12 11 10 1 9 
16 2 3 4 5 6 7 8 9 10 11 12 13 14 17 1 15 
16 2 3 4 5 6 7 8 9 10 11 12 13 17 15 1 14 
16 2 3 4 5 6 7 8 9 10 11 12 17 15 14 1 13 
16 2 3 4 5 6 7 8 9 10 11 17 15 14 13 1 12 
16 2 3 4 5 6 7 8 9 10 17 15 14 13 12 1 11 
16 2 3 4 5 6 7 8 9 17 15 14 13 12 11 1 10 
2 1 3 4 5 6 7 8 9 10 11 12 13 14 15 17 16 
2 16 1 3 4 5 6 7 8 9 10 11 12 13 14 17 15 
2 16 15 1 3 4 5 6 7 8 9 10 11 12 13 17 14 
2 16 15 14 1 3 4 5 6 7 8 9 10 11 12 17 13 
2 16 15 14 13 1 3 4 5 6 7 8 9 10 11 17 12 
2 16 15 14 13 12 1 3 4 5 6 7 8 9 10 17 11 
2 16 15 14 13 12 11 1 3 4 5 6 7 8 9 17 10 
2 16 15 14 13 12 11 10 1 3 4 5 6 7 8 17 9 
2 16 15 14 13 12 11 10 9 1 3 4 5 6 7 17 8 
2 16 15 14 13 12 11 10 9 8 1 3 4 5 6 17 7 
2 16 15 14 13 12 11 10 9 8 7 1 3 4 5 17 6 
2 16 15 14 13 12 11 10 9 8 7 6 1 3 4 17 5 
2 16 15 14 13 12 11 10 9 8 7 6 5 1 3 17 4 
2 16 15 14 13 12 11 10 9 8 7 6 5 4 1 17 3 
3 1 4 5 6 7 8 9 10 11 12 13 14 15 17 2 16 
3 17 1 4 5 6 7 8 9 10 11 12 13 14 15 16 2 
4 1 5 6 7 8 9 10 11 12 13 14 15 17 3 2 16 
4 17 3 1 5 6 7 8 9 10 11 12 13 14 15 16 2 
5 1 6 7 8 9 10 11 12 13 14 15 17 4 3 2 16 
5 17 4 3 1 6 7 8 9 10 11 12 13 14 15 16 2 
6 1 7 8 9 10 11 12 13 14 15 17 5 4 3 2 16 
6 17 5 4 3 1 7 8 9 10 11 12 13 14 15 16 2 
7 1 8 9 10 11 12 13 14 15 17 6 5 4 3 2 16 
7 17 6 5 4 3 1 8 9 10 11 12 13 14 15 16 2 
8 1 9 10 11 12 13 14 15 17 7 6 5 4 3 2 16 
8 17 7 6 5 4 3 1 9 10 11 12 13 14 15 16 2 
9 1 10 11 12 13 14 15 17 8 7 6 5 4 3 2 16 
9 17 8 7 6 5 4 3 1 10 11 12 13 14 15 16 2 
