10 1 11 12 13 14 16 9 8 7 6 5 4 3 2 15 
10 16 9 8 7 6 5 4 3 1 11 12 13 14 15 2 
11 1 12 13 14 16 10 9 8 7 6 5 4 3 2 15 
11 16 10 9 8 7 6 5 4 3 1 12 13 14 15 2 
12 1 13 14 16 11 10 9 8 7 6 5 4 3 2 15 
12 16 11 10 9 8 7 6 5 4 3 1 13 14 15 2 
13 1 14 16 12 11 10 9 8 7 6 5 4 3 2 15 
13 16 12 11 10 9 8 7 6 5 4 3 1 14 15 2 
14 1 16 13 12 11 10 9 8 7 6 5 4 3 2 15 
14 16 13 12 11 10 9 8 7 6 5 4 3 1 15 2 
15 16 14 13 12 11 10 9 8 7 6 5 4 3 1 2 
15 2 16 14 13 12 11 10 9 8 7 6 5 4 1 3 
15 2 3 16 14 13 12 11 10 9 8 7 6 5 1 4 
15 2 3 4 16 14 13 12 11 10 9 8 7 6 1 5 
15 2 3 4 5 16 14 13 12 11 10 9 8 7 1 6 
15 2 3 4 5 6 16 14 13 12 11 10 9 8 1 7 
15 2 3 4 5 6 7 16 14 13 12 11 10 9 1 8 
15 2 3 4 5 6 7 8 16 14 13 12 11 10 1 9 
15 2 3 4 5 6 7 8 9 10 11 12 13 16 1 14 
15 2 3 4 5 6 7 8 9 10 11 12 16 14 1 13 
15 2 3 4 5 6 7 8 9 10 11 16 14 13 1 12 
15 2 3 4 5 6 7 8 9 10 16 14 13 12 1 11 
15 2 3 4 5 6 7 8 9 16 14 13 12 11 1 10 
2 1 3 4 5 6 7 8 9 10 11 12 13 14 16 15 
2 15 1 3 4 5 6 7 8 9 10 11 12 13 16 14 
2 15 14 1 3 4 5 6 7 8 9 10 11 12 16 13 
2 15 14 13 1 3 4 5 6 7 8 9 10 11 16 12 
2 15 14 13 12 1 3 4 5 6 7 8 9 10 16 11 
2 15 14 13 12 11 1 3 4 5 6 7 8 9 16 10 
2 15 14 13 12 11 10 1 3 4 5 6 7 8 16 9 
2 15 14 13 12 11 10 9 1 3 4 5 6 7 16 8 
2 15 14 13 12 11 10 9 8 1 3 4 5 6 16 7 
2 15 14 13 12 11 10 9 8 7 1 3 4 5 16 6 
2 15 14 13 12 11 10 9 8 7 6 1 3 4 16 5 
2 15 14 13 12 11 10 9 8 7 6 5 1 3 16 4 
2 15 14 13 12 11 10 9 8 7 6 5 4 1 16 3 
3 1 4 5 6 7 8 9 10 11 12 13 14 16 2 15 
3 16 1 4 5 6 7 8 9 10 11 12 13 14 15 2 
4 1 5 6 7 8 9 10 11 12 13 14 16 3 2 15 
4 16 3 1 5 6 7 8 9 10 11 12 13 14 15 2 
5 1 6 7 8 9 10 11 12 13 14 16 4 3 2 15 
5 16 4 3 1 6 7 8 9 10 11 12 13 14 15 2 
6 1 7 8 9 10 11 12 13 14 16 5 4 3 2 15 
6 16 5 4 3 1 7 8 9 10 11 12 13 14 15 2 
7 1 8 9 10 11 12 13 14 16 6 5 4 3 2 15 
7 16 6 5 4 3 1 8 9 10 11 12 13 14 15 2 
8 1 9 10 11 12 13 14 16 7 6 5 4 3 2 15 
8 16 7 6 5 4 3 1 9 10 11 12 13 14 15 2 
9 1 10 11 12 13 14 16 8 7 6 5 4 3 2 15 
9 16 8 7 6 5 4 3 1 10 11 12 13 14 15 2 
