244 8
49 452
293 16
98 104
537 4
342 8
196 20
1 3432
1025 2
245 48
50 136
489 8
294 8
733 8
148 16
1416 4
197 56
2 1822
392 2
441 16
246 56
100 48
149 92
978 8
588 4
198 80
637 4
442 24
52 112
101 200
540 8
345 8
150 144
589 8
248 8
53 444
882 2
492 8
297 32
102 232
1565 4
346 48
980 2
785 4
200 32
5 2688
834 8
444 8
249 16
54 296
493 2
298 24
737 8
152 24
786 8
201 32
6 2520
1469 4
250 32
445 24
689 4
104 84
738 8
348 40
153 16
202 56
641 16
56 204
690 8
300 28
105 24
349 32
154 56
593 4
398 8
8 260
642 8
252 12
57 96
1081 4
301 88
106 112
545 10
350 8
155 24
594 16
204 16
9 384
1033 8
448 4
253 136
58 336
546 12
156 16
985 12
400 4
205 36
10 520
449 20
254 8
498 48
108 120
352 8
157 32
401 56
206 40
450 24
60 156
1913 4
304 16
938 8
548 8
353 24
158 24
792 8
402 16
256 16
61 156
1085 4
305 28
110 136
1134 8
354 40
208 20
13 2100
1037 16
257 92
62 256
1086 8
306 48
745 8
550 10
160 24
989 4
794 8
209 72
14 832
258 44
941 8
746 8
356 8
990 8
1429 4
210 32
405 8
64 8
893 8
308 4
113 260
357 16
162 56
16 216
260 8
65 156
894 8
504 4
309 4
114 216
748 4
553 32
358 24
1577 8
797 4
602 32
212 4
17 956
261 16
66 248
505 32
2797 2
164 8
408 24
213 32
18 1688
457 8
262 24
701 4
506 24
116 64
750 8
360 16
165 8
409 24
214 24
458 8
68 68
702 8
117 40
361 24
166 48
605 8
20 208
849 2
264 20
69 52
313 56
118 24
557 24
606 8
21 572
850 4
2069 2
460 12
265 76
70 56
314 8
558 16
168 16
412 4
217 40
22 352
266 24
1729 8
510 16
120 56
949 20
754 8
364 16
169 80
413 8
218 32
462 16
72 16
901 8
121 48
950 8
365 8
170 24
414 16
24 152
658 16
268 8
73 470
122 104
366 80
805 16
220 12
25 256
1878 8
464 8
269 20
74 22
513 8
318 48
172 40
416 16
221 8
26 448
660 8
270 64
1733 4
514 8
124 88
758 8
368 8
173 24
222 40
661 16
76 104
905 8
125 92
174 112
613 4
418 8
28 338
857 6
272 8
77 188
321 40
126 232
565 4
370 16
1394 4
29 692
468 8
273 8
78 200
517 16
176 16
810 16
225 12
30 248
469 36
713 4
518 24
128 8
762 8
372 48
1201 16
177 72
421 8
226 64
3493 2
470 8
80 16
714 24
324 16
1153 8
373 32
178 48
617 20
422 32
32 2
81 240
325 18
130 8
569 10
374 8
618 56
228 48
33 140
277 28
82 32
521 16
765 8
180 36
424 12
229 8
34 132
278 16
522 8
132 16
961 4
181 36
425 16
230 28
84 128
133 152
377 8
426 32
36 80
280 16
85 144
524 12
329 8
134 76
37 560
1061 8
476 4
281 44
86 152
330 40
769 4
184 8
233 36
38 384
2281 4
477 16
282 60
136 24
380 20
185 108
429 8
234 32
88 8
332 16
576 4
186 184
625 8
40 16
674 4
284 8
89 224
333 16
138 220
577 16
382 24
821 16
626 8
236 8
41 568
870 8
285 32
90 146
529 32
334 8
188 20
42 976
286 32
725 8
140 8
774 8
189 8
1213 4
628 8
433 8
238 56
92 32
726 8
141 36
1409 8
385 32
190 16
824 4
629 12
44 32
873 4
678 24
288 16
93 8
1117 8
532 4
337 8
142 48
581 8
386 8
191 4
240 24
45 32
484 8
289 32
94 168
533 8
582 8
192 40
241 12
46 428
290 32
144 48
973 8
193 120
437 16
242 16
1705 8
486 8
96 24
925 4
145 152
389 24
194 40
438 8
48 228
682 8
292 16
97 320
1121 4
536 8
341 24
146 152
780 4
390 16
195 4
