1658 32
49 2620
4974 8
3365 16
98 944
1756 8
196 292
1854 88
245 652
294 344
1952 8
343 16
2001 16
392 24
441 208
490 200
2148 12
3806 8
539 32
2197 8
588 104
5513 8
3904 8
637 120
3953 16
686 68
7269 8
4002 8
2393 8
784 40
2442 32
833 68
7416 8
882 48
2540 16
4198 8
931 4
980 100
1029 16
1078 8
4394 8
2785 16
1176 32
2834 16
1225 40
4541 8
1274 56
2981 8
3030 24
1421 24
1470 72
8053 8
4786 8
1568 8
3226 8
1617 32
8 1400
1666 28
3324 8
57 696
4982 8
3373 12
106 872
3422 8
155 224
1813 48
204 416
1862 32
253 960
5178 8
3569 8
302 184
1960 24
3618 8
2009 16
400 176
2058 64
449 292
498 648
2156 24
2205 32
596 48
2254 8
645 48
694 40
4010 8
743 8
2401 8
792 144
5717 8
2450 16
841 80
4157 4
890 64
2597 8
988 20
2646 8
4304 8
1037 268
9229 8
1086 232
4402 8
1184 32
6109 8
1233 24
1282 16
2940 24
1380 132
3038 8
1429 76
4745 12
1478 24
3185 12
1576 40
3234 4
1625 40
16 1084
1674 96
65 1104
3381 16
114 1760
1821 8
212 188
5137 8
1870 24
10062 8
261 220
3577 8
310 232
1968 8
6893 8
3626 8
2017 28
408 304
5333 4
2066 24
3724 8
457 152
3773 8
506 288
2164 20
3822 8
2213 12
604 52
2262 16
653 48
702 216
2360 16
4018 8
800 8
5725 12
849 56
9041 8
898 48
2556 12
996 76
2654 12
1045 72
4361 8
1094 56
2801 24
1192 16
14309 8
2850 8
1241 32
1290 96
2997 8
3046 8
1437 8
4753 8
1486 40
3144 16
1535 8
3193 8
1584 24
4900 16
1633 32
24 952
1682 16
3340 8
73 3060
11581 4
122 1120
1780 40
3438 8
1829 16
220 256
5145 8
1878 136
269 228
3585 8
318 768
416 184
2074 16
465 56
514 208
2172 88
2221 24
612 104
5537 16
2270 8
3928 8
661 176
710 32
2368 24
2417 4
808 16
2466 16
857 212
7440 16
906 88
7489 8
955 32
1004 8
2662 8
1053 36
5978 8
4369 8
1102 56
2760 8
1200 88
2858 16
1249 40
1298 56
2956 4
4614 8
1347 16
3005 4
1396 16
3054 24
1445 16
1494 96
3152 8
6517 16
3250 8
1641 16
32 24
1690 16
3348 8
81 1688
8273 8
3397 16
130 232
1788 28
6713 8
1837 32
228 728
1886 8
277 400
5202 16
326 8
3642 8
424 168
13541 4
2082 56
473 52
522 288
2180 16
2229 16
620 16
3936 8
669 32
5594 8
718 40
2376 8
767 8
2425 24
7350 8
816 12
2474 8
865 80
914 8
2572 16
2621 16
1012 32
2670 16
1061 200
1110 104
1159 4
1208 56
1306 16
3013 24
1404 56
3062 8
1453 8
6378 8
1502 40
3258 16
1649 8
40 168
1698 88
89 1832
138 2024
1796 8
3454 8
1845 16
236 144
5161 16
1894 16
3552 8
285 328
3601 8
334 184
2041 32
432 80
5357 16
2090 40
481 24
530 112
2188 8
3846 8
579 8
2237 12
628 144
2286 16
677 32
8869 8
2335 8
726 232
2433 8
824 64
873 68
4189 8
922 56
2629 16
1020 64
2678 16
1069 80
4385 8
1118 42
2776 8
4434 24
1167 8
2825 8
1216 32
2874 8
1265 120
1314 80
2972 12
1412 16
1461 48
4777 8
1510 32
3168 8
4826 8
1608 56
6533 8
3266 8
1657 40
48 1592
3364 8
97 2160
5022 8
8289 8
3413 20
146 1312
1804 4
3462 24
195 40
1853 8
244 264
1902 48
293 328
3609 8
342 152
2000 16
440 40
2098 8
3756 44
489 128
2147 8
538 72
2196 16
2245 20
7170 8
636 128
5561 8
685 56
734 128
2392 8
4050 16
2441 32
832 44
2490 16
881 32
930 88
2588 24
1028 56
2686 8
1077 32
1126 40
2784 8
19217 4
2833 16
1224 16
2882 32
1273 40
1322 40
3029 16
1420 8
3078 16
1469 88
9661 4
1518 80
4834 8
11417 4
1616 28
1665 16
56 1512
4981 8
1714 44
105 376
3421 16
154 704
1812 40
3470 8
1861 28
252 196
1910 8
301 940
3617 8
350 224
2008 8
3666 32
2057 8
448 112
2106 32
497 68
546 280
2204 8
10396 4
3862 8
595 4
2253 8
644 64
693 32
4009 16
742 40
7325 16
2449 8
840 40
5765 24
2498 24
889 72
938 168
2596 16
4254 8
2645 8
1036 48
2694 8
1085 88
1134 176
2792 8
7717 12
6108 8
1232 24
4548 8
1281 24
4597 8
1330 16
2988 8
7913 12
3037 8
1428 40
3086 8
1477 72
6402 8
1526 8
3233 16
1624 8
3282 8
1673 28
9865 8
64 96
1722 56
3380 4
113 2028
162 728
1820 16
3478 16
260 156
5185 8
1918 16
309 132
3625 8
358 416
2016 12
407 32
2065 24
6990 16
456 48
5381 8
2114 8
505 412
3821 8
554 144
2212 24
2261 8
652 24
2310 8
701 64
750 256
2408 8
18841 4
10649 8
848 80
897 64
4213 24
946 24
2604 32
1044 104
5969 16
2702 8
1093 48
6018 16
1142 16
2800 8
2849 32
1240 56
2898 8
4556 8
1289 32
1338 40
2996 16
12846 8
7970 8
1436 56
9677 4
1485 16
1534 40
3241 8
8166 8
1632 40
3290 16
1681 72
72 160
4997 8
1730 24
3388 8
121 560
170 336
1828 16
1877 24
268 208
1926 56
317 116
366 992
2024 8
415 8
2073 8
464 252
2122 32
513 144
562 36
2220 8
3878 8
2269 16
660 232
2318 8
709 112
758 192
856 24
2514 8
905 180
7488 8
954 96
2661 8
1052 36
1101 32
1150 24
2857 24
1248 56
4564 8
1297 28
6222 8
1346 32
4662 8
3053 8
1444 16
3102 16
4760 8
1493 24
1542 56
4858 8
1591 8
11441 8
80 152
5005 8
1738 32
129 16
3445 8
178 664
1836 32
276 168
13393 8
1934 32
325 224
374 248
2032 16
3690 8
423 8
472 80
2130 88
521 180
570 136
619 8
10469 4
2277 4
668 48
5593 8
2326 8
3984 8
717 104
5642 8
766 36
864 44
4180 8
913 40
5838 8
962 80
2620 8
4278 8
2669 8
1060 48
2718 88
1109 104
1158 112
2816 16
1305 40
4621 16
1354 64
9546 8
3012 16
1452 56
1501 24
13009 8
1550 32
4817 16
4866 16
3257 8
8182 8
1648 20
88 128
1746 40
137 64
3453 8
186 1696
1844 4
6769 8
1893 24
284 128
5209 4
3600 8
333 248
382 240
2040 16
431 16
2089 16
7014 8
480 64
529 344
5454 8
3845 8
578 72
2236 8
3894 24
627 16
2285 32
676 36
2334 16
725 104
774 184
2432 24
7357 8
872 40
2530 8
921 16
4237 8
970 64
9162 8
2628 4
1068 40
1117 176
4433 8
1166 24
4482 8
2873 2
1264 16
2922 16
4580 8
1313 52
1362 64
1411 8
6336 8
3069 4
1460 48
1509 16
1558 40
4874 8
1656 8
1705 136
96 248
1754 8
145 1164
5070 8
3461 8
194 496
1852 16
3510 12
1901 32
292 332
1950 48
341 272
390 440
2048 4
3706 12
2097 24
488 56
2146 32
537 152
5462 8
3853 8
586 88
3902 8
2293 40
684 184
5609 8
2342 16
733 136
782 152
4098 8
2489 8
880 16
2538 32
929 8
978 248
2636 8
1076 8
1125 8
4441 8
1174 24
4490 8
1272 24
1321 80
4637 8
1370 32
3077 8
1468 8
3126 48
1517 16
1566 56
3273 12
6 11544
1664 8
3322 24
1713 16
104 584
1762 8
153 208
6736 4
202 652
1860 24
6785 4
1909 16
6834 8
300 548
1958 16
349 432
6932 4
398 176
3714 16
447 16
496 80
2154 40
545 204
5470 8
594 224
2252 8
692 24
2350 8
4057 8
790 88
7373 12
2497 8
888 40
937 96
4253 16
986 32
2644 8
4302 8
2693 40
1084 16
2742 40
1133 60
1182 32
7765 4
2889 16
11081 4
1280 16
2938 8
4596 8
1329 8
4645 4
1378 96
3085 8
1476 40
1525 40
6450 8
1574 32
3232 8
4890 8
3281 16
14 4744
1672 4
3330 8
1721 32
1770 48
3428 4
161 120
210 528
1868 32
5184 8
1917 24
308 92
5233 8
3624 8
357 192
3673 12
406 64
8598 4
2064 24
3722 8
455 8
2113 16
504 152
2162 64
3820 12
553 400
5478 16
602 464
3918 24
651 16
5576 8
2309 8
700 80
2358 16
749 36
798 72
2505 8
896 56
5821 8
2554 24
4212 8
945 64
4261 8
994 32
2652 16
7577 8
4310 16
2701 8
1092 56
2750 8
1141 32
4506 16
1239 16
2897 8
1288 16
2946 16
1337 40
1386 48
6360 8
3093 8
3142 16
1533 16
4849 8
1582 24
22 2448
1680 24
1729 136
120 728
1778 40
3436 8
169 620
5094 8
3485 16
218 344
1876 8
3534 8
316 80
1974 48
365 256
3681 8
414 380
2072 8
2121 8
512 24
2170 32
561 20
3877 24
610 64
7193 8
659 4
2317 88
708 48
757 48
806 88
4122 8
904 24
2562 24
4220 4
953 48
1002 104
1100 48
2758 8
1149 32
1198 40
2856 8
2905 20
1296 32
6221 8
2954 8
1345 64
6270 8
4661 8
1394 136
4710 8
3101 32
1492 32
9684 4
3150 24
1541 48
3199 8
4857 8
1590 16
30 2016
3346 32
1737 16
128 152
1786 16
177 768
3493 52
226 736
1884 44
1933 32
324 376
1982 8
373 424
5298 8
3689 16
422 392
3738 8
2129 12
520 24
2178 8
569 232
618 816
2276 8
7201 8
2325 16
716 48
2374 8
765 96
5690 8
814 80
4130 8
912 84
2570 16
961 116
5886 8
4277 16
1010 48
1059 8
1108 24
6033 8
2766 8
1157 48
1206 88
2913 8
1304 8
1353 24
4669 8
1402 24
3060 16
4718 8
3109 16
1500 40
1549 16
1598 16
8181 8
4914 8
3305 12
38 2704
1696 8
3354 16
1745 40
9937 8
136 280
1794 16
3452 8
185 844
11693 8
234 488
3501 8
1892 24
3550 16
1941 12
332 272
1990 16
381 88
3697 8
430 168
2088 24
2137 8
528 88
5453 8
577 264
3893 16
626 128
2284 24
3942 16
2333 24
724 60
2382 32
773 60
822 96
4138 24
920 40
2578 24
4236 8
969 24
1018 56
2676 16
2725 16
1116 88
2774 16
1165 72
1214 48
2872 8
4530 16
2921 12
1312 8
2970 40
1361 40
9553 4
1410 112
4726 8
1508 32
1557 8
1606 56
3264 16
3313 8
46 2728
1753 8
144 544
193 1160
3509 8
242 208
1900 20
3558 24
1949 16
340 56
1998 24
389 364
438 224
3754 8
487 8
536 112
5461 4
2194 16
3852 8
585 40
634 96
2292 8
683 4
2341 8
732 100
5657 4
781 28
5706 16
4097 2
830 8
4146 16
2537 12
928 32
2586 24
977 8
1026 64
4342 16
2733 16
1124 24
1173 32
1222 48
4538 8
2929 24
1320 24
2978 8
1369 16
1418 24
1516 40
1565 80
1614 72
3272 8
5 11456
54 2200
1712 16
6637 16
3370 16
5028 8
1761 24
152 248
1810 20
201 376
250 466
1908 80
6833 8
1957 24
348 480
2006 40
397 24
3713 40
446 72
2104 32
2153 48
544 104
2202 24
593 108
8785 16
3909 8
642 296
2300 32
2349 24
740 40
2398 24
789 64
838 24
2545 16
7470 8
936 48
5861 4
2594 8
985 200
4301 8
1034 32
2692 8
4350 8
2741 12
1132 40
2790 24
1181 48
1230 88
2937 8
1328 16
1377 40
4693 24
1426 8
3084 8
4742 8
3133 20
1524 24
6449 8
3182 8
1573 16
1622 16
13 10076
62 1840
3378 32
5036 4
1769 40
160 332
1818 8
209 760
258 600
1916 24
3574 16
307 24
1965 8
356 152
21665 2
2014 8
405 144
8597 8
3721 20
454 128
552 144
3868 8
601 56
3917 4
650 64
2308 8
3966 24
748 116
2406 8
797 112
846 88
895 16
944 24
2602 24
4260 8
993 16
4309 8
1042 16
2700 16
1140 40
6065 4
2798 8
1189 16
1238 40
2945 8
1336 8
2994 48
1385 32
1434 64
1532 20
3190 8
1581 8
1630 48
3288 16
21 3192
70 640
3386 8
1777 40
6702 24
168 304
1826 8
217 540
5142 16
3533 8
266 368
1924 8
3582 8
315 8
1973 40
364 328
2022 16
413 172
462 384
2120 16
511 8
560 64
2218 16
10410 8
3876 8
609 40
658 216
2316 24
2365 16
756 136
5681 4
2414 8
805 232
4121 8
854 40
2561 24
952 24
2610 48
1001 112
1050 80
1148 40
1197 56
1246 24
4562 40
6220 4
1344 52
6269 8
3002 8
1393 24
4709 8
1442 40
4758 8
3149 16
1540 64
3198 32
1589 72
1638 40
29 4164
78 1624
1736 16
6661 8
1785 8
176 236
5101 8
1834 8
10026 8
3492 8
225 224
3541 8
274 92
1932 8
372 744
5297 8
2030 8
421 96
5346 16
3737 6
470 256
2128 16
3786 8
2177 72
568 16
2226 32
617 260
666 136
2324 16
715 16
5640 4
2373 16
764 8
813 48
862 76
2520 8
4178 8
2569 16
960 20
2618 16
1009 64
5934 8
4325 8
1058 120
2716 8
4374 8
2765 12
1156 52
2814 40
1205 40
1254 88
1352 24
3010 8
1401 24
4717 16
1450 16
3157 8
1548 48
3206 24
1597 80
6522 8
1646 40
37 2904
3353 8
86 1320
1744 8
3402 32
1793 12
9985 8
14910 8
184 96
1842 24
3500 8
233 440
282 756
1940 8
1989 8
380 304
2038 32
429 88
5354 8
3745 8
478 112
2136 16
2185 40
576 124
2234 72
625 172
674 96
2332 16
2381 24
772 52
2430 24
821 288
4137 8
870 280
2577 8
968 24
5893 8
4284 16
1017 16
4333 4
1066 80
2773 16
1164 56
2822 8
1213 96
2871 8
1262 40
2920 8
2969 8
1360 8
3018 16
1409 120
1458 64
4774 8
3165 8
1556 16
6481 8
9846 8
1654 8
45 336
94 1520
1752 40
3410 48
1801 24
192 456
5117 8
1850 8
241 208
5166 8
3557 8
290 500
1997 16
388 144
2046 8
437 272
486 232
2144 16
7069 8
2193 8
584 92
5509 4
2242 40
633 56
3949 16
682 160
2340 24
2389 8
780 132
2438 16
829 16
4145 4
878 64
4194 24
976 72
2634 32
1025 40
20725 4
1074 80
1172 40
2830 24
1221 28
1270 88
2928 8
2977 4
1368 48
4684 4
1417 40
4733 8
1466 40
3124 8
4782 8
1564 16
3222 8
1613 48
1662 8
9854 8
3320 8
53 3048
1711 8
102 2256
6685 4
3418 8
200 480
1858 8
249 180
3565 16
298 378
1956 24
3614 8
2005 56
396 168
2054 8
445 424
3761 12
494 152
2201 60
592 44
2250 32
641 228
690 280
4006 8
2397 24
788 40
2446 8
837 52
5762 8
886 104
2544 24
5860 4
2593 8
984 16
2642 8
1033 68
1082 48
2789 12
1180 12
2838 16
1229 40
2936 8
4594 8
1376 16
1425 24
4741 8
1474 40
3132 8
1523 8
1572 32
1670 16
61 1468
3377 8
110 1208
1768 40
3426 8
1817 40
208 236
5133 4
1866 68
13325 8
257 816
306 688
1964 24
3622 16
404 72
453 16
8645 8
502 40
7085 8
551 8
600 120
2258 16
649 32
5574 8
3965 8
698 68
2356 16
747 16
2405 32
796 32
845 80
894 176
2552 8
2601 16
992 8
1041 56
4357 8
1090 80
2797 28
1188 56
6113 8
2846 16
1237 88
1286 24
4602 16
2993 32
1384 44
3042 16
1433 24
1482 56
8065 8
4798 16
3189 8
1580 44
6505 2
3238 8
1629 18
20 1396
1678 32
69 424
3385 8
118 328
1776 8
1825 8
216 8
1874 24
3532 16
265 888
314 136
1972 20
3630 8
2021 40
412 180
2070 40
461 44
510 456
3826 16
2217 8
608 88
657 56
28549 2
706 108
2364 8
2413 24
804 40
5729 8
2462 40
853 32
5778 8
4169 16
902 144
2609 24
1000 48
2658 16
1049 28
1098 128
2805 16
1196 16
1245 32
1294 40
1392 8
1441 40
1490 24
1588 12
1637 8
6562 8
28 1892
1686 56
77 1468
126 2184
5149 8
1882 40
273 184
322 152
1980 24
2029 16
420 120
2078 8
469 334
5394 8
3785 4
518 376
567 16
10417 8
2225 16
616 72
2274 8
665 60
5590 8
714 400
2372 8
4030 16
763 8
2421 8
812 56
2470 16
10662 8
4128 8
861 56
910 48
2568 16
2617 2
1008 48
2666 16
1057 52
1106 112
4422 40
2813 8
1204 84
1253 32
1302 32
3009 8
11201 4
1400 8
6325 8
1449 8
4765 8
1498 16
3205 16
8130 8
1596 32
6521 16
3254 8
1645 16
18029 4
6570 8
36 528
1694 16
3352 8
85 1192
3401 16
134 1032
1792 16
3450 16
1841 8
232 16
1890 8
3548 4
281 480
330 720
1988 24
2037 8
428 144
2086 8
477 208
5402 8
3793 12
526 128
2184 8
2233 8
624 48
673 48
5598 8
722 48
4038 8
2429 24
820 52
2478 8
869 48
918 152
2576 8
967 8
1016 8
2674 16
1065 48
4381 8
1114 32
2772 32
1212 32
2870 16
4528 8
1261 8
1310 32
4626 8
3017 32
3066 24
1457 8
1506 80
1653 8
44 360
1702 32
3360 20
93 104
5018 16
3409 24
142 536
1800 16
3458 16
191 36
1849 16
240 344
1898 8
289 360
3605 40
338 96
1996 8
3654 8
387 16
5312 8
2045 8
436 40
2094 24
485 40
5410 8
7068 4
534 72
5508 8
2241 8
10433 4
632 72
3948 16
681 64
730 56
5704 4
2437 8
828 224
5753 8
877 16
926 88
2584 4
2633 12
1024 24
2682 32
1073 60
1122 64
2780 8
1220 16
1269 32
4585 12
1318 24
1416 88
1465 72
1514 16
8097 8
4830 8
3221 8
1612 16
3270 8
1661 32
52 864
4977 8
1710 32
101 1448
150 1216
1808 8
3466 8
5124 8
1857 8
248 112
5173 16
1906 8
297 344
3613 12
346 544
2004 8
395 16
2053 32
444 264
2102 8
493 132
542 172
2200 8
3858 16
2249 8
640 16
2298 24
689 180
738 192
2396 16
787 8
2445 8
836 16
2494 8
885 40
934 112
2641 8
7566 8
1032 56
2690 8
4348 8
1081 128
4397 12
1130 32
2788 24
4446 16
2837 8
1228 24
1326 72
1424 24
6349 8
1522 20
3180 16
1620 32
1669 24
60 1408
1718 24
109 80
158 376
1816 16
3474 16
1865 8
256 200
1914 28
305 348
5230 8
354 664
2012 12
2061 8
6986 8
452 40
5377 16
2110 24
501 16
550 204
3866 16
2257 24
648 104
697 112
746 176
4062 8
2453 20
844 68
2502 40
893 128
14010 8
942 96
2600 8
7525 8
991 8
2649 16
1040 48
1089 16
1138 48
2845 8
1236 80
6161 4
2894 16
1285 32
6210 8
1334 16
1383 8
1432 24
1481 8
1530 48
8113 4
68 688
1726 48
3384 8
117 588
5042 16
166 652
1824 16
6749 8
3482 8
1873 32
264 256
1922 16
3580 8
313 584
3629 24
362 72
2020 16
3678 8
2069 56
460 276
2118 4
3776 8
509 24
7092 8
558 240
3874 8
2265 16
656 72
5581 8
705 64
4021 8
754 184
2412 8
7337 8
5728 2
2461 8
852 108
2510 28
901 152
950 136
2608 8
2657 10
1048 24
2706 24
1097 96
1146 64
4462 8
2853 8
1244 16
2902 16
1293 24
1342 112
3000 8
7925 8
3049 8
1440 32
6365 4
3098 12
1489 16
1538 48
4854 8
3245 16
1636 32
3294 32
1685 40
76 752
13193 8
1734 56
125 808
3441 8
174 992
1881 16
272 184
1930 24
3588 8
321 464
370 232
2028 32
3686 8
419 8
2077 16
468 184
2126 8
517 184
3833 8
566 48
2224 16
3882 16
2273 8
664 48
2322 24
713 64
5638 8
762 280
7345 2
860 16
2518 24
909 16
4225 8
958 8
2665 8
1056 48
2714 8
1105 8
4421 8
2812 8
1252 8
2910 48
1301 16
1350 120
3057 4
1448 64
3106 16
1546 24
3204 8
1644 48
1693 48
6618 8
84 992
1742 24
133 1272
11641 8
182 136
1840 16
3498 8
1889 32
280 256
13397 4
1938 88
3596 8
329 160
378 312
6961 4
5352 8
2085 16
476 100
2134 24
525 96
574 128
8766 8
2232 8
3890 8
2281 72
672 60
5597 16
2330 24
721 104
4037 24
770 64
4086 8
2477 12
868 56
2526 40
917 80
966 64
1064 96
2722 8
1113 24
4429 8
1162 32
2869 8
1260 40
1309 32
1358 24
3065 40
1456 8
1505 72
1554 80
3261 4
6577 8
1701 16
92 400
5017 8
1750 8
141 396
190 216
1848 24
6773 8
1897 48
288 224
5213 4
1946 48
337 112
3653 24
386 152
2044 8
3702 8
2093 32
484 104
2142 8
533 136
582 232
2240 8
631 4
7214 8
680 48
2338 16
8921 4
729 64
5654 8
778 120
2436 8
7410 8
876 168
5801 16
2534 8
925 40
974 104
2681 48
1072 32
2730 16
1121 76
1170 32
1219 4
1268 30
1317 24
1366 56
3073 36
1464 24
3122 16
1513 48
14630 8
6438 8
1562 40
3269 16
2 7648
1660 16
1709 8
100 492
21409 4
1758 24
149 864
5074 8
198 1112
1856 32
1905 8
296 72
5221 8
1954 8
345 104
3661 8
394 88
2052 32
2101 24
492 152
2150 16
541 80
3857 16
590 48
2248 16
3906 24
2297 24
688 56
2346 40
4004 8
737 152
786 240
2444 24
884 40
5809 8
933 32
982 64
2640 8
7565 12
1080 72
2738 8
1129 8
1178 8
4494 16
2885 32
1276 32
1325 24
1374 48
8006 8
1472 16
6397 8
3130 16
4788 8
4837 4
1570 8
3228 8
10 2784
1668 48
6593 8
3326 8
1717 16
108 1172
1766 24
3424 8
157 504
5082 8
3473 8
206 520
1864 8
10056 4
3522 16
1913 76
304 176
1962 8
353 320
20053 2
402 392
2060 16
451 24
500 56
2158 16
549 24
598 120
2256 20
10448 8
2305 16
696 64
5621 4
2354 16
10546 8
4012 8
745 176
794 184
4110 8
2501 8
892 32
2550 8
941 152
2599 8
990 176
2697 24
1088 32
4404 24
1137 24
4453 16
1186 40
2844 16
4502 8
2893 8
1284 32
1333 40
4649 24
1382 28
3040 4
4698 8
3089 32
1480 8
3138 32
1529 80
1578 112
18 9056
3334 8
1725 32
116 656
5041 16
1774 24
165 220
214 548
1872 16
3530 16
1921 16
312 120
1970 40
361 288
410 112
2068 16
3726 8
2117 24
508 56
2166 48
557 304
606 240
2264 16
5580 8
2313 16
704 24
5629 8
753 28
802 88
8994 8
2460 8
4118 8
5776 8
2509 16
900 56
2558 8
949 208
998 32
2705 8
1096 8
2754 48
1145 60
6070 8
1194 96
2901 16
1292 32
1341 40
1390 16
3048 8
3097 8
1488 8
1537 48
1586 16
4902 8
26 2376
1684 8
6609 8
1733 108
124 868
1782 24
3440 4
173 328
3489 8
222 552
1880 32
3538 8
5196 8
320 96
5245 8
1978 24
3636 8
369 104
3685 16
418 128
2076 36
2125 4
7050 8
516 240
5441 8
2174 8
565 100
5490 8
2223 8
614 176
3930 16
2321 16
712 80
2370 48
761 128
8953 8
4077 8
810 264
908 16
2566 16
957 56
4273 8
1006 16
2664 8
1055 8
2713 16
1104 64
2762 8
1153 112
1202 40
2860 28
4518 8
2909 16
11101 4
1300 24
2958 16
1349 56
4665 8
1398 56
3056 8
1496 48
3154 16
4812 4
1545 16
1594 72
3252 16
1643 8
3301 16
34 1002
1692 80
1741 8
132 264
5057 8
1790 16
181 496
3497 12
230 404
1888 8
3546 16
328 26
1986 40
377 160
426 520
8618 8
2084 24
5400 8
524 168
5449 8
2182 16
573 56
622 40
3938 8
2329 24
720 80
13837 8
2378 8
769 84
4085 8
818 56
2476 28
4134 8
2525 28
916 20
2574 8
965 16
1014 120
2721 8
1112 64
6037 8
4428 8
1161 24
4477 12
1210 40
2868 8
1259 8
6184 8
1308 32
1357 56
4673 8
1406 16
4722 8
1504 16
1553 32
1602 56
3260 8
42 6360
1700 8
3358 8
9941 8
140 224
3456 8
189 224
3505 32
238 644
1896 16
1945 8
336 88
5261 8
3652 4
385 448
3701 12
434 144
2092 16
483 24
2141 24
532 184
2190 32
581 192
630 96
3946 16
2337 16
728 24
2386 40
4044 16
777 56
4093 8
826 24
2484 16
875 8
2533 16
924 88
2582 16
973 108
1022 80
2729 32
1120 8
2778 24
4436 8
1169 40
1218 32
2876 8
1267 8
6241 8
1365 40
1414 8
3072 8
3121 8
1512 32
6437 4
3170 8
4828 8
1561 32
1610 8
1 12870
3317 16
50 1080
1708 16
3366 8
1757 56
148 368
1806 92
197 492
246 672
1904 16
1953 24
344 40
2002 8
393 32
11901 4
442 384
3709 24
2100 24
2149 20
7074 8
540 208
589 200
3905 8
638 88
2296 8
3954 16
2345 36
2394 32
785 128
834 312
932 40
981 40
1030 56
2688 8
2737 24
1128 56
2786 8
1177 64
1226 8
11076 4
2884 8
4542 8
1324 16
2982 32
1373 8
1422 32
3129 16
1520 20
6445 8
3178 8
4836 8
1569 8
1618 40
9 2204
3325 24
58 2272
1716 24
156 248
5081 16
1814 8
205 624
5130 8
3521 16
254 136
1912 8
3570 16
1961 16
352 72
2010 16
401 736
3717 16
450 360
2108 16
2157 8
548 164
2206 8
8789 4
597 16
3913 4
646 192
2304 8
3962 8
744 80
793 120
4109 8
842 80
2500 8
940 16
5865 8
2598 30
4256 8
989 112
1038 72
2696 16
4354 8
1136 16
6061 16
2794 8
1185 8
4501 8
1234 64
2892 8
2941 12
1332 32
6257 8
2990 16
1381 16
1430 48
1528 8
3186 16
1577 104
1626 88
17 4852
66 1952
1773 32
164 104
1822 24
3480 4
213 392
5138 8
3529 24
262 360
1920 12
1969 32
360 296
2018 16
409 304
458 224
2116 24
3774 8
2165 32
556 48
2214 48
3872 8
605 132
654 220
2312 16
2361 16
752 16
5677 8
801 32
850 112
2557 8
7482 8
948 48
5873 8
997 28
1046 16
2753 8
1144 32
6069 8
2802 24
1193 56
1242 120
2900 8
1340 16
6265 8
2998 8
1389 16
1438 32
1536 40
1585 8
4901 8
1634 24
25 1760
3341 4
74 244
1732 12
3390 8
1781 48
172 440
1830 48
221 144
270 912
1928 16
3586 16
5244 8
1977 24
368 152
2026 16
417 80
3733 8
466 72
2124 48
3782 16
515 16
2173 24
564 44
2222 16
613 76
3929 8
662 104
2320 16
2369 8
760 32
2418 16
809 48
4125 8
858 88
2516 8
2565 16
956 56
5881 2
2614 8
1005 24
1054 32
2761 16
1152 72
1201 144
1250 16
2908 4
1348 32
3006 8
1397 48
1446 104
1544 8
9785 4
1593 24
1642 48
33 872
82 344
1740 16
6665 8
3398 24
1789 24
180 664
1838 16
229 208
5154 16
3545 16
278 376
1936 8
3594 16
10177 4
1985 32
376 64
425 228
474 104
2132 28
523 8
7106 8
572 32
5497 4
2230 32
621 64
670 40
3986 8
2377 48
768 24
2426 8
817 116
5742 8
4133 8
866 72
4182 24
2573 8
964 8
2622 16
9205 8
1013 24
1062 72
2720 8
7645 8
1111 8
2769 8
1160 52
2818 24
1209 40
1258 76
2916 12
2965 8
1356 40
3014 8
4672 8
1405 40
1454 16
1552 24
3210 16
1601 8
1650 64
41 3544
3357 8
90 1444
1748 8
6673 4
1797 16
188 348
5113 4
1846 32
3504 8
237 28
286 520
1944 8
335 16
1993 8
6918 8
384 112
2042 24
433 232
5358 8
3749 8
482 116
3798 8
531 16
2189 8
580 56
5505 8
2238 8
3896 8
629 208
8821 4
678 432
776 64
4092 4
825 40
4141 8
874 60
2532 8
972 76
2630 8
1021 128
1070 80
2728 8
2777 24
1168 16
2826 32
1217 36
14334 8
1266 48
4582 8
1364 20
1413 24
4729 8
1462 16
3120 8
3169 8
6485 8
1609 8
