(1, 1, 1, 1, 1, 1, 1, 1, 1, 1, 1, 1, 1, 1, 1, 1, 1) 1 2 3 4 5 6 7 8 9 10 11 12 13 14 15 16 17 1 1 1 prop3.15= 1 times 0.0 0.0 0.0
(2, 1, 1, 1, 1, 1, 1, 1, 1, 1, 1, 1, 1, 1, 2) 2 1 3 4 5 6 7 8 9 10 11 12 13 14 15 17 16 268435457 268435457 268435457 prop3.15= 268435457 times 0.0 0.0 0.0
(3, 1, 1, 1, 1, 1, 1, 1, 1, 1, 1, 1, 3) 3 2 1 4 5 6 7 8 9 10 11 12 13 14 17 16 15 1129869140869 1129869140869 1129869140869 prop3.15= 1129869140869 times 0.0 0.0 0.0
(4, 1, 1, 1, 1, 1, 1, 1, 1, 1, 4) 4 3 2 1 5 6 7 8 9 10 11 12 13 17 16 15 14 40084566933905 40084566933905 40084566933905 prop3.15= 40084566933905 times 0.1 0.1 0.1
(5, 1, 1, 1, 1, 1, 1, 1, 5) 5 4 3 2 1 6 7 8 9 10 11 12 17 16 15 14 13 103460138813701 103460138813701 103460138813701 prop3.15= 103460138813701 times 0.1 0.2 0.1
(6, 1, 1, 1, 1, 1, 6) 6 5 4 3 2 1 7 8 9 10 11 17 16 15 14 13 12 65555327816657 65555327816657 65555327816657 prop3.15= 65555327816657 times 0.2 0.2 0.1
(7, 1, 1, 1, 7) 7 6 5 4 3 2 1 8 9 10 17 16 15 14 13 12 11 18356098793509 18356098793509 18356098793509 prop3.15= 18356098793509 times 0.1 0.3 0.2
(8, 1, 8) 8 7 6 5 4 3 2 1 9 17 16 15 14 13 12 11 10 2824217777825 2824217777825 2824217777825 prop3.15= 2824217777825 times 0.1 0.1 0.1
(5, 3, 1, 3, 5) 5 4 3 2 1 8 7 6 9 12 11 10 17 16 15 14 13 104476798194769 104476798194769 104476798194769 prop3.15= None times 0.1 0.1 0.2
(5, 2, 1, 1, 1, 2, 5) 5 4 3 2 1 7 6 8 9 10 12 11 17 16 15 14 13 103978263191117 103978263191117 103978263191117 prop3.15= None times 0.1 0.1 0.2
