6 (2, 3, 3, 4, 4, 4, 5) 2 18 15 12 12 12 0 1 True
6 (2, 3, 3, 4, 4, 4, 11) 3 24 21 18 18 18 0 1 True
6 (2, 3, 3, 4, 4, 5, 10) 3 24 21 18 18 18 0 1 True
6 (2, 3, 3, 4, 4, 10, 11) 4 30 27 24 24 24 0 1 True
6 (2, 3, 3, 4, 5, 10, 10) 4 30 27 24 24 24 0 1 True
6 (2, 3, 3, 4, 10, 10, 11) 5 36 33 30 30 30 0 1 True
6 (2, 3, 3, 5, 10, 10, 10) 5 36 33 30 30 30 0 1 True
6 (2, 3, 3, 10, 10, 10, 11) 6 42 39 36 36 36 0 1 True
6 (2, 3, 4, 4, 4, 4, 4, 8) 3 25 22 18 18 18 0 1 True
6 (2, 3, 4, 4, 4, 4, 8, 10) 4 31 28 24 24 24 0 1 True
6 (2, 3, 4, 4, 4, 5, 9) 3 24 21 18 18 18 0 1 True
6 (2, 3, 4, 4, 4, 8, 10, 10) 5 37 34 30 30 30 0 1 True
6 (2, 3, 4, 4, 4, 9, 11) 4 30 27 24 24 24 0 1 True
6 (2, 3, 4, 4, 5, 9, 10) 4 30 27 24 24 24 0 1 True
6 (2, 3, 4, 4, 8, 10, 10, 10) 6 43 40 36 36 36 0 1 True
6 (2, 3, 4, 4, 9, 10, 11) 5 36 33 30 30 30 0 1 True
6 (2, 3, 4, 5, 9, 10, 10) 5 36 33 30 30 30 0 1 True
6 (2, 3, 4, 8, 10, 10, 10, 10) 7 49 46 42 42 42 0 1 True
6 (2, 3, 4, 9, 10, 10, 11) 6 42 39 36 36 36 0 1 True
6 (2, 3, 5, 9, 10, 10, 10) 6 42 39 36 36 36 0 1 True
6 (2, 3, 8, 10, 10, 10, 10, 10) 8 55 52 48 48 48 0 1 True
6 (2, 3, 9, 10, 10, 10, 11) 7 48 45 42 42 42 0 1 True
6 (2, 4, 4, 4, 4, 4, 8, 9) 4 31 28 24 24 24 0 1 True
6 (2, 4, 4, 4, 4, 8, 9, 10) 5 37 34 30 30 30 0 1 True
6 (2, 4, 4, 4, 5, 9, 9) 4 30 27 24 24 24 0 1 True
6 (2, 4, 4, 4, 8, 9, 10, 10) 6 43 40 36 36 36 0 1 True
6 (2, 4, 4, 4, 9, 9, 11) 5 36 33 30 30 30 0 1 True
6 (2, 4, 4, 5, 9, 9, 10) 5 36 33 30 30 30 0 1 True
6 (2, 4, 4, 8, 9, 10, 10, 10) 7 49 46 42 42 42 0 1 True
6 (2, 4, 4, 9, 9, 10, 11) 6 42 39 36 36 36 0 1 True
6 (2, 4, 5, 9, 9, 10, 10) 6 42 39 36 36 36 0 1 True
6 (2, 4, 8, 9, 10, 10, 10, 10) 8 55 52 48 48 48 0 1 True
6 (2, 4, 9, 9, 10, 10, 11) 7 48 45 42 42 42 0 1 True
6 (2, 5, 9, 9, 10, 10, 10) 7 48 45 42 42 42 0 1 True
6 (2, 8, 9, 10, 10, 10, 10, 10) 9 61 58 54 54 54 0 1 True
6 (2, 9, 9, 10, 10, 10, 11) 8 54 51 48 48 48 0 1 True
6 (3, 3, 3, 3, 4, 4, 4, 4) 2 20 16 13 12 13 4 7 True
6 (3, 3, 3, 3, 4, 4, 4, 10) 3 26 22 19 18 19 4 7 True
6 (3, 3, 3, 3, 4, 4, 10, 10) 4 32 28 25 24 25 4 7 True
6 (3, 3, 3, 3, 4, 10, 10, 10) 5 38 34 31 30 31 4 7 True
6 (3, 3, 3, 3, 10, 10, 10, 10) 6 44 40 37 36 37 4 7 True
6 (3, 3, 3, 4, 4, 4, 4, 9) 3 26 22 19 18 19 4 7 True
6 (3, 3, 3, 4, 4, 4, 9, 10) 4 32 28 25 24 25 4 7 True
6 (3, 3, 3, 4, 4, 9, 10, 10) 5 38 34 31 30 31 4 7 True
6 (3, 3, 3, 4, 9, 10, 10, 10) 6 44 40 37 36 37 4 7 True
6 (3, 3, 3, 9, 10, 10, 10, 10) 7 50 46 43 42 43 4 7 True
6 (3, 3, 4, 4, 4, 4, 9, 9) 4 32 28 25 24 25 4 7 True
6 (3, 3, 4, 4, 4, 5, 8) 3 24 21 18 18 18 0 1 True
6 (3, 3, 4, 4, 4, 8, 11) 4 30 27 24 24 24 0 1 True
6 (3, 3, 4, 4, 4, 9, 9, 10) 5 38 34 31 30 31 4 7 True
6 (3, 3, 4, 4, 5, 8, 10) 4 30 27 24 24 24 0 1 True
6 (3, 3, 4, 4, 8, 10, 11) 5 36 33 30 30 30 0 1 True
6 (3, 3, 4, 4, 9, 9, 10, 10) 6 44 40 37 36 37 4 7 True
6 (3, 3, 4, 5, 8, 10, 10) 5 36 33 30 30 30 0 1 True
6 (3, 3, 4, 8, 10, 10, 11) 6 42 39 36 36 36 0 1 True
6 (3, 3, 4, 9, 9, 10, 10, 10) 7 50 46 43 42 43 4 7 True
6 (3, 3, 5, 8, 10, 10, 10) 6 42 39 36 36 36 0 1 True
6 (3, 3, 8, 10, 10, 10, 11) 7 48 45 42 42 42 0 1 True
6 (3, 3, 9, 9, 10, 10, 10, 10) 8 56 52 49 48 49 4 7 True
6 (3, 4, 4, 4, 4, 9, 9, 9) 5 38 34 31 30 31 4 7 True
6 (3, 4, 4, 4, 5, 8, 9) 4 30 27 24 24 24 0 1 True
6 (3, 4, 4, 4, 8, 9, 11) 5 36 33 30 30 30 0 1 True
6 (3, 4, 4, 4, 9, 9, 9, 10) 6 44 40 37 36 37 4 7 True
6 (3, 4, 4, 5, 8, 9, 10) 5 36 33 30 30 30 0 1 True
6 (3, 4, 4, 8, 9, 10, 11) 6 42 39 36 36 36 0 1 True
6 (3, 4, 4, 9, 9, 9, 10, 10) 7 50 46 43 42 43 4 7 True
6 (3, 4, 5, 8, 9, 10, 10) 6 42 39 36 36 36 0 1 True
6 (3, 4, 8, 9, 10, 10, 11) 7 48 45 42 42 42 0 1 True
6 (3, 4, 9, 9, 9, 10, 10, 10) 8 56 52 49 48 49 4 7 True
6 (3, 5, 8, 9, 10, 10, 10) 7 48 45 42 42 42 0 1 True
6 (3, 8, 9, 10, 10, 10, 11) 8 54 51 48 48 48 0 1 True
6 (3, 9, 9, 9, 10, 10, 10, 10) 9 62 58 55 54 55 4 7 True
6 (4, 4, 4, 4, 9, 9, 9, 9) 6 44 40 37 36 37 4 7 True
6 (4, 4, 4, 5, 8, 9, 9) 5 36 33 30 30 30 0 1 True
6 (4, 4, 4, 8, 9, 9, 11) 6 42 39 36 36 36 0 1 True
6 (4, 4, 4, 9, 9, 9, 9, 10) 7 50 46 43 42 43 4 7 True
6 (4, 4, 5, 8, 9, 9, 10) 6 42 39 36 36 36 0 1 True
6 (4, 4, 8, 9, 9, 10, 11) 7 48 45 42 42 42 0 1 True
6 (4, 4, 9, 9, 9, 9, 10, 10) 8 56 52 49 48 49 4 7 True
6 (4, 5, 8, 9, 9, 10, 10) 7 48 45 42 42 42 0 1 True
6 (4, 8, 9, 9, 10, 10, 11) 8 54 51 48 48 48 0 1 True
6 (4, 9, 9, 9, 9, 10, 10, 10) 9 62 58 55 54 55 4 7 True
6 (5, 8, 9, 9, 10, 10, 10) 8 54 51 48 48 48 0 1 True
6 (8, 9, 9, 10, 10, 10, 11) 9 60 57 54 54 54 0 1 True
6 (9, 9, 9, 9, 10, 10, 10, 10) 10 68 64 61 60 61 4 7 True
