5 3 2 2 2
5 4 2 2 2 4
5 5 2 2 2 4 4
5 6 2 2 2 4 4 4
5 7 2 2 2 4 4 4 4
5 8 2 2 2 4 4 4 4 4
5 9 2 2 2 4 4 4 4 4 4
5 10 2 2 2 4 4 4 4 4 4 4
5 11 2 2 2 4 4 4 4 4 4 4 4
5 12 2 2 2 4 4 4 4 4 4 4 4 4
5 13 2 2 2 4 4 4 4 4 4 4 4 4 4
5 14 2 2 2 4 4 4 4 4 4 4 4 4 4 4
5 15 2 2 2 4 4 4 4 4 4 4 4 4 4 4 4
5 16 2 2 2 4 4 4 4 4 4 4 4 4 4 4 4 4
5 17 2 2 2 4 4 4 4 4 4 4 4 4 4 4 4 4 4
5 18 2 2 2 4 4 4 4 4 4 4 4 4 4 4 4 4 4 4
5 19 2 2 2 4 4 4 4 4 4 4 4 4 4 4 4 4 4 4 4
5 20 2 2 2 4 4 4 4 4 4 4 4 4 4 4 4 4 4 4 4 4
5 21 2 2 2 4 4 4 4 4 4 4 4 4 4 4 4 4 4 4 4 4 4
5 22 2 2 2 4 4 4 4 4 4 4 4 4 4 4 4 4 4 4 4 4 4 4
5 23 2 2 2 4 4 4 4 4 4 4 4 4 4 4 4 4 4 4 4 4 4 4 4
5 24 2 2 2 4 4 4 4 4 4 4 4 4 4 4 4 4 4 4 4 4 4 4 4 4
5 25 2 2 2 4 4 4 4 4 4 4 4 4 4 4 4 4 4 4 4 4 4 4 4 4 4
5 26 2 2 2 4 4 4 4 4 4 4 4 4 4 4 4 4 4 4 4 4 4 4 4 4 4 4
5 27 2 2 2 4 4 4 4 4 4 4 4 4 4 4 4 4 4 4 4 4 4 4 4 4 4 4 4
5 28 2 2 2 4 4 4 4 4 4 4 4 4 4 4 4 4 4 4 4 4 4 4 4 4 4 4 4 4
5 29 2 2 2 4 4 4 4 4 4 4 4 4 4 4 4 4 4 4 4 4 4 4 4 4 4 4 4 4 4
5 30 2 2 2 4 4 4 4 4 4 4 4 4 4 4 4 4 4 4 4 4 4 4 4 4 4 4 4 4 4 4
5 31 2 2 2 4 4 4 4 4 4 4 4 4 4 4 4 4 4 4 4 4 4 4 4 4 4 4 4 4 4 4 4
5 32 2 2 2 4 4 4 4 4 4 4 4 4 4 4 4 4 4 4 4 4 4 4 4 4 4 4 4 4 4 4 4 4
5 33 2 2 2 4 4 4 4 4 4 4 4 4 4 4 4 4 4 4 4 4 4 4 4 4 4 4 4 4 4 4 4 4 4
5 34 2 2 2 4 4 4 4 4 4 4 4 4 4 4 4 4 4 4 4 4 4 4 4 4 4 4 4 4 4 4 4 4 4 4
5 35 2 2 2 4 4 4 4 4 4 4 4 4 4 4 4 4 4 4 4 4 4 4 4 4 4 4 4 4 4 4 4 4 4 4 4
5 36 2 2 2 4 4 4 4 4 4 4 4 4 4 4 4 4 4 4 4 4 4 4 4 4 4 4 4 4 4 4 4 4 4 4 4 4
5 37 2 2 2 4 4 4 4 4 4 4 4 4 4 4 4 4 4 4 4 4 4 4 4 4 4 4 4 4 4 4 4 4 4 4 4 4 4
5 38 2 2 2 4 4 4 4 4 4 4 4 4 4 4 4 4 4 4 4 4 4 4 4 4 4 4 4 4 4 4 4 4 4 4 4 4 4 4
5 39 2 2 2 4 4 4 4 4 4 4 4 4 4 4 4 4 4 4 4 4 4 4 4 4 4 4 4 4 4 4 4 4 4 4 4 4 4 4 4
5 40 2 2 2 4 4 4 4 4 4 4 4 4 4 4 4 4 4 4 4 4 4 4 4 4 4 4 4 4 4 4 4 4 4 4 4 4 4 4 4 4
5 3 2 2 3
5 4 2 2 3 4
5 5 2 2 3 4 4
5 6 2 2 3 4 4 4
5 7 2 2 3 4 4 4 4
5 8 2 2 3 4 4 4 4 4
5 9 2 2 3 4 4 4 4 4 4
5 10 2 2 3 4 4 4 4 4 4 4
5 11 2 2 3 4 4 4 4 4 4 4 4
5 12 2 2 3 4 4 4 4 4 4 4 4 4
5 13 2 2 3 4 4 4 4 4 4 4 4 4 4
5 14 2 2 3 4 4 4 4 4 4 4 4 4 4 4
5 15 2 2 3 4 4 4 4 4 4 4 4 4 4 4 4
5 16 2 2 3 4 4 4 4 4 4 4 4 4 4 4 4 4
5 17 2 2 3 4 4 4 4 4 4 4 4 4 4 4 4 4 4
5 18 2 2 3 4 4 4 4 4 4 4 4 4 4 4 4 4 4 4
5 19 2 2 3 4 4 4 4 4 4 4 4 4 4 4 4 4 4 4 4
5 20 2 2 3 4 4 4 4 4 4 4 4 4 4 4 4 4 4 4 4 4
5 21 2 2 3 4 4 4 4 4 4 4 4 4 4 4 4 4 4 4 4 4 4
5 22 2 2 3 4 4 4 4 4 4 4 4 4 4 4 4 4 4 4 4 4 4 4
5 23 2 2 3 4 4 4 4 4 4 4 4 4 4 4 4 4 4 4 4 4 4 4 4
5 24 2 2 3 4 4 4 4 4 4 4 4 4 4 4 4 4 4 4 4 4 4 4 4 4
5 25 2 2 3 4 4 4 4 4 4 4 4 4 4 4 4 4 4 4 4 4 4 4 4 4 4
5 26 2 2 3 4 4 4 4 4 4 4 4 4 4 4 4 4 4 4 4 4 4 4 4 4 4 4
5 27 2 2 3 4 4 4 4 4 4 4 4 4 4 4 4 4 4 4 4 4 4 4 4 4 4 4 4
5 28 2 2 3 4 4 4 4 4 4 4 4 4 4 4 4 4 4 4 4 4 4 4 4 4 4 4 4 4
5 29 2 2 3 4 4 4 4 4 4 4 4 4 4 4 4 4 4 4 4 4 4 4 4 4 4 4 4 4 4
5 30 2 2 3 4 4 4 4 4 4 4 4 4 4 4 4 4 4 4 4 4 4 4 4 4 4 4 4 4 4 4
5 31 2 2 3 4 4 4 4 4 4 4 4 4 4 4 4 4 4 4 4 4 4 4 4 4 4 4 4 4 4 4 4
5 32 2 2 3 4 4 4 4 4 4 4 4 4 4 4 4 4 4 4 4 4 4 4 4 4 4 4 4 4 4 4 4 4
5 33 2 2 3 4 4 4 4 4 4 4 4 4 4 4 4 4 4 4 4 4 4 4 4 4 4 4 4 4 4 4 4 4 4
5 34 2 2 3 4 4 4 4 4 4 4 4 4 4 4 4 4 4 4 4 4 4 4 4 4 4 4 4 4 4 4 4 4 4 4
5 35 2 2 3 4 4 4 4 4 4 4 4 4 4 4 4 4 4 4 4 4 4 4 4 4 4 4 4 4 4 4 4 4 4 4 4
5 36 2 2 3 4 4 4 4 4 4 4 4 4 4 4 4 4 4 4 4 4 4 4 4 4 4 4 4 4 4 4 4 4 4 4 4 4
5 37 2 2 3 4 4 4 4 4 4 4 4 4 4 4 4 4 4 4 4 4 4 4 4 4 4 4 4 4 4 4 4 4 4 4 4 4 4
5 38 2 2 3 4 4 4 4 4 4 4 4 4 4 4 4 4 4 4 4 4 4 4 4 4 4 4 4 4 4 4 4 4 4 4 4 4 4 4
5 39 2 2 3 4 4 4 4 4 4 4 4 4 4 4 4 4 4 4 4 4 4 4 4 4 4 4 4 4 4 4 4 4 4 4 4 4 4 4 4
5 40 2 2 3 4 4 4 4 4 4 4 4 4 4 4 4 4 4 4 4 4 4 4 4 4 4 4 4 4 4 4 4 4 4 4 4 4 4 4 4 4
5 3 2 3 3
5 4 2 3 3 4
5 5 2 3 3 4 4
5 6 2 3 3 4 4 4
5 7 2 3 3 4 4 4 4
5 8 2 3 3 4 4 4 4 4
5 9 2 3 3 4 4 4 4 4 4
5 10 2 3 3 4 4 4 4 4 4 4
5 11 2 3 3 4 4 4 4 4 4 4 4
5 12 2 3 3 4 4 4 4 4 4 4 4 4
5 13 2 3 3 4 4 4 4 4 4 4 4 4 4
5 14 2 3 3 4 4 4 4 4 4 4 4 4 4 4
5 15 2 3 3 4 4 4 4 4 4 4 4 4 4 4 4
5 16 2 3 3 4 4 4 4 4 4 4 4 4 4 4 4 4
5 17 2 3 3 4 4 4 4 4 4 4 4 4 4 4 4 4 4
5 18 2 3 3 4 4 4 4 4 4 4 4 4 4 4 4 4 4 4
5 19 2 3 3 4 4 4 4 4 4 4 4 4 4 4 4 4 4 4 4
5 20 2 3 3 4 4 4 4 4 4 4 4 4 4 4 4 4 4 4 4 4
5 21 2 3 3 4 4 4 4 4 4 4 4 4 4 4 4 4 4 4 4 4 4
5 22 2 3 3 4 4 4 4 4 4 4 4 4 4 4 4 4 4 4 4 4 4 4
5 23 2 3 3 4 4 4 4 4 4 4 4 4 4 4 4 4 4 4 4 4 4 4 4
5 24 2 3 3 4 4 4 4 4 4 4 4 4 4 4 4 4 4 4 4 4 4 4 4 4
5 25 2 3 3 4 4 4 4 4 4 4 4 4 4 4 4 4 4 4 4 4 4 4 4 4 4
5 26 2 3 3 4 4 4 4 4 4 4 4 4 4 4 4 4 4 4 4 4 4 4 4 4 4 4
5 27 2 3 3 4 4 4 4 4 4 4 4 4 4 4 4 4 4 4 4 4 4 4 4 4 4 4 4
5 28 2 3 3 4 4 4 4 4 4 4 4 4 4 4 4 4 4 4 4 4 4 4 4 4 4 4 4 4
5 29 2 3 3 4 4 4 4 4 4 4 4 4 4 4 4 4 4 4 4 4 4 4 4 4 4 4 4 4 4
5 30 2 3 3 4 4 4 4 4 4 4 4 4 4 4 4 4 4 4 4 4 4 4 4 4 4 4 4 4 4 4
5 31 2 3 3 4 4 4 4 4 4 4 4 4 4 4 4 4 4 4 4 4 4 4 4 4 4 4 4 4 4 4 4
5 32 2 3 3 4 4 4 4 4 4 4 4 4 4 4 4 4 4 4 4 4 4 4 4 4 4 4 4 4 4 4 4 4
5 33 2 3 3 4 4 4 4 4 4 4 4 4 4 4 4 4 4 4 4 4 4 4 4 4 4 4 4 4 4 4 4 4 4
5 34 2 3 3 4 4 4 4 4 4 4 4 4 4 4 4 4 4 4 4 4 4 4 4 4 4 4 4 4 4 4 4 4 4 4
5 35 2 3 3 4 4 4 4 4 4 4 4 4 4 4 4 4 4 4 4 4 4 4 4 4 4 4 4 4 4 4 4 4 4 4 4
5 36 2 3 3 4 4 4 4 4 4 4 4 4 4 4 4 4 4 4 4 4 4 4 4 4 4 4 4 4 4 4 4 4 4 4 4 4
5 37 2 3 3 4 4 4 4 4 4 4 4 4 4 4 4 4 4 4 4 4 4 4 4 4 4 4 4 4 4 4 4 4 4 4 4 4 4
5 38 2 3 3 4 4 4 4 4 4 4 4 4 4 4 4 4 4 4 4 4 4 4 4 4 4 4 4 4 4 4 4 4 4 4 4 4 4 4
5 39 2 3 3 4 4 4 4 4 4 4 4 4 4 4 4 4 4 4 4 4 4 4 4 4 4 4 4 4 4 4 4 4 4 4 4 4 4 4 4
5 40 2 3 3 4 4 4 4 4 4 4 4 4 4 4 4 4 4 4 4 4 4 4 4 4 4 4 4 4 4 4 4 4 4 4 4 4 4 4 4 4
5 3 3 3 3
5 4 3 3 3 4
5 5 3 3 3 4 4
5 6 3 3 3 4 4 4
5 7 3 3 3 4 4 4 4
5 8 3 3 3 4 4 4 4 4
5 9 3 3 3 4 4 4 4 4 4
5 10 3 3 3 4 4 4 4 4 4 4
5 11 3 3 3 4 4 4 4 4 4 4 4
5 12 3 3 3 4 4 4 4 4 4 4 4 4
5 13 3 3 3 4 4 4 4 4 4 4 4 4 4
5 14 3 3 3 4 4 4 4 4 4 4 4 4 4 4
5 15 3 3 3 4 4 4 4 4 4 4 4 4 4 4 4
5 16 3 3 3 4 4 4 4 4 4 4 4 4 4 4 4 4
5 17 3 3 3 4 4 4 4 4 4 4 4 4 4 4 4 4 4
5 18 3 3 3 4 4 4 4 4 4 4 4 4 4 4 4 4 4 4
5 19 3 3 3 4 4 4 4 4 4 4 4 4 4 4 4 4 4 4 4
5 20 3 3 3 4 4 4 4 4 4 4 4 4 4 4 4 4 4 4 4 4
5 21 3 3 3 4 4 4 4 4 4 4 4 4 4 4 4 4 4 4 4 4 4
5 22 3 3 3 4 4 4 4 4 4 4 4 4 4 4 4 4 4 4 4 4 4 4
5 23 3 3 3 4 4 4 4 4 4 4 4 4 4 4 4 4 4 4 4 4 4 4 4
5 24 3 3 3 4 4 4 4 4 4 4 4 4 4 4 4 4 4 4 4 4 4 4 4 4
5 25 3 3 3 4 4 4 4 4 4 4 4 4 4 4 4 4 4 4 4 4 4 4 4 4 4
5 26 3 3 3 4 4 4 4 4 4 4 4 4 4 4 4 4 4 4 4 4 4 4 4 4 4 4
5 27 3 3 3 4 4 4 4 4 4 4 4 4 4 4 4 4 4 4 4 4 4 4 4 4 4 4 4
5 28 3 3 3 4 4 4 4 4 4 4 4 4 4 4 4 4 4 4 4 4 4 4 4 4 4 4 4 4
5 29 3 3 3 4 4 4 4 4 4 4 4 4 4 4 4 4 4 4 4 4 4 4 4 4 4 4 4 4 4
5 30 3 3 3 4 4 4 4 4 4 4 4 4 4 4 4 4 4 4 4 4 4 4 4 4 4 4 4 4 4 4
5 31 3 3 3 4 4 4 4 4 4 4 4 4 4 4 4 4 4 4 4 4 4 4 4 4 4 4 4 4 4 4 4
5 32 3 3 3 4 4 4 4 4 4 4 4 4 4 4 4 4 4 4 4 4 4 4 4 4 4 4 4 4 4 4 4 4
5 33 3 3 3 4 4 4 4 4 4 4 4 4 4 4 4 4 4 4 4 4 4 4 4 4 4 4 4 4 4 4 4 4 4
5 34 3 3 3 4 4 4 4 4 4 4 4 4 4 4 4 4 4 4 4 4 4 4 4 4 4 4 4 4 4 4 4 4 4 4
5 35 3 3 3 4 4 4 4 4 4 4 4 4 4 4 4 4 4 4 4 4 4 4 4 4 4 4 4 4 4 4 4 4 4 4 4
5 36 3 3 3 4 4 4 4 4 4 4 4 4 4 4 4 4 4 4 4 4 4 4 4 4 4 4 4 4 4 4 4 4 4 4 4 4
5 37 3 3 3 4 4 4 4 4 4 4 4 4 4 4 4 4 4 4 4 4 4 4 4 4 4 4 4 4 4 4 4 4 4 4 4 4 4
5 38 3 3 3 4 4 4 4 4 4 4 4 4 4 4 4 4 4 4 4 4 4 4 4 4 4 4 4 4 4 4 4 4 4 4 4 4 4 4
5 39 3 3 3 4 4 4 4 4 4 4 4 4 4 4 4 4 4 4 4 4 4 4 4 4 4 4 4 4 4 4 4 4 4 4 4 4 4 4 4
5 40 3 3 3 4 4 4 4 4 4 4 4 4 4 4 4 4 4 4 4 4 4 4 4 4 4 4 4 4 4 4 4 4 4 4 4 4 4 4 4 4
