6 3 2 2 2
6 4 2 2 2 5
6 5 2 2 2 5 5
6 6 2 2 2 5 5 5
6 7 2 2 2 5 5 5 5
6 8 2 2 2 5 5 5 5 5
6 9 2 2 2 5 5 5 5 5 5
6 10 2 2 2 5 5 5 5 5 5 5
6 11 2 2 2 5 5 5 5 5 5 5 5
6 12 2 2 2 5 5 5 5 5 5 5 5 5
6 13 2 2 2 5 5 5 5 5 5 5 5 5 5
6 14 2 2 2 5 5 5 5 5 5 5 5 5 5 5
6 15 2 2 2 5 5 5 5 5 5 5 5 5 5 5 5
6 16 2 2 2 5 5 5 5 5 5 5 5 5 5 5 5 5
6 17 2 2 2 5 5 5 5 5 5 5 5 5 5 5 5 5 5
6 18 2 2 2 5 5 5 5 5 5 5 5 5 5 5 5 5 5 5
6 19 2 2 2 5 5 5 5 5 5 5 5 5 5 5 5 5 5 5 5
6 20 2 2 2 5 5 5 5 5 5 5 5 5 5 5 5 5 5 5 5 5
6 21 2 2 2 5 5 5 5 5 5 5 5 5 5 5 5 5 5 5 5 5 5
6 22 2 2 2 5 5 5 5 5 5 5 5 5 5 5 5 5 5 5 5 5 5 5
6 23 2 2 2 5 5 5 5 5 5 5 5 5 5 5 5 5 5 5 5 5 5 5 5
6 24 2 2 2 5 5 5 5 5 5 5 5 5 5 5 5 5 5 5 5 5 5 5 5 5
6 25 2 2 2 5 5 5 5 5 5 5 5 5 5 5 5 5 5 5 5 5 5 5 5 5 5
6 26 2 2 2 5 5 5 5 5 5 5 5 5 5 5 5 5 5 5 5 5 5 5 5 5 5 5
6 27 2 2 2 5 5 5 5 5 5 5 5 5 5 5 5 5 5 5 5 5 5 5 5 5 5 5 5
6 28 2 2 2 5 5 5 5 5 5 5 5 5 5 5 5 5 5 5 5 5 5 5 5 5 5 5 5 5
6 29 2 2 2 5 5 5 5 5 5 5 5 5 5 5 5 5 5 5 5 5 5 5 5 5 5 5 5 5 5
6 30 2 2 2 5 5 5 5 5 5 5 5 5 5 5 5 5 5 5 5 5 5 5 5 5 5 5 5 5 5 5
6 31 2 2 2 5 5 5 5 5 5 5 5 5 5 5 5 5 5 5 5 5 5 5 5 5 5 5 5 5 5 5 5
6 32 2 2 2 5 5 5 5 5 5 5 5 5 5 5 5 5 5 5 5 5 5 5 5 5 5 5 5 5 5 5 5 5
6 33 2 2 2 5 5 5 5 5 5 5 5 5 5 5 5 5 5 5 5 5 5 5 5 5 5 5 5 5 5 5 5 5 5
6 34 2 2 2 5 5 5 5 5 5 5 5 5 5 5 5 5 5 5 5 5 5 5 5 5 5 5 5 5 5 5 5 5 5 5
6 35 2 2 2 5 5 5 5 5 5 5 5 5 5 5 5 5 5 5 5 5 5 5 5 5 5 5 5 5 5 5 5 5 5 5 5
6 36 2 2 2 5 5 5 5 5 5 5 5 5 5 5 5 5 5 5 5 5 5 5 5 5 5 5 5 5 5 5 5 5 5 5 5 5
6 37 2 2 2 5 5 5 5 5 5 5 5 5 5 5 5 5 5 5 5 5 5 5 5 5 5 5 5 5 5 5 5 5 5 5 5 5 5
6 38 2 2 2 5 5 5 5 5 5 5 5 5 5 5 5 5 5 5 5 5 5 5 5 5 5 5 5 5 5 5 5 5 5 5 5 5 5 5
6 39 2 2 2 5 5 5 5 5 5 5 5 5 5 5 5 5 5 5 5 5 5 5 5 5 5 5 5 5 5 5 5 5 5 5 5 5 5 5 5
6 40 2 2 2 5 5 5 5 5 5 5 5 5 5 5 5 5 5 5 5 5 5 5 5 5 5 5 5 5 5 5 5 5 5 5 5 5 5 5 5 5
6 3 2 2 3
6 4 2 2 3 5
6 5 2 2 3 5 5
6 6 2 2 3 5 5 5
6 7 2 2 3 5 5 5 5
6 8 2 2 3 5 5 5 5 5
6 9 2 2 3 5 5 5 5 5 5
6 10 2 2 3 5 5 5 5 5 5 5
6 11 2 2 3 5 5 5 5 5 5 5 5
6 12 2 2 3 5 5 5 5 5 5 5 5 5
6 13 2 2 3 5 5 5 5 5 5 5 5 5 5
6 14 2 2 3 5 5 5 5 5 5 5 5 5 5 5
6 15 2 2 3 5 5 5 5 5 5 5 5 5 5 5 5
6 16 2 2 3 5 5 5 5 5 5 5 5 5 5 5 5 5
6 17 2 2 3 5 5 5 5 5 5 5 5 5 5 5 5 5 5
6 18 2 2 3 5 5 5 5 5 5 5 5 5 5 5 5 5 5 5
6 19 2 2 3 5 5 5 5 5 5 5 5 5 5 5 5 5 5 5 5
6 20 2 2 3 5 5 5 5 5 5 5 5 5 5 5 5 5 5 5 5 5
6 21 2 2 3 5 5 5 5 5 5 5 5 5 5 5 5 5 5 5 5 5 5
6 22 2 2 3 5 5 5 5 5 5 5 5 5 5 5 5 5 5 5 5 5 5 5
6 23 2 2 3 5 5 5 5 5 5 5 5 5 5 5 5 5 5 5 5 5 5 5 5
6 24 2 2 3 5 5 5 5 5 5 5 5 5 5 5 5 5 5 5 5 5 5 5 5 5
6 25 2 2 3 5 5 5 5 5 5 5 5 5 5 5 5 5 5 5 5 5 5 5 5 5 5
6 26 2 2 3 5 5 5 5 5 5 5 5 5 5 5 5 5 5 5 5 5 5 5 5 5 5 5
6 27 2 2 3 5 5 5 5 5 5 5 5 5 5 5 5 5 5 5 5 5 5 5 5 5 5 5 5
6 28 2 2 3 5 5 5 5 5 5 5 5 5 5 5 5 5 5 5 5 5 5 5 5 5 5 5 5 5
6 29 2 2 3 5 5 5 5 5 5 5 5 5 5 5 5 5 5 5 5 5 5 5 5 5 5 5 5 5 5
6 30 2 2 3 5 5 5 5 5 5 5 5 5 5 5 5 5 5 5 5 5 5 5 5 5 5 5 5 5 5 5
6 31 2 2 3 5 5 5 5 5 5 5 5 5 5 5 5 5 5 5 5 5 5 5 5 5 5 5 5 5 5 5 5
6 32 2 2 3 5 5 5 5 5 5 5 5 5 5 5 5 5 5 5 5 5 5 5 5 5 5 5 5 5 5 5 5 5
6 33 2 2 3 5 5 5 5 5 5 5 5 5 5 5 5 5 5 5 5 5 5 5 5 5 5 5 5 5 5 5 5 5 5
6 34 2 2 3 5 5 5 5 5 5 5 5 5 5 5 5 5 5 5 5 5 5 5 5 5 5 5 5 5 5 5 5 5 5 5
6 35 2 2 3 5 5 5 5 5 5 5 5 5 5 5 5 5 5 5 5 5 5 5 5 5 5 5 5 5 5 5 5 5 5 5 5
6 36 2 2 3 5 5 5 5 5 5 5 5 5 5 5 5 5 5 5 5 5 5 5 5 5 5 5 5 5 5 5 5 5 5 5 5 5
6 37 2 2 3 5 5 5 5 5 5 5 5 5 5 5 5 5 5 5 5 5 5 5 5 5 5 5 5 5 5 5 5 5 5 5 5 5 5
6 38 2 2 3 5 5 5 5 5 5 5 5 5 5 5 5 5 5 5 5 5 5 5 5 5 5 5 5 5 5 5 5 5 5 5 5 5 5 5
6 39 2 2 3 5 5 5 5 5 5 5 5 5 5 5 5 5 5 5 5 5 5 5 5 5 5 5 5 5 5 5 5 5 5 5 5 5 5 5 5
6 40 2 2 3 5 5 5 5 5 5 5 5 5 5 5 5 5 5 5 5 5 5 5 5 5 5 5 5 5 5 5 5 5 5 5 5 5 5 5 5 5
6 3 2 2 4
6 4 2 2 4 5
6 5 2 2 4 5 5
6 6 2 2 4 5 5 5
6 7 2 2 4 5 5 5 5
6 8 2 2 4 5 5 5 5 5
6 9 2 2 4 5 5 5 5 5 5
6 10 2 2 4 5 5 5 5 5 5 5
6 11 2 2 4 5 5 5 5 5 5 5 5
6 12 2 2 4 5 5 5 5 5 5 5 5 5
6 13 2 2 4 5 5 5 5 5 5 5 5 5 5
6 14 2 2 4 5 5 5 5 5 5 5 5 5 5 5
6 15 2 2 4 5 5 5 5 5 5 5 5 5 5 5 5
6 16 2 2 4 5 5 5 5 5 5 5 5 5 5 5 5 5
6 17 2 2 4 5 5 5 5 5 5 5 5 5 5 5 5 5 5
6 18 2 2 4 5 5 5 5 5 5 5 5 5 5 5 5 5 5 5
6 19 2 2 4 5 5 5 5 5 5 5 5 5 5 5 5 5 5 5 5
6 20 2 2 4 5 5 5 5 5 5 5 5 5 5 5 5 5 5 5 5 5
6 21 2 2 4 5 5 5 5 5 5 5 5 5 5 5 5 5 5 5 5 5 5
6 22 2 2 4 5 5 5 5 5 5 5 5 5 5 5 5 5 5 5 5 5 5 5
6 23 2 2 4 5 5 5 5 5 5 5 5 5 5 5 5 5 5 5 5 5 5 5 5
6 24 2 2 4 5 5 5 5 5 5 5 5 5 5 5 5 5 5 5 5 5 5 5 5 5
6 25 2 2 4 5 5 5 5 5 5 5 5 5 5 5 5 5 5 5 5 5 5 5 5 5 5
6 26 2 2 4 5 5 5 5 5 5 5 5 5 5 5 5 5 5 5 5 5 5 5 5 5 5 5
6 27 2 2 4 5 5 5 5 5 5 5 5 5 5 5 5 5 5 5 5 5 5 5 5 5 5 5 5
6 28 2 2 4 5 5 5 5 5 5 5 5 5 5 5 5 5 5 5 5 5 5 5 5 5 5 5 5 5
6 29 2 2 4 5 5 5 5 5 5 5 5 5 5 5 5 5 5 5 5 5 5 5 5 5 5 5 5 5 5
6 30 2 2 4 5 5 5 5 5 5 5 5 5 5 5 5 5 5 5 5 5 5 5 5 5 5 5 5 5 5 5
6 31 2 2 4 5 5 5 5 5 5 5 5 5 5 5 5 5 5 5 5 5 5 5 5 5 5 5 5 5 5 5 5
6 32 2 2 4 5 5 5 5 5 5 5 5 5 5 5 5 5 5 5 5 5 5 5 5 5 5 5 5 5 5 5 5 5
6 33 2 2 4 5 5 5 5 5 5 5 5 5 5 5 5 5 5 5 5 5 5 5 5 5 5 5 5 5 5 5 5 5 5
6 34 2 2 4 5 5 5 5 5 5 5 5 5 5 5 5 5 5 5 5 5 5 5 5 5 5 5 5 5 5 5 5 5 5 5
6 35 2 2 4 5 5 5 5 5 5 5 5 5 5 5 5 5 5 5 5 5 5 5 5 5 5 5 5 5 5 5 5 5 5 5 5
6 36 2 2 4 5 5 5 5 5 5 5 5 5 5 5 5 5 5 5 5 5 5 5 5 5 5 5 5 5 5 5 5 5 5 5 5 5
6 37 2 2 4 5 5 5 5 5 5 5 5 5 5 5 5 5 5 5 5 5 5 5 5 5 5 5 5 5 5 5 5 5 5 5 5 5 5
6 38 2 2 4 5 5 5 5 5 5 5 5 5 5 5 5 5 5 5 5 5 5 5 5 5 5 5 5 5 5 5 5 5 5 5 5 5 5 5
6 39 2 2 4 5 5 5 5 5 5 5 5 5 5 5 5 5 5 5 5 5 5 5 5 5 5 5 5 5 5 5 5 5 5 5 5 5 5 5 5
6 40 2 2 4 5 5 5 5 5 5 5 5 5 5 5 5 5 5 5 5 5 5 5 5 5 5 5 5 5 5 5 5 5 5 5 5 5 5 5 5 5
6 3 2 3 3
6 4 2 3 3 5
6 5 2 3 3 5 5
6 6 2 3 3 5 5 5
6 7 2 3 3 5 5 5 5
6 8 2 3 3 5 5 5 5 5
6 9 2 3 3 5 5 5 5 5 5
6 10 2 3 3 5 5 5 5 5 5 5
6 11 2 3 3 5 5 5 5 5 5 5 5
6 12 2 3 3 5 5 5 5 5 5 5 5 5
6 13 2 3 3 5 5 5 5 5 5 5 5 5 5
6 14 2 3 3 5 5 5 5 5 5 5 5 5 5 5
6 15 2 3 3 5 5 5 5 5 5 5 5 5 5 5 5
6 16 2 3 3 5 5 5 5 5 5 5 5 5 5 5 5 5
6 17 2 3 3 5 5 5 5 5 5 5 5 5 5 5 5 5 5
6 18 2 3 3 5 5 5 5 5 5 5 5 5 5 5 5 5 5 5
6 19 2 3 3 5 5 5 5 5 5 5 5 5 5 5 5 5 5 5 5
6 20 2 3 3 5 5 5 5 5 5 5 5 5 5 5 5 5 5 5 5 5
6 21 2 3 3 5 5 5 5 5 5 5 5 5 5 5 5 5 5 5 5 5 5
6 22 2 3 3 5 5 5 5 5 5 5 5 5 5 5 5 5 5 5 5 5 5 5
6 23 2 3 3 5 5 5 5 5 5 5 5 5 5 5 5 5 5 5 5 5 5 5 5
6 24 2 3 3 5 5 5 5 5 5 5 5 5 5 5 5 5 5 5 5 5 5 5 5 5
6 25 2 3 3 5 5 5 5 5 5 5 5 5 5 5 5 5 5 5 5 5 5 5 5 5 5
6 26 2 3 3 5 5 5 5 5 5 5 5 5 5 5 5 5 5 5 5 5 5 5 5 5 5 5
6 27 2 3 3 5 5 5 5 5 5 5 5 5 5 5 5 5 5 5 5 5 5 5 5 5 5 5 5
6 28 2 3 3 5 5 5 5 5 5 5 5 5 5 5 5 5 5 5 5 5 5 5 5 5 5 5 5 5
6 29 2 3 3 5 5 5 5 5 5 5 5 5 5 5 5 5 5 5 5 5 5 5 5 5 5 5 5 5 5
6 30 2 3 3 5 5 5 5 5 5 5 5 5 5 5 5 5 5 5 5 5 5 5 5 5 5 5 5 5 5 5
6 31 2 3 3 5 5 5 5 5 5 5 5 5 5 5 5 5 5 5 5 5 5 5 5 5 5 5 5 5 5 5 5
6 32 2 3 3 5 5 5 5 5 5 5 5 5 5 5 5 5 5 5 5 5 5 5 5 5 5 5 5 5 5 5 5 5
6 33 2 3 3 5 5 5 5 5 5 5 5 5 5 5 5 5 5 5 5 5 5 5 5 5 5 5 5 5 5 5 5 5 5
6 34 2 3 3 5 5 5 5 5 5 5 5 5 5 5 5 5 5 5 5 5 5 5 5 5 5 5 5 5 5 5 5 5 5 5
6 35 2 3 3 5 5 5 5 5 5 5 5 5 5 5 5 5 5 5 5 5 5 5 5 5 5 5 5 5 5 5 5 5 5 5 5
6 36 2 3 3 5 5 5 5 5 5 5 5 5 5 5 5 5 5 5 5 5 5 5 5 5 5 5 5 5 5 5 5 5 5 5 5 5
6 37 2 3 3 5 5 5 5 5 5 5 5 5 5 5 5 5 5 5 5 5 5 5 5 5 5 5 5 5 5 5 5 5 5 5 5 5 5
6 38 2 3 3 5 5 5 5 5 5 5 5 5 5 5 5 5 5 5 5 5 5 5 5 5 5 5 5 5 5 5 5 5 5 5 5 5 5 5
6 39 2 3 3 5 5 5 5 5 5 5 5 5 5 5 5 5 5 5 5 5 5 5 5 5 5 5 5 5 5 5 5 5 5 5 5 5 5 5 5
6 40 2 3 3 5 5 5 5 5 5 5 5 5 5 5 5 5 5 5 5 5 5 5 5 5 5 5 5 5 5 5 5 5 5 5 5 5 5 5 5 5
6 3 2 3 4
6 4 2 3 4 5
6 5 2 3 4 5 5
6 6 2 3 4 5 5 5
6 7 2 3 4 5 5 5 5
6 8 2 3 4 5 5 5 5 5
6 9 2 3 4 5 5 5 5 5 5
6 10 2 3 4 5 5 5 5 5 5 5
6 11 2 3 4 5 5 5 5 5 5 5 5
6 12 2 3 4 5 5 5 5 5 5 5 5 5
6 13 2 3 4 5 5 5 5 5 5 5 5 5 5
6 14 2 3 4 5 5 5 5 5 5 5 5 5 5 5
6 15 2 3 4 5 5 5 5 5 5 5 5 5 5 5 5
6 16 2 3 4 5 5 5 5 5 5 5 5 5 5 5 5 5
6 17 2 3 4 5 5 5 5 5 5 5 5 5 5 5 5 5 5
6 18 2 3 4 5 5 5 5 5 5 5 5 5 5 5 5 5 5 5
6 19 2 3 4 5 5 5 5 5 5 5 5 5 5 5 5 5 5 5 5
6 20 2 3 4 5 5 5 5 5 5 5 5 5 5 5 5 5 5 5 5 5
6 21 2 3 4 5 5 5 5 5 5 5 5 5 5 5 5 5 5 5 5 5 5
6 22 2 3 4 5 5 5 5 5 5 5 5 5 5 5 5 5 5 5 5 5 5 5
6 23 2 3 4 5 5 5 5 5 5 5 5 5 5 5 5 5 5 5 5 5 5 5 5
6 24 2 3 4 5 5 5 5 5 5 5 5 5 5 5 5 5 5 5 5 5 5 5 5 5
6 25 2 3 4 5 5 5 5 5 5 5 5 5 5 5 5 5 5 5 5 5 5 5 5 5 5
6 26 2 3 4 5 5 5 5 5 5 5 5 5 5 5 5 5 5 5 5 5 5 5 5 5 5 5
6 27 2 3 4 5 5 5 5 5 5 5 5 5 5 5 5 5 5 5 5 5 5 5 5 5 5 5 5
6 28 2 3 4 5 5 5 5 5 5 5 5 5 5 5 5 5 5 5 5 5 5 5 5 5 5 5 5 5
6 29 2 3 4 5 5 5 5 5 5 5 5 5 5 5 5 5 5 5 5 5 5 5 5 5 5 5 5 5 5
6 30 2 3 4 5 5 5 5 5 5 5 5 5 5 5 5 5 5 5 5 5 5 5 5 5 5 5 5 5 5 5
6 31 2 3 4 5 5 5 5 5 5 5 5 5 5 5 5 5 5 5 5 5 5 5 5 5 5 5 5 5 5 5 5
6 32 2 3 4 5 5 5 5 5 5 5 5 5 5 5 5 5 5 5 5 5 5 5 5 5 5 5 5 5 5 5 5 5
6 33 2 3 4 5 5 5 5 5 5 5 5 5 5 5 5 5 5 5 5 5 5 5 5 5 5 5 5 5 5 5 5 5 5
6 34 2 3 4 5 5 5 5 5 5 5 5 5 5 5 5 5 5 5 5 5 5 5 5 5 5 5 5 5 5 5 5 5 5 5
6 35 2 3 4 5 5 5 5 5 5 5 5 5 5 5 5 5 5 5 5 5 5 5 5 5 5 5 5 5 5 5 5 5 5 5 5
6 36 2 3 4 5 5 5 5 5 5 5 5 5 5 5 5 5 5 5 5 5 5 5 5 5 5 5 5 5 5 5 5 5 5 5 5 5
6 37 2 3 4 5 5 5 5 5 5 5 5 5 5 5 5 5 5 5 5 5 5 5 5 5 5 5 5 5 5 5 5 5 5 5 5 5 5
6 38 2 3 4 5 5 5 5 5 5 5 5 5 5 5 5 5 5 5 5 5 5 5 5 5 5 5 5 5 5 5 5 5 5 5 5 5 5 5
6 39 2 3 4 5 5 5 5 5 5 5 5 5 5 5 5 5 5 5 5 5 5 5 5 5 5 5 5 5 5 5 5 5 5 5 5 5 5 5 5
6 40 2 3 4 5 5 5 5 5 5 5 5 5 5 5 5 5 5 5 5 5 5 5 5 5 5 5 5 5 5 5 5 5 5 5 5 5 5 5 5 5
6 3 2 4 4
6 4 2 4 4 5
6 5 2 4 4 5 5
6 6 2 4 4 5 5 5
6 7 2 4 4 5 5 5 5
6 8 2 4 4 5 5 5 5 5
6 9 2 4 4 5 5 5 5 5 5
6 10 2 4 4 5 5 5 5 5 5 5
6 11 2 4 4 5 5 5 5 5 5 5 5
6 12 2 4 4 5 5 5 5 5 5 5 5 5
6 13 2 4 4 5 5 5 5 5 5 5 5 5 5
6 14 2 4 4 5 5 5 5 5 5 5 5 5 5 5
6 15 2 4 4 5 5 5 5 5 5 5 5 5 5 5 5
6 16 2 4 4 5 5 5 5 5 5 5 5 5 5 5 5 5
6 17 2 4 4 5 5 5 5 5 5 5 5 5 5 5 5 5 5
6 18 2 4 4 5 5 5 5 5 5 5 5 5 5 5 5 5 5 5
6 19 2 4 4 5 5 5 5 5 5 5 5 5 5 5 5 5 5 5 5
6 20 2 4 4 5 5 5 5 5 5 5 5 5 5 5 5 5 5 5 5 5
6 21 2 4 4 5 5 5 5 5 5 5 5 5 5 5 5 5 5 5 5 5 5
6 22 2 4 4 5 5 5 5 5 5 5 5 5 5 5 5 5 5 5 5 5 5 5
6 23 2 4 4 5 5 5 5 5 5 5 5 5 5 5 5 5 5 5 5 5 5 5 5
6 24 2 4 4 5 5 5 5 5 5 5 5 5 5 5 5 5 5 5 5 5 5 5 5 5
6 25 2 4 4 5 5 5 5 5 5 5 5 5 5 5 5 5 5 5 5 5 5 5 5 5 5
6 26 2 4 4 5 5 5 5 5 5 5 5 5 5 5 5 5 5 5 5 5 5 5 5 5 5 5
6 27 2 4 4 5 5 5 5 5 5 5 5 5 5 5 5 5 5 5 5 5 5 5 5 5 5 5 5
6 28 2 4 4 5 5 5 5 5 5 5 5 5 5 5 5 5 5 5 5 5 5 5 5 5 5 5 5 5
6 29 2 4 4 5 5 5 5 5 5 5 5 5 5 5 5 5 5 5 5 5 5 5 5 5 5 5 5 5 5
6 30 2 4 4 5 5 5 5 5 5 5 5 5 5 5 5 5 5 5 5 5 5 5 5 5 5 5 5 5 5 5
6 31 2 4 4 5 5 5 5 5 5 5 5 5 5 5 5 5 5 5 5 5 5 5 5 5 5 5 5 5 5 5 5
6 32 2 4 4 5 5 5 5 5 5 5 5 5 5 5 5 5 5 5 5 5 5 5 5 5 5 5 5 5 5 5 5 5
6 33 2 4 4 5 5 5 5 5 5 5 5 5 5 5 5 5 5 5 5 5 5 5 5 5 5 5 5 5 5 5 5 5 5
6 34 2 4 4 5 5 5 5 5 5 5 5 5 5 5 5 5 5 5 5 5 5 5 5 5 5 5 5 5 5 5 5 5 5 5
6 35 2 4 4 5 5 5 5 5 5 5 5 5 5 5 5 5 5 5 5 5 5 5 5 5 5 5 5 5 5 5 5 5 5 5 5
6 36 2 4 4 5 5 5 5 5 5 5 5 5 5 5 5 5 5 5 5 5 5 5 5 5 5 5 5 5 5 5 5 5 5 5 5 5
6 37 2 4 4 5 5 5 5 5 5 5 5 5 5 5 5 5 5 5 5 5 5 5 5 5 5 5 5 5 5 5 5 5 5 5 5 5 5
6 38 2 4 4 5 5 5 5 5 5 5 5 5 5 5 5 5 5 5 5 5 5 5 5 5 5 5 5 5 5 5 5 5 5 5 5 5 5 5
6 39 2 4 4 5 5 5 5 5 5 5 5 5 5 5 5 5 5 5 5 5 5 5 5 5 5 5 5 5 5 5 5 5 5 5 5 5 5 5 5
6 40 2 4 4 5 5 5 5 5 5 5 5 5 5 5 5 5 5 5 5 5 5 5 5 5 5 5 5 5 5 5 5 5 5 5 5 5 5 5 5 5
6 3 3 3 3
6 4 3 3 3 5
6 5 3 3 3 5 5
6 6 3 3 3 5 5 5
6 7 3 3 3 5 5 5 5
6 8 3 3 3 5 5 5 5 5
6 9 3 3 3 5 5 5 5 5 5
6 10 3 3 3 5 5 5 5 5 5 5
6 11 3 3 3 5 5 5 5 5 5 5 5
6 12 3 3 3 5 5 5 5 5 5 5 5 5
6 13 3 3 3 5 5 5 5 5 5 5 5 5 5
6 14 3 3 3 5 5 5 5 5 5 5 5 5 5 5
6 15 3 3 3 5 5 5 5 5 5 5 5 5 5 5 5
6 16 3 3 3 5 5 5 5 5 5 5 5 5 5 5 5 5
6 17 3 3 3 5 5 5 5 5 5 5 5 5 5 5 5 5 5
6 18 3 3 3 5 5 5 5 5 5 5 5 5 5 5 5 5 5 5
6 19 3 3 3 5 5 5 5 5 5 5 5 5 5 5 5 5 5 5 5
6 20 3 3 3 5 5 5 5 5 5 5 5 5 5 5 5 5 5 5 5 5
6 21 3 3 3 5 5 5 5 5 5 5 5 5 5 5 5 5 5 5 5 5 5
6 22 3 3 3 5 5 5 5 5 5 5 5 5 5 5 5 5 5 5 5 5 5 5
6 23 3 3 3 5 5 5 5 5 5 5 5 5 5 5 5 5 5 5 5 5 5 5 5
6 24 3 3 3 5 5 5 5 5 5 5 5 5 5 5 5 5 5 5 5 5 5 5 5 5
6 25 3 3 3 5 5 5 5 5 5 5 5 5 5 5 5 5 5 5 5 5 5 5 5 5 5
6 26 3 3 3 5 5 5 5 5 5 5 5 5 5 5 5 5 5 5 5 5 5 5 5 5 5 5
6 27 3 3 3 5 5 5 5 5 5 5 5 5 5 5 5 5 5 5 5 5 5 5 5 5 5 5 5
6 28 3 3 3 5 5 5 5 5 5 5 5 5 5 5 5 5 5 5 5 5 5 5 5 5 5 5 5 5
6 29 3 3 3 5 5 5 5 5 5 5 5 5 5 5 5 5 5 5 5 5 5 5 5 5 5 5 5 5 5
6 30 3 3 3 5 5 5 5 5 5 5 5 5 5 5 5 5 5 5 5 5 5 5 5 5 5 5 5 5 5 5
6 31 3 3 3 5 5 5 5 5 5 5 5 5 5 5 5 5 5 5 5 5 5 5 5 5 5 5 5 5 5 5 5
6 32 3 3 3 5 5 5 5 5 5 5 5 5 5 5 5 5 5 5 5 5 5 5 5 5 5 5 5 5 5 5 5 5
6 33 3 3 3 5 5 5 5 5 5 5 5 5 5 5 5 5 5 5 5 5 5 5 5 5 5 5 5 5 5 5 5 5 5
6 34 3 3 3 5 5 5 5 5 5 5 5 5 5 5 5 5 5 5 5 5 5 5 5 5 5 5 5 5 5 5 5 5 5 5
6 35 3 3 3 5 5 5 5 5 5 5 5 5 5 5 5 5 5 5 5 5 5 5 5 5 5 5 5 5 5 5 5 5 5 5 5
6 36 3 3 3 5 5 5 5 5 5 5 5 5 5 5 5 5 5 5 5 5 5 5 5 5 5 5 5 5 5 5 5 5 5 5 5 5
6 37 3 3 3 5 5 5 5 5 5 5 5 5 5 5 5 5 5 5 5 5 5 5 5 5 5 5 5 5 5 5 5 5 5 5 5 5 5
6 38 3 3 3 5 5 5 5 5 5 5 5 5 5 5 5 5 5 5 5 5 5 5 5 5 5 5 5 5 5 5 5 5 5 5 5 5 5 5
6 39 3 3 3 5 5 5 5 5 5 5 5 5 5 5 5 5 5 5 5 5 5 5 5 5 5 5 5 5 5 5 5 5 5 5 5 5 5 5 5
6 40 3 3 3 5 5 5 5 5 5 5 5 5 5 5 5 5 5 5 5 5 5 5 5 5 5 5 5 5 5 5 5 5 5 5 5 5 5 5 5 5
6 3 3 3 4
6 4 3 3 4 5
6 5 3 3 4 5 5
6 6 3 3 4 5 5 5
6 7 3 3 4 5 5 5 5
6 8 3 3 4 5 5 5 5 5
6 9 3 3 4 5 5 5 5 5 5
6 10 3 3 4 5 5 5 5 5 5 5
6 11 3 3 4 5 5 5 5 5 5 5 5
6 12 3 3 4 5 5 5 5 5 5 5 5 5
6 13 3 3 4 5 5 5 5 5 5 5 5 5 5
6 14 3 3 4 5 5 5 5 5 5 5 5 5 5 5
6 15 3 3 4 5 5 5 5 5 5 5 5 5 5 5 5
6 16 3 3 4 5 5 5 5 5 5 5 5 5 5 5 5 5
6 17 3 3 4 5 5 5 5 5 5 5 5 5 5 5 5 5 5
6 18 3 3 4 5 5 5 5 5 5 5 5 5 5 5 5 5 5 5
6 19 3 3 4 5 5 5 5 5 5 5 5 5 5 5 5 5 5 5 5
6 20 3 3 4 5 5 5 5 5 5 5 5 5 5 5 5 5 5 5 5 5
6 21 3 3 4 5 5 5 5 5 5 5 5 5 5 5 5 5 5 5 5 5 5
6 22 3 3 4 5 5 5 5 5 5 5 5 5 5 5 5 5 5 5 5 5 5 5
6 23 3 3 4 5 5 5 5 5 5 5 5 5 5 5 5 5 5 5 5 5 5 5 5
6 24 3 3 4 5 5 5 5 5 5 5 5 5 5 5 5 5 5 5 5 5 5 5 5 5
6 25 3 3 4 5 5 5 5 5 5 5 5 5 5 5 5 5 5 5 5 5 5 5 5 5 5
6 26 3 3 4 5 5 5 5 5 5 5 5 5 5 5 5 5 5 5 5 5 5 5 5 5 5 5
6 27 3 3 4 5 5 5 5 5 5 5 5 5 5 5 5 5 5 5 5 5 5 5 5 5 5 5 5
6 28 3 3 4 5 5 5 5 5 5 5 5 5 5 5 5 5 5 5 5 5 5 5 5 5 5 5 5 5
6 29 3 3 4 5 5 5 5 5 5 5 5 5 5 5 5 5 5 5 5 5 5 5 5 5 5 5 5 5 5
6 30 3 3 4 5 5 5 5 5 5 5 5 5 5 5 5 5 5 5 5 5 5 5 5 5 5 5 5 5 5 5
6 31 3 3 4 5 5 5 5 5 5 5 5 5 5 5 5 5 5 5 5 5 5 5 5 5 5 5 5 5 5 5 5
6 32 3 3 4 5 5 5 5 5 5 5 5 5 5 5 5 5 5 5 5 5 5 5 5 5 5 5 5 5 5 5 5 5
6 33 3 3 4 5 5 5 5 5 5 5 5 5 5 5 5 5 5 5 5 5 5 5 5 5 5 5 5 5 5 5 5 5 5
6 34 3 3 4 5 5 5 5 5 5 5 5 5 5 5 5 5 5 5 5 5 5 5 5 5 5 5 5 5 5 5 5 5 5 5
6 35 3 3 4 5 5 5 5 5 5 5 5 5 5 5 5 5 5 5 5 5 5 5 5 5 5 5 5 5 5 5 5 5 5 5 5
6 36 3 3 4 5 5 5 5 5 5 5 5 5 5 5 5 5 5 5 5 5 5 5 5 5 5 5 5 5 5 5 5 5 5 5 5 5
6 37 3 3 4 5 5 5 5 5 5 5 5 5 5 5 5 5 5 5 5 5 5 5 5 5 5 5 5 5 5 5 5 5 5 5 5 5 5
6 38 3 3 4 5 5 5 5 5 5 5 5 5 5 5 5 5 5 5 5 5 5 5 5 5 5 5 5 5 5 5 5 5 5 5 5 5 5 5
6 39 3 3 4 5 5 5 5 5 5 5 5 5 5 5 5 5 5 5 5 5 5 5 5 5 5 5 5 5 5 5 5 5 5 5 5 5 5 5 5
6 40 3 3 4 5 5 5 5 5 5 5 5 5 5 5 5 5 5 5 5 5 5 5 5 5 5 5 5 5 5 5 5 5 5 5 5 5 5 5 5 5
6 3 3 4 4
6 4 3 4 4 5
6 5 3 4 4 5 5
6 6 3 4 4 5 5 5
6 7 3 4 4 5 5 5 5
6 8 3 4 4 5 5 5 5 5
6 9 3 4 4 5 5 5 5 5 5
6 10 3 4 4 5 5 5 5 5 5 5
6 11 3 4 4 5 5 5 5 5 5 5 5
6 12 3 4 4 5 5 5 5 5 5 5 5 5
6 13 3 4 4 5 5 5 5 5 5 5 5 5 5
6 14 3 4 4 5 5 5 5 5 5 5 5 5 5 5
6 15 3 4 4 5 5 5 5 5 5 5 5 5 5 5 5
6 16 3 4 4 5 5 5 5 5 5 5 5 5 5 5 5 5
6 17 3 4 4 5 5 5 5 5 5 5 5 5 5 5 5 5 5
6 18 3 4 4 5 5 5 5 5 5 5 5 5 5 5 5 5 5 5
6 19 3 4 4 5 5 5 5 5 5 5 5 5 5 5 5 5 5 5 5
6 20 3 4 4 5 5 5 5 5 5 5 5 5 5 5 5 5 5 5 5 5
6 21 3 4 4 5 5 5 5 5 5 5 5 5 5 5 5 5 5 5 5 5 5
6 22 3 4 4 5 5 5 5 5 5 5 5 5 5 5 5 5 5 5 5 5 5 5
6 23 3 4 4 5 5 5 5 5 5 5 5 5 5 5 5 5 5 5 5 5 5 5 5
6 24 3 4 4 5 5 5 5 5 5 5 5 5 5 5 5 5 5 5 5 5 5 5 5 5
6 25 3 4 4 5 5 5 5 5 5 5 5 5 5 5 5 5 5 5 5 5 5 5 5 5 5
6 26 3 4 4 5 5 5 5 5 5 5 5 5 5 5 5 5 5 5 5 5 5 5 5 5 5 5
6 27 3 4 4 5 5 5 5 5 5 5 5 5 5 5 5 5 5 5 5 5 5 5 5 5 5 5 5
6 28 3 4 4 5 5 5 5 5 5 5 5 5 5 5 5 5 5 5 5 5 5 5 5 5 5 5 5 5
6 29 3 4 4 5 5 5 5 5 5 5 5 5 5 5 5 5 5 5 5 5 5 5 5 5 5 5 5 5 5
6 30 3 4 4 5 5 5 5 5 5 5 5 5 5 5 5 5 5 5 5 5 5 5 5 5 5 5 5 5 5 5
6 31 3 4 4 5 5 5 5 5 5 5 5 5 5 5 5 5 5 5 5 5 5 5 5 5 5 5 5 5 5 5 5
6 32 3 4 4 5 5 5 5 5 5 5 5 5 5 5 5 5 5 5 5 5 5 5 5 5 5 5 5 5 5 5 5 5
6 33 3 4 4 5 5 5 5 5 5 5 5 5 5 5 5 5 5 5 5 5 5 5 5 5 5 5 5 5 5 5 5 5 5
6 34 3 4 4 5 5 5 5 5 5 5 5 5 5 5 5 5 5 5 5 5 5 5 5 5 5 5 5 5 5 5 5 5 5 5
6 35 3 4 4 5 5 5 5 5 5 5 5 5 5 5 5 5 5 5 5 5 5 5 5 5 5 5 5 5 5 5 5 5 5 5 5
6 36 3 4 4 5 5 5 5 5 5 5 5 5 5 5 5 5 5 5 5 5 5 5 5 5 5 5 5 5 5 5 5 5 5 5 5 5
6 37 3 4 4 5 5 5 5 5 5 5 5 5 5 5 5 5 5 5 5 5 5 5 5 5 5 5 5 5 5 5 5 5 5 5 5 5 5
6 38 3 4 4 5 5 5 5 5 5 5 5 5 5 5 5 5 5 5 5 5 5 5 5 5 5 5 5 5 5 5 5 5 5 5 5 5 5 5
6 39 3 4 4 5 5 5 5 5 5 5 5 5 5 5 5 5 5 5 5 5 5 5 5 5 5 5 5 5 5 5 5 5 5 5 5 5 5 5 5
6 40 3 4 4 5 5 5 5 5 5 5 5 5 5 5 5 5 5 5 5 5 5 5 5 5 5 5 5 5 5 5 5 5 5 5 5 5 5 5 5 5
6 3 4 4 4
6 4 4 4 4 5
6 5 4 4 4 5 5
6 6 4 4 4 5 5 5
6 7 4 4 4 5 5 5 5
6 8 4 4 4 5 5 5 5 5
6 9 4 4 4 5 5 5 5 5 5
6 10 4 4 4 5 5 5 5 5 5 5
6 11 4 4 4 5 5 5 5 5 5 5 5
6 12 4 4 4 5 5 5 5 5 5 5 5 5
6 13 4 4 4 5 5 5 5 5 5 5 5 5 5
6 14 4 4 4 5 5 5 5 5 5 5 5 5 5 5
6 15 4 4 4 5 5 5 5 5 5 5 5 5 5 5 5
6 16 4 4 4 5 5 5 5 5 5 5 5 5 5 5 5 5
6 17 4 4 4 5 5 5 5 5 5 5 5 5 5 5 5 5 5
6 18 4 4 4 5 5 5 5 5 5 5 5 5 5 5 5 5 5 5
6 19 4 4 4 5 5 5 5 5 5 5 5 5 5 5 5 5 5 5 5
6 20 4 4 4 5 5 5 5 5 5 5 5 5 5 5 5 5 5 5 5 5
6 21 4 4 4 5 5 5 5 5 5 5 5 5 5 5 5 5 5 5 5 5 5
6 22 4 4 4 5 5 5 5 5 5 5 5 5 5 5 5 5 5 5 5 5 5 5
6 23 4 4 4 5 5 5 5 5 5 5 5 5 5 5 5 5 5 5 5 5 5 5 5
6 24 4 4 4 5 5 5 5 5 5 5 5 5 5 5 5 5 5 5 5 5 5 5 5 5
6 25 4 4 4 5 5 5 5 5 5 5 5 5 5 5 5 5 5 5 5 5 5 5 5 5 5
6 26 4 4 4 5 5 5 5 5 5 5 5 5 5 5 5 5 5 5 5 5 5 5 5 5 5 5
6 27 4 4 4 5 5 5 5 5 5 5 5 5 5 5 5 5 5 5 5 5 5 5 5 5 5 5 5
6 28 4 4 4 5 5 5 5 5 5 5 5 5 5 5 5 5 5 5 5 5 5 5 5 5 5 5 5 5
6 29 4 4 4 5 5 5 5 5 5 5 5 5 5 5 5 5 5 5 5 5 5 5 5 5 5 5 5 5 5
6 30 4 4 4 5 5 5 5 5 5 5 5 5 5 5 5 5 5 5 5 5 5 5 5 5 5 5 5 5 5 5
6 31 4 4 4 5 5 5 5 5 5 5 5 5 5 5 5 5 5 5 5 5 5 5 5 5 5 5 5 5 5 5 5
6 32 4 4 4 5 5 5 5 5 5 5 5 5 5 5 5 5 5 5 5 5 5 5 5 5 5 5 5 5 5 5 5 5
6 33 4 4 4 5 5 5 5 5 5 5 5 5 5 5 5 5 5 5 5 5 5 5 5 5 5 5 5 5 5 5 5 5 5
6 34 4 4 4 5 5 5 5 5 5 5 5 5 5 5 5 5 5 5 5 5 5 5 5 5 5 5 5 5 5 5 5 5 5 5
6 35 4 4 4 5 5 5 5 5 5 5 5 5 5 5 5 5 5 5 5 5 5 5 5 5 5 5 5 5 5 5 5 5 5 5 5
6 36 4 4 4 5 5 5 5 5 5 5 5 5 5 5 5 5 5 5 5 5 5 5 5 5 5 5 5 5 5 5 5 5 5 5 5 5
6 37 4 4 4 5 5 5 5 5 5 5 5 5 5 5 5 5 5 5 5 5 5 5 5 5 5 5 5 5 5 5 5 5 5 5 5 5 5
6 38 4 4 4 5 5 5 5 5 5 5 5 5 5 5 5 5 5 5 5 5 5 5 5 5 5 5 5 5 5 5 5 5 5 5 5 5 5 5
6 39 4 4 4 5 5 5 5 5 5 5 5 5 5 5 5 5 5 5 5 5 5 5 5 5 5 5 5 5 5 5 5 5 5 5 5 5 5 5 5
6 40 4 4 4 5 5 5 5 5 5 5 5 5 5 5 5 5 5 5 5 5 5 5 5 5 5 5 5 5 5 5 5 5 5 5 5 5 5 5 5 5
