1 0 1 1000
1 0 1 1000
1 0 1 1000
3 0 1 100000
3 0 3 111000
3 0 3 111000
5 0 5 11111000
5 0 5 11111000
5 0 5 11111000
7 0 5 1111100000
7 0 7 1111111000
7 0 7 1111111000
9 0 9 111111111000
9 0 9 111111111000
9 0 9 111111111000
11 0 9 11111111100000
11 0 11 11111111111000
11 0 11 11111111111000
13 0 13 1111111111111000
13 0 13 1111111111111000
13 0 13 1111111111111000
15 0 13 111111111111100000
15 0 15 111111111111111000
15 0 15 111111111111111000
17 0 17 11111111111111111000
17 0 17 11111111111111111000
17 0 17 11111111111111111000
19 0 17 1111111111111111100000
19 0 19 1111111111111111111000
19 0 19 1111111111111111111000
21 0 21 111111111111111111111000
21 0 21 111111111111111111111000
21 0 21 111111111111111111111000
23 0 21 11111111111111111111100000
23 0 23 11111111111111111111111000
23 0 23 11111111111111111111111000
25 0 25 1111111111111111111111111000
25 0 25 1111111111111111111111111000
1 0 1 1000
1 0 1 1000
1 0 1 1000
3 0 3 111000
3 0 3 111000
3 0 3 111000
5 0 5 11111000
5 0 5 11111000
5 0 5 11111000
7 0 7 1111111000
7 0 7 1111111000
7 0 7 1111111000
9 0 9 111111111000
9 0 9 111111111000
9 0 9 111111111000
11 0 11 11111111111000
11 0 11 11111111111000
11 0 11 11111111111000
13 0 13 1111111111111000
13 0 13 1111111111111000
13 0 13 1111111111111000
15 0 15 111111111111111000
15 0 15 111111111111111000
15 0 15 111111111111111000
17 0 17 11111111111111111000
17 0 17 11111111111111111000
17 0 17 11111111111111111000
19 0 19 1111111111111111111000
19 0 19 1111111111111111111000
19 0 19 1111111111111111111000
21 0 21 111111111111111111111000
21 0 21 111111111111111111111000
21 0 21 111111111111111111111000
23 0 23 11111111111111111111111000
23 0 23 11111111111111111111111000
23 0 23 11111111111111111111111000
25 0 25 1111111111111111111111111000
25 0 25 1111111111111111111111111000
1 0 1 1000
1 0 1 1000
1 0 1 1000
3 0 3 111000
3 0 3 111000
3 0 3 111000
5 0 5 11111000
5 0 5 11111000
5 0 5 11111000
7 0 7 1111111000
7 0 7 1111111000
7 0 7 1111111000
9 0 9 111111111000
9 0 9 111111111000
9 0 9 111111111000
11 0 11 11111111111000
11 0 11 11111111111000
11 0 11 11111111111000
13 0 13 1111111111111000
13 0 13 1111111111111000
13 0 13 1111111111111000
15 0 15 111111111111111000
15 0 15 111111111111111000
15 0 15 111111111111111000
17 0 17 11111111111111111000
17 0 17 11111111111111111000
17 0 17 11111111111111111000
19 0 19 1111111111111111111000
19 0 19 1111111111111111111000
19 0 19 1111111111111111111000
21 0 21 111111111111111111111000
21 0 21 111111111111111111111000
21 0 21 111111111111111111111000
23 0 23 11111111111111111111111000
23 0 23 11111111111111111111111000
23 0 23 11111111111111111111111000
25 0 25 1111111111111111111111111000
25 0 25 1111111111111111111111111000
1 0 1 1000
1 0 1 1000
1 0 1 1000
3 0 3 111000
3 0 3 111000
3 0 3 111000
5 0 5 11111000
5 0 5 11111000
5 0 5 11111000
7 0 7 1111111000
7 0 7 1111111000
7 0 7 1111111000
9 0 9 111111111000
9 0 9 111111111000
9 0 9 111111111000
11 0 11 11111111111000
11 0 11 11111111111000
11 0 11 11111111111000
13 0 13 1111111111111000
13 0 13 1111111111111000
13 0 13 1111111111111000
15 0 15 111111111111111000
15 0 15 111111111111111000
15 0 15 111111111111111000
17 0 17 11111111111111111000
17 0 17 11111111111111111000
17 0 17 11111111111111111000
19 0 19 1111111111111111111000
19 0 19 1111111111111111111000
19 0 19 1111111111111111111000
21 0 21 111111111111111111111000
21 0 21 111111111111111111111000
21 0 21 111111111111111111111000
23 0 23 11111111111111111111111000
23 0 23 11111111111111111111111000
23 0 23 11111111111111111111111000
25 0 25 1111111111111111111111111000
25 0 25 1111111111111111111111111000
1 0 1 1000
1 0 1 1000
1 0 1 1000
3 0 3 111000
3 0 3 111000
3 0 3 111000
5 0 5 11111000
5 0 5 11111000
5 0 5 11111000
7 0 7 1111111000
7 0 7 1111111000
7 0 7 1111111000
9 0 9 111111111000
9 0 9 111111111000
9 0 9 111111111000
11 0 11 11111111111000
11 0 11 11111111111000
11 0 11 11111111111000
13 0 13 1111111111111000
13 0 13 1111111111111000
13 0 13 1111111111111000
15 0 15 111111111111111000
15 0 15 111111111111111000
15 0 15 111111111111111000
17 0 17 11111111111111111000
17 0 17 11111111111111111000
17 0 17 11111111111111111000
19 0 19 1111111111111111111000
19 0 19 1111111111111111111000
19 0 19 1111111111111111111000
21 0 21 111111111111111111111000
21 0 21 111111111111111111111000
21 0 21 111111111111111111111000
23 0 23 11111111111111111111111000
23 0 23 11111111111111111111111000
23 0 23 11111111111111111111111000
25 0 25 1111111111111111111111111000
25 0 25 1111111111111111111111111000
1 0 1 1000
1 0 1 1000
3 0 3 111000
3 0 3 111000
3 0 3 111000
5 0 3 11100000
5 0 5 11111000
5 0 5 11111000
7 0 7 1111111000
7 0 7 1111111000
7 0 7 1111111000
9 0 7 111111100000
9 0 9 111111111000
9 0 9 111111111000
11 0 11 11111111111000
11 0 11 11111111111000
11 0 11 11111111111000
13 0 11 1111111111100000
13 0 13 1111111111111000
13 0 13 1111111111111000
15 0 15 111111111111111000
15 0 15 111111111111111000
15 0 15 111111111111111000
17 0 15 11111111111111100000
17 0 17 11111111111111111000
17 0 17 11111111111111111000
19 0 19 1111111111111111111000
19 0 19 1111111111111111111000
19 0 19 1111111111111111111000
21 0 19 111111111111111111100000
21 0 21 111111111111111111111000
21 0 21 111111111111111111111000
23 0 23 11111111111111111111111000
23 0 23 11111111111111111111111000
23 0 23 11111111111111111111111000
25 0 23 1111111111111111111111100000
25 0 25 1111111111111111111111111000
25 0 25 1111111111111111111111111000
1 0 1 1000
1 0 1 1000
1 0 1 1000
3 0 3 111000
3 0 3 111000
3 0 3 111000
5 0 5 11111000
5 0 5 11111000
5 0 5 11111000
7 0 7 1111111000
7 0 7 1111111000
7 0 7 1111111000
9 0 9 111111111000
9 0 9 111111111000
9 0 9 111111111000
11 0 11 11111111111000
11 0 11 11111111111000
11 0 11 11111111111000
13 0 13 1111111111111000
13 0 13 1111111111111000
13 0 13 1111111111111000
15 0 15 111111111111111000
15 0 15 111111111111111000
15 0 15 111111111111111000
17 0 17 11111111111111111000
17 0 17 11111111111111111000
17 0 17 11111111111111111000
19 0 19 1111111111111111111000
19 0 19 1111111111111111111000
19 0 19 1111111111111111111000
21 0 21 111111111111111111111000
21 0 21 111111111111111111111000
21 0 21 111111111111111111111000
23 0 23 11111111111111111111111000
23 0 23 11111111111111111111111000
23 0 23 11111111111111111111111000
25 0 25 1111111111111111111111111000
25 0 25 1111111111111111111111111000
1 0 1 1000
1 0 1 1000
3 0 1 100000
3 0 3 111000
3 0 3 111000
5 0 3 11100000
5 0 5 11111000
5 0 5 11111000
7 0 5 1111100000
7 0 7 1111111000
7 0 7 1111111000
9 0 7 111111100000
9 0 9 111111111000
9 0 9 111111111000
11 0 9 11111111100000
11 0 11 11111111111000
11 0 11 11111111111000
13 0 11 1111111111100000
13 0 13 1111111111111000
13 0 13 1111111111111000
15 0 13 111111111111100000
15 0 15 111111111111111000
15 0 15 111111111111111000
17 0 15 11111111111111100000
17 0 17 11111111111111111000
17 0 17 11111111111111111000
19 0 17 1111111111111111100000
19 0 19 1111111111111111111000
19 0 19 1111111111111111111000
21 0 19 111111111111111111100000
21 0 21 111111111111111111111000
21 0 21 111111111111111111111000
23 0 21 11111111111111111111100000
23 0 23 11111111111111111111111000
23 0 23 11111111111111111111111000
25 0 23 1111111111111111111111100000
25 0 25 1111111111111111111111111000
25 0 25 1111111111111111111111111000
1 0 1 1000
1 0 1 1000
3 0 3 111000
3 0 3 111000
3 0 3 111000
5 0 5 11111000
5 0 5 11111000
5 0 5 11111000
7 0 7 1111111000
7 0 7 1111111000
7 0 7 1111111000
9 0 9 111111111000
9 0 9 111111111000
9 0 9 111111111000
11 0 11 11111111111000
11 0 11 11111111111000
11 0 11 11111111111000
13 0 13 1111111111111000
13 0 13 1111111111111000
13 0 13 1111111111111000
15 0 15 111111111111111000
15 0 15 111111111111111000
15 0 15 111111111111111000
17 0 17 11111111111111111000
17 0 17 11111111111111111000
17 0 17 11111111111111111000
19 0 19 1111111111111111111000
19 0 19 1111111111111111111000
19 0 19 1111111111111111111000
21 0 21 111111111111111111111000
21 0 21 111111111111111111111000
21 0 21 111111111111111111111000
23 0 23 11111111111111111111111000
23 0 23 11111111111111111111111000
23 0 23 11111111111111111111111000
25 0 25 1111111111111111111111111000
25 0 25 1111111111111111111111111000
25 0 25 1111111111111111111111111000
1 0 1 1000
1 0 1 1000
3 0 3 111000
3 0 3 111000
3 0 3 111000
5 0 5 11111000
5 0 5 11111000
5 0 5 11111000
7 0 7 1111111000
7 0 7 1111111000
7 0 7 1111111000
9 0 9 111111111000
9 0 9 111111111000
9 0 9 111111111000
11 0 11 11111111111000
11 0 11 11111111111000
11 0 11 11111111111000
13 0 13 1111111111111000
13 0 13 1111111111111000
13 0 13 1111111111111000
15 0 15 111111111111111000
15 0 15 111111111111111000
15 0 15 111111111111111000
17 0 17 11111111111111111000
17 0 17 11111111111111111000
17 0 17 11111111111111111000
19 0 19 1111111111111111111000
19 0 19 1111111111111111111000
19 0 19 1111111111111111111000
21 0 21 111111111111111111111000
21 0 21 111111111111111111111000
21 0 21 111111111111111111111000
23 0 23 11111111111111111111111000
23 0 23 11111111111111111111111000
23 0 23 11111111111111111111111000
25 0 25 1111111111111111111111111000
25 0 25 1111111111111111111111111000
25 0 25 1111111111111111111111111000
