8 3 2 2 2
8 4 2 2 2 7
8 5 2 2 2 7 7
8 6 2 2 2 7 7 7
8 7 2 2 2 7 7 7 7
8 8 2 2 2 7 7 7 7 7
8 9 2 2 2 7 7 7 7 7 7
8 10 2 2 2 7 7 7 7 7 7 7
8 11 2 2 2 7 7 7 7 7 7 7 7
8 12 2 2 2 7 7 7 7 7 7 7 7 7
8 13 2 2 2 7 7 7 7 7 7 7 7 7 7
8 14 2 2 2 7 7 7 7 7 7 7 7 7 7 7
8 15 2 2 2 7 7 7 7 7 7 7 7 7 7 7 7
8 16 2 2 2 7 7 7 7 7 7 7 7 7 7 7 7 7
8 17 2 2 2 7 7 7 7 7 7 7 7 7 7 7 7 7 7
8 18 2 2 2 7 7 7 7 7 7 7 7 7 7 7 7 7 7 7
8 19 2 2 2 7 7 7 7 7 7 7 7 7 7 7 7 7 7 7 7
8 20 2 2 2 7 7 7 7 7 7 7 7 7 7 7 7 7 7 7 7 7
8 21 2 2 2 7 7 7 7 7 7 7 7 7 7 7 7 7 7 7 7 7 7
8 22 2 2 2 7 7 7 7 7 7 7 7 7 7 7 7 7 7 7 7 7 7 7
8 23 2 2 2 7 7 7 7 7 7 7 7 7 7 7 7 7 7 7 7 7 7 7 7
8 24 2 2 2 7 7 7 7 7 7 7 7 7 7 7 7 7 7 7 7 7 7 7 7 7
8 25 2 2 2 7 7 7 7 7 7 7 7 7 7 7 7 7 7 7 7 7 7 7 7 7 7
8 26 2 2 2 7 7 7 7 7 7 7 7 7 7 7 7 7 7 7 7 7 7 7 7 7 7 7
8 27 2 2 2 7 7 7 7 7 7 7 7 7 7 7 7 7 7 7 7 7 7 7 7 7 7 7 7
8 28 2 2 2 7 7 7 7 7 7 7 7 7 7 7 7 7 7 7 7 7 7 7 7 7 7 7 7 7
8 29 2 2 2 7 7 7 7 7 7 7 7 7 7 7 7 7 7 7 7 7 7 7 7 7 7 7 7 7 7
8 30 2 2 2 7 7 7 7 7 7 7 7 7 7 7 7 7 7 7 7 7 7 7 7 7 7 7 7 7 7 7
8 31 2 2 2 7 7 7 7 7 7 7 7 7 7 7 7 7 7 7 7 7 7 7 7 7 7 7 7 7 7 7 7
8 32 2 2 2 7 7 7 7 7 7 7 7 7 7 7 7 7 7 7 7 7 7 7 7 7 7 7 7 7 7 7 7 7
8 33 2 2 2 7 7 7 7 7 7 7 7 7 7 7 7 7 7 7 7 7 7 7 7 7 7 7 7 7 7 7 7 7 7
8 34 2 2 2 7 7 7 7 7 7 7 7 7 7 7 7 7 7 7 7 7 7 7 7 7 7 7 7 7 7 7 7 7 7 7
8 35 2 2 2 7 7 7 7 7 7 7 7 7 7 7 7 7 7 7 7 7 7 7 7 7 7 7 7 7 7 7 7 7 7 7 7
8 36 2 2 2 7 7 7 7 7 7 7 7 7 7 7 7 7 7 7 7 7 7 7 7 7 7 7 7 7 7 7 7 7 7 7 7 7
8 37 2 2 2 7 7 7 7 7 7 7 7 7 7 7 7 7 7 7 7 7 7 7 7 7 7 7 7 7 7 7 7 7 7 7 7 7 7
8 38 2 2 2 7 7 7 7 7 7 7 7 7 7 7 7 7 7 7 7 7 7 7 7 7 7 7 7 7 7 7 7 7 7 7 7 7 7 7
8 39 2 2 2 7 7 7 7 7 7 7 7 7 7 7 7 7 7 7 7 7 7 7 7 7 7 7 7 7 7 7 7 7 7 7 7 7 7 7 7
8 40 2 2 2 7 7 7 7 7 7 7 7 7 7 7 7 7 7 7 7 7 7 7 7 7 7 7 7 7 7 7 7 7 7 7 7 7 7 7 7 7
8 3 2 2 3
8 4 2 2 3 7
8 5 2 2 3 7 7
8 6 2 2 3 7 7 7
8 7 2 2 3 7 7 7 7
8 8 2 2 3 7 7 7 7 7
8 9 2 2 3 7 7 7 7 7 7
8 10 2 2 3 7 7 7 7 7 7 7
8 11 2 2 3 7 7 7 7 7 7 7 7
8 12 2 2 3 7 7 7 7 7 7 7 7 7
8 13 2 2 3 7 7 7 7 7 7 7 7 7 7
8 14 2 2 3 7 7 7 7 7 7 7 7 7 7 7
8 15 2 2 3 7 7 7 7 7 7 7 7 7 7 7 7
8 16 2 2 3 7 7 7 7 7 7 7 7 7 7 7 7 7
8 17 2 2 3 7 7 7 7 7 7 7 7 7 7 7 7 7 7
8 18 2 2 3 7 7 7 7 7 7 7 7 7 7 7 7 7 7 7
8 19 2 2 3 7 7 7 7 7 7 7 7 7 7 7 7 7 7 7 7
8 20 2 2 3 7 7 7 7 7 7 7 7 7 7 7 7 7 7 7 7 7
8 21 2 2 3 7 7 7 7 7 7 7 7 7 7 7 7 7 7 7 7 7 7
8 22 2 2 3 7 7 7 7 7 7 7 7 7 7 7 7 7 7 7 7 7 7 7
8 23 2 2 3 7 7 7 7 7 7 7 7 7 7 7 7 7 7 7 7 7 7 7 7
8 24 2 2 3 7 7 7 7 7 7 7 7 7 7 7 7 7 7 7 7 7 7 7 7 7
8 25 2 2 3 7 7 7 7 7 7 7 7 7 7 7 7 7 7 7 7 7 7 7 7 7 7
8 26 2 2 3 7 7 7 7 7 7 7 7 7 7 7 7 7 7 7 7 7 7 7 7 7 7 7
8 27 2 2 3 7 7 7 7 7 7 7 7 7 7 7 7 7 7 7 7 7 7 7 7 7 7 7 7
8 28 2 2 3 7 7 7 7 7 7 7 7 7 7 7 7 7 7 7 7 7 7 7 7 7 7 7 7 7
8 29 2 2 3 7 7 7 7 7 7 7 7 7 7 7 7 7 7 7 7 7 7 7 7 7 7 7 7 7 7
8 30 2 2 3 7 7 7 7 7 7 7 7 7 7 7 7 7 7 7 7 7 7 7 7 7 7 7 7 7 7 7
8 31 2 2 3 7 7 7 7 7 7 7 7 7 7 7 7 7 7 7 7 7 7 7 7 7 7 7 7 7 7 7 7
8 32 2 2 3 7 7 7 7 7 7 7 7 7 7 7 7 7 7 7 7 7 7 7 7 7 7 7 7 7 7 7 7 7
8 33 2 2 3 7 7 7 7 7 7 7 7 7 7 7 7 7 7 7 7 7 7 7 7 7 7 7 7 7 7 7 7 7 7
8 34 2 2 3 7 7 7 7 7 7 7 7 7 7 7 7 7 7 7 7 7 7 7 7 7 7 7 7 7 7 7 7 7 7 7
8 35 2 2 3 7 7 7 7 7 7 7 7 7 7 7 7 7 7 7 7 7 7 7 7 7 7 7 7 7 7 7 7 7 7 7 7
8 36 2 2 3 7 7 7 7 7 7 7 7 7 7 7 7 7 7 7 7 7 7 7 7 7 7 7 7 7 7 7 7 7 7 7 7 7
8 37 2 2 3 7 7 7 7 7 7 7 7 7 7 7 7 7 7 7 7 7 7 7 7 7 7 7 7 7 7 7 7 7 7 7 7 7 7
8 38 2 2 3 7 7 7 7 7 7 7 7 7 7 7 7 7 7 7 7 7 7 7 7 7 7 7 7 7 7 7 7 7 7 7 7 7 7 7
8 39 2 2 3 7 7 7 7 7 7 7 7 7 7 7 7 7 7 7 7 7 7 7 7 7 7 7 7 7 7 7 7 7 7 7 7 7 7 7 7
8 40 2 2 3 7 7 7 7 7 7 7 7 7 7 7 7 7 7 7 7 7 7 7 7 7 7 7 7 7 7 7 7 7 7 7 7 7 7 7 7 7
8 3 2 2 4
8 4 2 2 4 7
8 5 2 2 4 7 7
8 6 2 2 4 7 7 7
8 7 2 2 4 7 7 7 7
8 8 2 2 4 7 7 7 7 7
8 9 2 2 4 7 7 7 7 7 7
8 10 2 2 4 7 7 7 7 7 7 7
8 11 2 2 4 7 7 7 7 7 7 7 7
8 12 2 2 4 7 7 7 7 7 7 7 7 7
8 13 2 2 4 7 7 7 7 7 7 7 7 7 7
8 14 2 2 4 7 7 7 7 7 7 7 7 7 7 7
8 15 2 2 4 7 7 7 7 7 7 7 7 7 7 7 7
8 16 2 2 4 7 7 7 7 7 7 7 7 7 7 7 7 7
8 17 2 2 4 7 7 7 7 7 7 7 7 7 7 7 7 7 7
8 18 2 2 4 7 7 7 7 7 7 7 7 7 7 7 7 7 7 7
8 19 2 2 4 7 7 7 7 7 7 7 7 7 7 7 7 7 7 7 7
8 20 2 2 4 7 7 7 7 7 7 7 7 7 7 7 7 7 7 7 7 7
8 21 2 2 4 7 7 7 7 7 7 7 7 7 7 7 7 7 7 7 7 7 7
8 22 2 2 4 7 7 7 7 7 7 7 7 7 7 7 7 7 7 7 7 7 7 7
8 23 2 2 4 7 7 7 7 7 7 7 7 7 7 7 7 7 7 7 7 7 7 7 7
8 24 2 2 4 7 7 7 7 7 7 7 7 7 7 7 7 7 7 7 7 7 7 7 7 7
8 25 2 2 4 7 7 7 7 7 7 7 7 7 7 7 7 7 7 7 7 7 7 7 7 7 7
8 26 2 2 4 7 7 7 7 7 7 7 7 7 7 7 7 7 7 7 7 7 7 7 7 7 7 7
8 27 2 2 4 7 7 7 7 7 7 7 7 7 7 7 7 7 7 7 7 7 7 7 7 7 7 7 7
8 28 2 2 4 7 7 7 7 7 7 7 7 7 7 7 7 7 7 7 7 7 7 7 7 7 7 7 7 7
8 29 2 2 4 7 7 7 7 7 7 7 7 7 7 7 7 7 7 7 7 7 7 7 7 7 7 7 7 7 7
8 30 2 2 4 7 7 7 7 7 7 7 7 7 7 7 7 7 7 7 7 7 7 7 7 7 7 7 7 7 7 7
8 31 2 2 4 7 7 7 7 7 7 7 7 7 7 7 7 7 7 7 7 7 7 7 7 7 7 7 7 7 7 7 7
8 32 2 2 4 7 7 7 7 7 7 7 7 7 7 7 7 7 7 7 7 7 7 7 7 7 7 7 7 7 7 7 7 7
8 33 2 2 4 7 7 7 7 7 7 7 7 7 7 7 7 7 7 7 7 7 7 7 7 7 7 7 7 7 7 7 7 7 7
8 34 2 2 4 7 7 7 7 7 7 7 7 7 7 7 7 7 7 7 7 7 7 7 7 7 7 7 7 7 7 7 7 7 7 7
8 35 2 2 4 7 7 7 7 7 7 7 7 7 7 7 7 7 7 7 7 7 7 7 7 7 7 7 7 7 7 7 7 7 7 7 7
8 36 2 2 4 7 7 7 7 7 7 7 7 7 7 7 7 7 7 7 7 7 7 7 7 7 7 7 7 7 7 7 7 7 7 7 7 7
8 37 2 2 4 7 7 7 7 7 7 7 7 7 7 7 7 7 7 7 7 7 7 7 7 7 7 7 7 7 7 7 7 7 7 7 7 7 7
8 38 2 2 4 7 7 7 7 7 7 7 7 7 7 7 7 7 7 7 7 7 7 7 7 7 7 7 7 7 7 7 7 7 7 7 7 7 7 7
8 39 2 2 4 7 7 7 7 7 7 7 7 7 7 7 7 7 7 7 7 7 7 7 7 7 7 7 7 7 7 7 7 7 7 7 7 7 7 7 7
8 40 2 2 4 7 7 7 7 7 7 7 7 7 7 7 7 7 7 7 7 7 7 7 7 7 7 7 7 7 7 7 7 7 7 7 7 7 7 7 7 7
8 3 2 2 5
8 4 2 2 5 7
8 5 2 2 5 7 7
8 6 2 2 5 7 7 7
8 7 2 2 5 7 7 7 7
8 8 2 2 5 7 7 7 7 7
8 9 2 2 5 7 7 7 7 7 7
8 10 2 2 5 7 7 7 7 7 7 7
8 11 2 2 5 7 7 7 7 7 7 7 7
8 12 2 2 5 7 7 7 7 7 7 7 7 7
8 13 2 2 5 7 7 7 7 7 7 7 7 7 7
8 14 2 2 5 7 7 7 7 7 7 7 7 7 7 7
8 15 2 2 5 7 7 7 7 7 7 7 7 7 7 7 7
8 16 2 2 5 7 7 7 7 7 7 7 7 7 7 7 7 7
8 17 2 2 5 7 7 7 7 7 7 7 7 7 7 7 7 7 7
8 18 2 2 5 7 7 7 7 7 7 7 7 7 7 7 7 7 7 7
8 19 2 2 5 7 7 7 7 7 7 7 7 7 7 7 7 7 7 7 7
8 20 2 2 5 7 7 7 7 7 7 7 7 7 7 7 7 7 7 7 7 7
8 21 2 2 5 7 7 7 7 7 7 7 7 7 7 7 7 7 7 7 7 7 7
8 22 2 2 5 7 7 7 7 7 7 7 7 7 7 7 7 7 7 7 7 7 7 7
8 23 2 2 5 7 7 7 7 7 7 7 7 7 7 7 7 7 7 7 7 7 7 7 7
8 24 2 2 5 7 7 7 7 7 7 7 7 7 7 7 7 7 7 7 7 7 7 7 7 7
8 25 2 2 5 7 7 7 7 7 7 7 7 7 7 7 7 7 7 7 7 7 7 7 7 7 7
8 26 2 2 5 7 7 7 7 7 7 7 7 7 7 7 7 7 7 7 7 7 7 7 7 7 7 7
8 27 2 2 5 7 7 7 7 7 7 7 7 7 7 7 7 7 7 7 7 7 7 7 7 7 7 7 7
8 28 2 2 5 7 7 7 7 7 7 7 7 7 7 7 7 7 7 7 7 7 7 7 7 7 7 7 7 7
8 29 2 2 5 7 7 7 7 7 7 7 7 7 7 7 7 7 7 7 7 7 7 7 7 7 7 7 7 7 7
8 30 2 2 5 7 7 7 7 7 7 7 7 7 7 7 7 7 7 7 7 7 7 7 7 7 7 7 7 7 7 7
8 31 2 2 5 7 7 7 7 7 7 7 7 7 7 7 7 7 7 7 7 7 7 7 7 7 7 7 7 7 7 7 7
8 32 2 2 5 7 7 7 7 7 7 7 7 7 7 7 7 7 7 7 7 7 7 7 7 7 7 7 7 7 7 7 7 7
8 33 2 2 5 7 7 7 7 7 7 7 7 7 7 7 7 7 7 7 7 7 7 7 7 7 7 7 7 7 7 7 7 7 7
8 34 2 2 5 7 7 7 7 7 7 7 7 7 7 7 7 7 7 7 7 7 7 7 7 7 7 7 7 7 7 7 7 7 7 7
8 35 2 2 5 7 7 7 7 7 7 7 7 7 7 7 7 7 7 7 7 7 7 7 7 7 7 7 7 7 7 7 7 7 7 7 7
8 36 2 2 5 7 7 7 7 7 7 7 7 7 7 7 7 7 7 7 7 7 7 7 7 7 7 7 7 7 7 7 7 7 7 7 7 7
8 37 2 2 5 7 7 7 7 7 7 7 7 7 7 7 7 7 7 7 7 7 7 7 7 7 7 7 7 7 7 7 7 7 7 7 7 7 7
8 38 2 2 5 7 7 7 7 7 7 7 7 7 7 7 7 7 7 7 7 7 7 7 7 7 7 7 7 7 7 7 7 7 7 7 7 7 7 7
8 39 2 2 5 7 7 7 7 7 7 7 7 7 7 7 7 7 7 7 7 7 7 7 7 7 7 7 7 7 7 7 7 7 7 7 7 7 7 7 7
8 40 2 2 5 7 7 7 7 7 7 7 7 7 7 7 7 7 7 7 7 7 7 7 7 7 7 7 7 7 7 7 7 7 7 7 7 7 7 7 7 7
8 3 2 2 6
8 4 2 2 6 7
8 5 2 2 6 7 7
8 6 2 2 6 7 7 7
8 7 2 2 6 7 7 7 7
8 8 2 2 6 7 7 7 7 7
8 9 2 2 6 7 7 7 7 7 7
8 10 2 2 6 7 7 7 7 7 7 7
8 11 2 2 6 7 7 7 7 7 7 7 7
8 12 2 2 6 7 7 7 7 7 7 7 7 7
8 13 2 2 6 7 7 7 7 7 7 7 7 7 7
8 14 2 2 6 7 7 7 7 7 7 7 7 7 7 7
8 15 2 2 6 7 7 7 7 7 7 7 7 7 7 7 7
8 16 2 2 6 7 7 7 7 7 7 7 7 7 7 7 7 7
8 17 2 2 6 7 7 7 7 7 7 7 7 7 7 7 7 7 7
8 18 2 2 6 7 7 7 7 7 7 7 7 7 7 7 7 7 7 7
8 19 2 2 6 7 7 7 7 7 7 7 7 7 7 7 7 7 7 7 7
8 20 2 2 6 7 7 7 7 7 7 7 7 7 7 7 7 7 7 7 7 7
8 21 2 2 6 7 7 7 7 7 7 7 7 7 7 7 7 7 7 7 7 7 7
8 22 2 2 6 7 7 7 7 7 7 7 7 7 7 7 7 7 7 7 7 7 7 7
8 23 2 2 6 7 7 7 7 7 7 7 7 7 7 7 7 7 7 7 7 7 7 7 7
8 24 2 2 6 7 7 7 7 7 7 7 7 7 7 7 7 7 7 7 7 7 7 7 7 7
8 25 2 2 6 7 7 7 7 7 7 7 7 7 7 7 7 7 7 7 7 7 7 7 7 7 7
8 26 2 2 6 7 7 7 7 7 7 7 7 7 7 7 7 7 7 7 7 7 7 7 7 7 7 7
8 27 2 2 6 7 7 7 7 7 7 7 7 7 7 7 7 7 7 7 7 7 7 7 7 7 7 7 7
8 28 2 2 6 7 7 7 7 7 7 7 7 7 7 7 7 7 7 7 7 7 7 7 7 7 7 7 7 7
8 29 2 2 6 7 7 7 7 7 7 7 7 7 7 7 7 7 7 7 7 7 7 7 7 7 7 7 7 7 7
8 30 2 2 6 7 7 7 7 7 7 7 7 7 7 7 7 7 7 7 7 7 7 7 7 7 7 7 7 7 7 7
8 31 2 2 6 7 7 7 7 7 7 7 7 7 7 7 7 7 7 7 7 7 7 7 7 7 7 7 7 7 7 7 7
8 32 2 2 6 7 7 7 7 7 7 7 7 7 7 7 7 7 7 7 7 7 7 7 7 7 7 7 7 7 7 7 7 7
8 33 2 2 6 7 7 7 7 7 7 7 7 7 7 7 7 7 7 7 7 7 7 7 7 7 7 7 7 7 7 7 7 7 7
8 34 2 2 6 7 7 7 7 7 7 7 7 7 7 7 7 7 7 7 7 7 7 7 7 7 7 7 7 7 7 7 7 7 7 7
8 35 2 2 6 7 7 7 7 7 7 7 7 7 7 7 7 7 7 7 7 7 7 7 7 7 7 7 7 7 7 7 7 7 7 7 7
8 36 2 2 6 7 7 7 7 7 7 7 7 7 7 7 7 7 7 7 7 7 7 7 7 7 7 7 7 7 7 7 7 7 7 7 7 7
8 37 2 2 6 7 7 7 7 7 7 7 7 7 7 7 7 7 7 7 7 7 7 7 7 7 7 7 7 7 7 7 7 7 7 7 7 7 7
8 38 2 2 6 7 7 7 7 7 7 7 7 7 7 7 7 7 7 7 7 7 7 7 7 7 7 7 7 7 7 7 7 7 7 7 7 7 7 7
8 39 2 2 6 7 7 7 7 7 7 7 7 7 7 7 7 7 7 7 7 7 7 7 7 7 7 7 7 7 7 7 7 7 7 7 7 7 7 7 7
8 40 2 2 6 7 7 7 7 7 7 7 7 7 7 7 7 7 7 7 7 7 7 7 7 7 7 7 7 7 7 7 7 7 7 7 7 7 7 7 7 7
8 3 2 3 3
8 4 2 3 3 7
8 5 2 3 3 7 7
8 6 2 3 3 7 7 7
8 7 2 3 3 7 7 7 7
8 8 2 3 3 7 7 7 7 7
8 9 2 3 3 7 7 7 7 7 7
8 10 2 3 3 7 7 7 7 7 7 7
8 11 2 3 3 7 7 7 7 7 7 7 7
8 12 2 3 3 7 7 7 7 7 7 7 7 7
8 13 2 3 3 7 7 7 7 7 7 7 7 7 7
8 14 2 3 3 7 7 7 7 7 7 7 7 7 7 7
8 15 2 3 3 7 7 7 7 7 7 7 7 7 7 7 7
8 16 2 3 3 7 7 7 7 7 7 7 7 7 7 7 7 7
8 17 2 3 3 7 7 7 7 7 7 7 7 7 7 7 7 7 7
8 18 2 3 3 7 7 7 7 7 7 7 7 7 7 7 7 7 7 7
8 19 2 3 3 7 7 7 7 7 7 7 7 7 7 7 7 7 7 7 7
8 20 2 3 3 7 7 7 7 7 7 7 7 7 7 7 7 7 7 7 7 7
8 21 2 3 3 7 7 7 7 7 7 7 7 7 7 7 7 7 7 7 7 7 7
8 22 2 3 3 7 7 7 7 7 7 7 7 7 7 7 7 7 7 7 7 7 7 7
8 23 2 3 3 7 7 7 7 7 7 7 7 7 7 7 7 7 7 7 7 7 7 7 7
8 24 2 3 3 7 7 7 7 7 7 7 7 7 7 7 7 7 7 7 7 7 7 7 7 7
8 25 2 3 3 7 7 7 7 7 7 7 7 7 7 7 7 7 7 7 7 7 7 7 7 7 7
8 26 2 3 3 7 7 7 7 7 7 7 7 7 7 7 7 7 7 7 7 7 7 7 7 7 7 7
8 27 2 3 3 7 7 7 7 7 7 7 7 7 7 7 7 7 7 7 7 7 7 7 7 7 7 7 7
8 28 2 3 3 7 7 7 7 7 7 7 7 7 7 7 7 7 7 7 7 7 7 7 7 7 7 7 7 7
8 29 2 3 3 7 7 7 7 7 7 7 7 7 7 7 7 7 7 7 7 7 7 7 7 7 7 7 7 7 7
8 30 2 3 3 7 7 7 7 7 7 7 7 7 7 7 7 7 7 7 7 7 7 7 7 7 7 7 7 7 7 7
8 31 2 3 3 7 7 7 7 7 7 7 7 7 7 7 7 7 7 7 7 7 7 7 7 7 7 7 7 7 7 7 7
8 32 2 3 3 7 7 7 7 7 7 7 7 7 7 7 7 7 7 7 7 7 7 7 7 7 7 7 7 7 7 7 7 7
8 33 2 3 3 7 7 7 7 7 7 7 7 7 7 7 7 7 7 7 7 7 7 7 7 7 7 7 7 7 7 7 7 7 7
8 34 2 3 3 7 7 7 7 7 7 7 7 7 7 7 7 7 7 7 7 7 7 7 7 7 7 7 7 7 7 7 7 7 7 7
8 35 2 3 3 7 7 7 7 7 7 7 7 7 7 7 7 7 7 7 7 7 7 7 7 7 7 7 7 7 7 7 7 7 7 7 7
8 36 2 3 3 7 7 7 7 7 7 7 7 7 7 7 7 7 7 7 7 7 7 7 7 7 7 7 7 7 7 7 7 7 7 7 7 7
8 37 2 3 3 7 7 7 7 7 7 7 7 7 7 7 7 7 7 7 7 7 7 7 7 7 7 7 7 7 7 7 7 7 7 7 7 7 7
8 38 2 3 3 7 7 7 7 7 7 7 7 7 7 7 7 7 7 7 7 7 7 7 7 7 7 7 7 7 7 7 7 7 7 7 7 7 7 7
8 39 2 3 3 7 7 7 7 7 7 7 7 7 7 7 7 7 7 7 7 7 7 7 7 7 7 7 7 7 7 7 7 7 7 7 7 7 7 7 7
8 40 2 3 3 7 7 7 7 7 7 7 7 7 7 7 7 7 7 7 7 7 7 7 7 7 7 7 7 7 7 7 7 7 7 7 7 7 7 7 7 7
8 3 2 3 4
8 4 2 3 4 7
8 5 2 3 4 7 7
8 6 2 3 4 7 7 7
8 7 2 3 4 7 7 7 7
8 8 2 3 4 7 7 7 7 7
8 9 2 3 4 7 7 7 7 7 7
8 10 2 3 4 7 7 7 7 7 7 7
8 11 2 3 4 7 7 7 7 7 7 7 7
8 12 2 3 4 7 7 7 7 7 7 7 7 7
8 13 2 3 4 7 7 7 7 7 7 7 7 7 7
8 14 2 3 4 7 7 7 7 7 7 7 7 7 7 7
8 15 2 3 4 7 7 7 7 7 7 7 7 7 7 7 7
8 16 2 3 4 7 7 7 7 7 7 7 7 7 7 7 7 7
8 17 2 3 4 7 7 7 7 7 7 7 7 7 7 7 7 7 7
8 18 2 3 4 7 7 7 7 7 7 7 7 7 7 7 7 7 7 7
8 19 2 3 4 7 7 7 7 7 7 7 7 7 7 7 7 7 7 7 7
8 20 2 3 4 7 7 7 7 7 7 7 7 7 7 7 7 7 7 7 7 7
8 21 2 3 4 7 7 7 7 7 7 7 7 7 7 7 7 7 7 7 7 7 7
8 22 2 3 4 7 7 7 7 7 7 7 7 7 7 7 7 7 7 7 7 7 7 7
8 23 2 3 4 7 7 7 7 7 7 7 7 7 7 7 7 7 7 7 7 7 7 7 7
8 24 2 3 4 7 7 7 7 7 7 7 7 7 7 7 7 7 7 7 7 7 7 7 7 7
8 25 2 3 4 7 7 7 7 7 7 7 7 7 7 7 7 7 7 7 7 7 7 7 7 7 7
8 26 2 3 4 7 7 7 7 7 7 7 7 7 7 7 7 7 7 7 7 7 7 7 7 7 7 7
8 27 2 3 4 7 7 7 7 7 7 7 7 7 7 7 7 7 7 7 7 7 7 7 7 7 7 7 7
8 28 2 3 4 7 7 7 7 7 7 7 7 7 7 7 7 7 7 7 7 7 7 7 7 7 7 7 7 7
8 29 2 3 4 7 7 7 7 7 7 7 7 7 7 7 7 7 7 7 7 7 7 7 7 7 7 7 7 7 7
8 30 2 3 4 7 7 7 7 7 7 7 7 7 7 7 7 7 7 7 7 7 7 7 7 7 7 7 7 7 7 7
8 31 2 3 4 7 7 7 7 7 7 7 7 7 7 7 7 7 7 7 7 7 7 7 7 7 7 7 7 7 7 7 7
8 32 2 3 4 7 7 7 7 7 7 7 7 7 7 7 7 7 7 7 7 7 7 7 7 7 7 7 7 7 7 7 7 7
8 33 2 3 4 7 7 7 7 7 7 7 7 7 7 7 7 7 7 7 7 7 7 7 7 7 7 7 7 7 7 7 7 7 7
8 34 2 3 4 7 7 7 7 7 7 7 7 7 7 7 7 7 7 7 7 7 7 7 7 7 7 7 7 7 7 7 7 7 7 7
8 35 2 3 4 7 7 7 7 7 7 7 7 7 7 7 7 7 7 7 7 7 7 7 7 7 7 7 7 7 7 7 7 7 7 7 7
8 36 2 3 4 7 7 7 7 7 7 7 7 7 7 7 7 7 7 7 7 7 7 7 7 7 7 7 7 7 7 7 7 7 7 7 7 7
8 37 2 3 4 7 7 7 7 7 7 7 7 7 7 7 7 7 7 7 7 7 7 7 7 7 7 7 7 7 7 7 7 7 7 7 7 7 7
8 38 2 3 4 7 7 7 7 7 7 7 7 7 7 7 7 7 7 7 7 7 7 7 7 7 7 7 7 7 7 7 7 7 7 7 7 7 7 7
8 39 2 3 4 7 7 7 7 7 7 7 7 7 7 7 7 7 7 7 7 7 7 7 7 7 7 7 7 7 7 7 7 7 7 7 7 7 7 7 7
8 40 2 3 4 7 7 7 7 7 7 7 7 7 7 7 7 7 7 7 7 7 7 7 7 7 7 7 7 7 7 7 7 7 7 7 7 7 7 7 7 7
8 3 2 3 5
8 4 2 3 5 7
8 5 2 3 5 7 7
8 6 2 3 5 7 7 7
8 7 2 3 5 7 7 7 7
8 8 2 3 5 7 7 7 7 7
8 9 2 3 5 7 7 7 7 7 7
8 10 2 3 5 7 7 7 7 7 7 7
8 11 2 3 5 7 7 7 7 7 7 7 7
8 12 2 3 5 7 7 7 7 7 7 7 7 7
8 13 2 3 5 7 7 7 7 7 7 7 7 7 7
8 14 2 3 5 7 7 7 7 7 7 7 7 7 7 7
8 15 2 3 5 7 7 7 7 7 7 7 7 7 7 7 7
8 16 2 3 5 7 7 7 7 7 7 7 7 7 7 7 7 7
8 17 2 3 5 7 7 7 7 7 7 7 7 7 7 7 7 7 7
8 18 2 3 5 7 7 7 7 7 7 7 7 7 7 7 7 7 7 7
8 19 2 3 5 7 7 7 7 7 7 7 7 7 7 7 7 7 7 7 7
8 20 2 3 5 7 7 7 7 7 7 7 7 7 7 7 7 7 7 7 7 7
8 21 2 3 5 7 7 7 7 7 7 7 7 7 7 7 7 7 7 7 7 7 7
8 22 2 3 5 7 7 7 7 7 7 7 7 7 7 7 7 7 7 7 7 7 7 7
8 23 2 3 5 7 7 7 7 7 7 7 7 7 7 7 7 7 7 7 7 7 7 7 7
8 24 2 3 5 7 7 7 7 7 7 7 7 7 7 7 7 7 7 7 7 7 7 7 7 7
8 25 2 3 5 7 7 7 7 7 7 7 7 7 7 7 7 7 7 7 7 7 7 7 7 7 7
8 26 2 3 5 7 7 7 7 7 7 7 7 7 7 7 7 7 7 7 7 7 7 7 7 7 7 7
8 27 2 3 5 7 7 7 7 7 7 7 7 7 7 7 7 7 7 7 7 7 7 7 7 7 7 7 7
8 28 2 3 5 7 7 7 7 7 7 7 7 7 7 7 7 7 7 7 7 7 7 7 7 7 7 7 7 7
8 29 2 3 5 7 7 7 7 7 7 7 7 7 7 7 7 7 7 7 7 7 7 7 7 7 7 7 7 7 7
8 30 2 3 5 7 7 7 7 7 7 7 7 7 7 7 7 7 7 7 7 7 7 7 7 7 7 7 7 7 7 7
8 31 2 3 5 7 7 7 7 7 7 7 7 7 7 7 7 7 7 7 7 7 7 7 7 7 7 7 7 7 7 7 7
8 32 2 3 5 7 7 7 7 7 7 7 7 7 7 7 7 7 7 7 7 7 7 7 7 7 7 7 7 7 7 7 7 7
8 33 2 3 5 7 7 7 7 7 7 7 7 7 7 7 7 7 7 7 7 7 7 7 7 7 7 7 7 7 7 7 7 7 7
8 34 2 3 5 7 7 7 7 7 7 7 7 7 7 7 7 7 7 7 7 7 7 7 7 7 7 7 7 7 7 7 7 7 7 7
8 35 2 3 5 7 7 7 7 7 7 7 7 7 7 7 7 7 7 7 7 7 7 7 7 7 7 7 7 7 7 7 7 7 7 7 7
8 36 2 3 5 7 7 7 7 7 7 7 7 7 7 7 7 7 7 7 7 7 7 7 7 7 7 7 7 7 7 7 7 7 7 7 7 7
8 37 2 3 5 7 7 7 7 7 7 7 7 7 7 7 7 7 7 7 7 7 7 7 7 7 7 7 7 7 7 7 7 7 7 7 7 7 7
8 38 2 3 5 7 7 7 7 7 7 7 7 7 7 7 7 7 7 7 7 7 7 7 7 7 7 7 7 7 7 7 7 7 7 7 7 7 7 7
8 39 2 3 5 7 7 7 7 7 7 7 7 7 7 7 7 7 7 7 7 7 7 7 7 7 7 7 7 7 7 7 7 7 7 7 7 7 7 7 7
8 40 2 3 5 7 7 7 7 7 7 7 7 7 7 7 7 7 7 7 7 7 7 7 7 7 7 7 7 7 7 7 7 7 7 7 7 7 7 7 7 7
8 3 2 3 6
8 4 2 3 6 7
8 5 2 3 6 7 7
8 6 2 3 6 7 7 7
8 7 2 3 6 7 7 7 7
8 8 2 3 6 7 7 7 7 7
8 9 2 3 6 7 7 7 7 7 7
8 10 2 3 6 7 7 7 7 7 7 7
8 11 2 3 6 7 7 7 7 7 7 7 7
8 12 2 3 6 7 7 7 7 7 7 7 7 7
8 13 2 3 6 7 7 7 7 7 7 7 7 7 7
8 14 2 3 6 7 7 7 7 7 7 7 7 7 7 7
8 15 2 3 6 7 7 7 7 7 7 7 7 7 7 7 7
8 16 2 3 6 7 7 7 7 7 7 7 7 7 7 7 7 7
8 17 2 3 6 7 7 7 7 7 7 7 7 7 7 7 7 7 7
8 18 2 3 6 7 7 7 7 7 7 7 7 7 7 7 7 7 7 7
8 19 2 3 6 7 7 7 7 7 7 7 7 7 7 7 7 7 7 7 7
8 20 2 3 6 7 7 7 7 7 7 7 7 7 7 7 7 7 7 7 7 7
8 21 2 3 6 7 7 7 7 7 7 7 7 7 7 7 7 7 7 7 7 7 7
8 22 2 3 6 7 7 7 7 7 7 7 7 7 7 7 7 7 7 7 7 7 7 7
8 23 2 3 6 7 7 7 7 7 7 7 7 7 7 7 7 7 7 7 7 7 7 7 7
8 24 2 3 6 7 7 7 7 7 7 7 7 7 7 7 7 7 7 7 7 7 7 7 7 7
8 25 2 3 6 7 7 7 7 7 7 7 7 7 7 7 7 7 7 7 7 7 7 7 7 7 7
8 26 2 3 6 7 7 7 7 7 7 7 7 7 7 7 7 7 7 7 7 7 7 7 7 7 7 7
8 27 2 3 6 7 7 7 7 7 7 7 7 7 7 7 7 7 7 7 7 7 7 7 7 7 7 7 7
8 28 2 3 6 7 7 7 7 7 7 7 7 7 7 7 7 7 7 7 7 7 7 7 7 7 7 7 7 7
8 29 2 3 6 7 7 7 7 7 7 7 7 7 7 7 7 7 7 7 7 7 7 7 7 7 7 7 7 7 7
8 30 2 3 6 7 7 7 7 7 7 7 7 7 7 7 7 7 7 7 7 7 7 7 7 7 7 7 7 7 7 7
8 31 2 3 6 7 7 7 7 7 7 7 7 7 7 7 7 7 7 7 7 7 7 7 7 7 7 7 7 7 7 7 7
8 32 2 3 6 7 7 7 7 7 7 7 7 7 7 7 7 7 7 7 7 7 7 7 7 7 7 7 7 7 7 7 7 7
8 33 2 3 6 7 7 7 7 7 7 7 7 7 7 7 7 7 7 7 7 7 7 7 7 7 7 7 7 7 7 7 7 7 7
8 34 2 3 6 7 7 7 7 7 7 7 7 7 7 7 7 7 7 7 7 7 7 7 7 7 7 7 7 7 7 7 7 7 7 7
8 35 2 3 6 7 7 7 7 7 7 7 7 7 7 7 7 7 7 7 7 7 7 7 7 7 7 7 7 7 7 7 7 7 7 7 7
8 36 2 3 6 7 7 7 7 7 7 7 7 7 7 7 7 7 7 7 7 7 7 7 7 7 7 7 7 7 7 7 7 7 7 7 7 7
8 37 2 3 6 7 7 7 7 7 7 7 7 7 7 7 7 7 7 7 7 7 7 7 7 7 7 7 7 7 7 7 7 7 7 7 7 7 7
8 38 2 3 6 7 7 7 7 7 7 7 7 7 7 7 7 7 7 7 7 7 7 7 7 7 7 7 7 7 7 7 7 7 7 7 7 7 7 7
8 39 2 3 6 7 7 7 7 7 7 7 7 7 7 7 7 7 7 7 7 7 7 7 7 7 7 7 7 7 7 7 7 7 7 7 7 7 7 7 7
8 40 2 3 6 7 7 7 7 7 7 7 7 7 7 7 7 7 7 7 7 7 7 7 7 7 7 7 7 7 7 7 7 7 7 7 7 7 7 7 7 7
8 3 2 4 4
8 4 2 4 4 7
8 5 2 4 4 7 7
8 6 2 4 4 7 7 7
8 7 2 4 4 7 7 7 7
8 8 2 4 4 7 7 7 7 7
8 9 2 4 4 7 7 7 7 7 7
8 10 2 4 4 7 7 7 7 7 7 7
8 11 2 4 4 7 7 7 7 7 7 7 7
8 12 2 4 4 7 7 7 7 7 7 7 7 7
8 13 2 4 4 7 7 7 7 7 7 7 7 7 7
8 14 2 4 4 7 7 7 7 7 7 7 7 7 7 7
8 15 2 4 4 7 7 7 7 7 7 7 7 7 7 7 7
8 16 2 4 4 7 7 7 7 7 7 7 7 7 7 7 7 7
8 17 2 4 4 7 7 7 7 7 7 7 7 7 7 7 7 7 7
8 18 2 4 4 7 7 7 7 7 7 7 7 7 7 7 7 7 7 7
8 19 2 4 4 7 7 7 7 7 7 7 7 7 7 7 7 7 7 7 7
8 20 2 4 4 7 7 7 7 7 7 7 7 7 7 7 7 7 7 7 7 7
8 21 2 4 4 7 7 7 7 7 7 7 7 7 7 7 7 7 7 7 7 7 7
8 22 2 4 4 7 7 7 7 7 7 7 7 7 7 7 7 7 7 7 7 7 7 7
8 23 2 4 4 7 7 7 7 7 7 7 7 7 7 7 7 7 7 7 7 7 7 7 7
8 24 2 4 4 7 7 7 7 7 7 7 7 7 7 7 7 7 7 7 7 7 7 7 7 7
8 25 2 4 4 7 7 7 7 7 7 7 7 7 7 7 7 7 7 7 7 7 7 7 7 7 7
8 26 2 4 4 7 7 7 7 7 7 7 7 7 7 7 7 7 7 7 7 7 7 7 7 7 7 7
8 27 2 4 4 7 7 7 7 7 7 7 7 7 7 7 7 7 7 7 7 7 7 7 7 7 7 7 7
8 28 2 4 4 7 7 7 7 7 7 7 7 7 7 7 7 7 7 7 7 7 7 7 7 7 7 7 7 7
8 29 2 4 4 7 7 7 7 7 7 7 7 7 7 7 7 7 7 7 7 7 7 7 7 7 7 7 7 7 7
8 30 2 4 4 7 7 7 7 7 7 7 7 7 7 7 7 7 7 7 7 7 7 7 7 7 7 7 7 7 7 7
8 31 2 4 4 7 7 7 7 7 7 7 7 7 7 7 7 7 7 7 7 7 7 7 7 7 7 7 7 7 7 7 7
8 32 2 4 4 7 7 7 7 7 7 7 7 7 7 7 7 7 7 7 7 7 7 7 7 7 7 7 7 7 7 7 7 7
8 33 2 4 4 7 7 7 7 7 7 7 7 7 7 7 7 7 7 7 7 7 7 7 7 7 7 7 7 7 7 7 7 7 7
8 34 2 4 4 7 7 7 7 7 7 7 7 7 7 7 7 7 7 7 7 7 7 7 7 7 7 7 7 7 7 7 7 7 7 7
8 35 2 4 4 7 7 7 7 7 7 7 7 7 7 7 7 7 7 7 7 7 7 7 7 7 7 7 7 7 7 7 7 7 7 7 7
8 36 2 4 4 7 7 7 7 7 7 7 7 7 7 7 7 7 7 7 7 7 7 7 7 7 7 7 7 7 7 7 7 7 7 7 7 7
8 37 2 4 4 7 7 7 7 7 7 7 7 7 7 7 7 7 7 7 7 7 7 7 7 7 7 7 7 7 7 7 7 7 7 7 7 7 7
8 38 2 4 4 7 7 7 7 7 7 7 7 7 7 7 7 7 7 7 7 7 7 7 7 7 7 7 7 7 7 7 7 7 7 7 7 7 7 7
8 39 2 4 4 7 7 7 7 7 7 7 7 7 7 7 7 7 7 7 7 7 7 7 7 7 7 7 7 7 7 7 7 7 7 7 7 7 7 7 7
8 40 2 4 4 7 7 7 7 7 7 7 7 7 7 7 7 7 7 7 7 7 7 7 7 7 7 7 7 7 7 7 7 7 7 7 7 7 7 7 7 7
8 3 2 4 5
8 4 2 4 5 7
8 5 2 4 5 7 7
8 6 2 4 5 7 7 7
8 7 2 4 5 7 7 7 7
8 8 2 4 5 7 7 7 7 7
8 9 2 4 5 7 7 7 7 7 7
8 10 2 4 5 7 7 7 7 7 7 7
8 11 2 4 5 7 7 7 7 7 7 7 7
8 12 2 4 5 7 7 7 7 7 7 7 7 7
8 13 2 4 5 7 7 7 7 7 7 7 7 7 7
8 14 2 4 5 7 7 7 7 7 7 7 7 7 7 7
8 15 2 4 5 7 7 7 7 7 7 7 7 7 7 7 7
8 16 2 4 5 7 7 7 7 7 7 7 7 7 7 7 7 7
8 17 2 4 5 7 7 7 7 7 7 7 7 7 7 7 7 7 7
8 18 2 4 5 7 7 7 7 7 7 7 7 7 7 7 7 7 7 7
8 19 2 4 5 7 7 7 7 7 7 7 7 7 7 7 7 7 7 7 7
8 20 2 4 5 7 7 7 7 7 7 7 7 7 7 7 7 7 7 7 7 7
8 21 2 4 5 7 7 7 7 7 7 7 7 7 7 7 7 7 7 7 7 7 7
8 22 2 4 5 7 7 7 7 7 7 7 7 7 7 7 7 7 7 7 7 7 7 7
8 23 2 4 5 7 7 7 7 7 7 7 7 7 7 7 7 7 7 7 7 7 7 7 7
8 24 2 4 5 7 7 7 7 7 7 7 7 7 7 7 7 7 7 7 7 7 7 7 7 7
8 25 2 4 5 7 7 7 7 7 7 7 7 7 7 7 7 7 7 7 7 7 7 7 7 7 7
8 26 2 4 5 7 7 7 7 7 7 7 7 7 7 7 7 7 7 7 7 7 7 7 7 7 7 7
8 27 2 4 5 7 7 7 7 7 7 7 7 7 7 7 7 7 7 7 7 7 7 7 7 7 7 7 7
8 28 2 4 5 7 7 7 7 7 7 7 7 7 7 7 7 7 7 7 7 7 7 7 7 7 7 7 7 7
8 29 2 4 5 7 7 7 7 7 7 7 7 7 7 7 7 7 7 7 7 7 7 7 7 7 7 7 7 7 7
8 30 2 4 5 7 7 7 7 7 7 7 7 7 7 7 7 7 7 7 7 7 7 7 7 7 7 7 7 7 7 7
8 31 2 4 5 7 7 7 7 7 7 7 7 7 7 7 7 7 7 7 7 7 7 7 7 7 7 7 7 7 7 7 7
8 32 2 4 5 7 7 7 7 7 7 7 7 7 7 7 7 7 7 7 7 7 7 7 7 7 7 7 7 7 7 7 7 7
8 33 2 4 5 7 7 7 7 7 7 7 7 7 7 7 7 7 7 7 7 7 7 7 7 7 7 7 7 7 7 7 7 7 7
8 34 2 4 5 7 7 7 7 7 7 7 7 7 7 7 7 7 7 7 7 7 7 7 7 7 7 7 7 7 7 7 7 7 7 7
8 35 2 4 5 7 7 7 7 7 7 7 7 7 7 7 7 7 7 7 7 7 7 7 7 7 7 7 7 7 7 7 7 7 7 7 7
8 36 2 4 5 7 7 7 7 7 7 7 7 7 7 7 7 7 7 7 7 7 7 7 7 7 7 7 7 7 7 7 7 7 7 7 7 7
8 37 2 4 5 7 7 7 7 7 7 7 7 7 7 7 7 7 7 7 7 7 7 7 7 7 7 7 7 7 7 7 7 7 7 7 7 7 7
8 38 2 4 5 7 7 7 7 7 7 7 7 7 7 7 7 7 7 7 7 7 7 7 7 7 7 7 7 7 7 7 7 7 7 7 7 7 7 7
8 39 2 4 5 7 7 7 7 7 7 7 7 7 7 7 7 7 7 7 7 7 7 7 7 7 7 7 7 7 7 7 7 7 7 7 7 7 7 7 7
8 40 2 4 5 7 7 7 7 7 7 7 7 7 7 7 7 7 7 7 7 7 7 7 7 7 7 7 7 7 7 7 7 7 7 7 7 7 7 7 7 7
8 3 2 4 6
8 4 2 4 6 7
8 5 2 4 6 7 7
8 6 2 4 6 7 7 7
8 7 2 4 6 7 7 7 7
8 8 2 4 6 7 7 7 7 7
8 9 2 4 6 7 7 7 7 7 7
8 10 2 4 6 7 7 7 7 7 7 7
8 11 2 4 6 7 7 7 7 7 7 7 7
8 12 2 4 6 7 7 7 7 7 7 7 7 7
8 13 2 4 6 7 7 7 7 7 7 7 7 7 7
8 14 2 4 6 7 7 7 7 7 7 7 7 7 7 7
8 15 2 4 6 7 7 7 7 7 7 7 7 7 7 7 7
8 16 2 4 6 7 7 7 7 7 7 7 7 7 7 7 7 7
8 17 2 4 6 7 7 7 7 7 7 7 7 7 7 7 7 7 7
8 18 2 4 6 7 7 7 7 7 7 7 7 7 7 7 7 7 7 7
8 19 2 4 6 7 7 7 7 7 7 7 7 7 7 7 7 7 7 7 7
8 20 2 4 6 7 7 7 7 7 7 7 7 7 7 7 7 7 7 7 7 7
8 21 2 4 6 7 7 7 7 7 7 7 7 7 7 7 7 7 7 7 7 7 7
8 22 2 4 6 7 7 7 7 7 7 7 7 7 7 7 7 7 7 7 7 7 7 7
8 23 2 4 6 7 7 7 7 7 7 7 7 7 7 7 7 7 7 7 7 7 7 7 7
8 24 2 4 6 7 7 7 7 7 7 7 7 7 7 7 7 7 7 7 7 7 7 7 7 7
8 25 2 4 6 7 7 7 7 7 7 7 7 7 7 7 7 7 7 7 7 7 7 7 7 7 7
8 26 2 4 6 7 7 7 7 7 7 7 7 7 7 7 7 7 7 7 7 7 7 7 7 7 7 7
8 27 2 4 6 7 7 7 7 7 7 7 7 7 7 7 7 7 7 7 7 7 7 7 7 7 7 7 7
8 28 2 4 6 7 7 7 7 7 7 7 7 7 7 7 7 7 7 7 7 7 7 7 7 7 7 7 7 7
8 29 2 4 6 7 7 7 7 7 7 7 7 7 7 7 7 7 7 7 7 7 7 7 7 7 7 7 7 7 7
8 30 2 4 6 7 7 7 7 7 7 7 7 7 7 7 7 7 7 7 7 7 7 7 7 7 7 7 7 7 7 7
8 31 2 4 6 7 7 7 7 7 7 7 7 7 7 7 7 7 7 7 7 7 7 7 7 7 7 7 7 7 7 7 7
8 32 2 4 6 7 7 7 7 7 7 7 7 7 7 7 7 7 7 7 7 7 7 7 7 7 7 7 7 7 7 7 7 7
8 33 2 4 6 7 7 7 7 7 7 7 7 7 7 7 7 7 7 7 7 7 7 7 7 7 7 7 7 7 7 7 7 7 7
8 34 2 4 6 7 7 7 7 7 7 7 7 7 7 7 7 7 7 7 7 7 7 7 7 7 7 7 7 7 7 7 7 7 7 7
8 35 2 4 6 7 7 7 7 7 7 7 7 7 7 7 7 7 7 7 7 7 7 7 7 7 7 7 7 7 7 7 7 7 7 7 7
8 36 2 4 6 7 7 7 7 7 7 7 7 7 7 7 7 7 7 7 7 7 7 7 7 7 7 7 7 7 7 7 7 7 7 7 7 7
8 37 2 4 6 7 7 7 7 7 7 7 7 7 7 7 7 7 7 7 7 7 7 7 7 7 7 7 7 7 7 7 7 7 7 7 7 7 7
8 38 2 4 6 7 7 7 7 7 7 7 7 7 7 7 7 7 7 7 7 7 7 7 7 7 7 7 7 7 7 7 7 7 7 7 7 7 7 7
8 39 2 4 6 7 7 7 7 7 7 7 7 7 7 7 7 7 7 7 7 7 7 7 7 7 7 7 7 7 7 7 7 7 7 7 7 7 7 7 7
8 40 2 4 6 7 7 7 7 7 7 7 7 7 7 7 7 7 7 7 7 7 7 7 7 7 7 7 7 7 7 7 7 7 7 7 7 7 7 7 7 7
8 3 2 5 5
8 4 2 5 5 7
8 5 2 5 5 7 7
8 6 2 5 5 7 7 7
8 7 2 5 5 7 7 7 7
8 8 2 5 5 7 7 7 7 7
8 9 2 5 5 7 7 7 7 7 7
8 10 2 5 5 7 7 7 7 7 7 7
8 11 2 5 5 7 7 7 7 7 7 7 7
8 12 2 5 5 7 7 7 7 7 7 7 7 7
8 13 2 5 5 7 7 7 7 7 7 7 7 7 7
8 14 2 5 5 7 7 7 7 7 7 7 7 7 7 7
8 15 2 5 5 7 7 7 7 7 7 7 7 7 7 7 7
8 16 2 5 5 7 7 7 7 7 7 7 7 7 7 7 7 7
8 17 2 5 5 7 7 7 7 7 7 7 7 7 7 7 7 7 7
8 18 2 5 5 7 7 7 7 7 7 7 7 7 7 7 7 7 7 7
8 19 2 5 5 7 7 7 7 7 7 7 7 7 7 7 7 7 7 7 7
8 20 2 5 5 7 7 7 7 7 7 7 7 7 7 7 7 7 7 7 7 7
8 21 2 5 5 7 7 7 7 7 7 7 7 7 7 7 7 7 7 7 7 7 7
8 22 2 5 5 7 7 7 7 7 7 7 7 7 7 7 7 7 7 7 7 7 7 7
8 23 2 5 5 7 7 7 7 7 7 7 7 7 7 7 7 7 7 7 7 7 7 7 7
8 24 2 5 5 7 7 7 7 7 7 7 7 7 7 7 7 7 7 7 7 7 7 7 7 7
8 25 2 5 5 7 7 7 7 7 7 7 7 7 7 7 7 7 7 7 7 7 7 7 7 7 7
8 26 2 5 5 7 7 7 7 7 7 7 7 7 7 7 7 7 7 7 7 7 7 7 7 7 7 7
8 27 2 5 5 7 7 7 7 7 7 7 7 7 7 7 7 7 7 7 7 7 7 7 7 7 7 7 7
8 28 2 5 5 7 7 7 7 7 7 7 7 7 7 7 7 7 7 7 7 7 7 7 7 7 7 7 7 7
8 29 2 5 5 7 7 7 7 7 7 7 7 7 7 7 7 7 7 7 7 7 7 7 7 7 7 7 7 7 7
8 30 2 5 5 7 7 7 7 7 7 7 7 7 7 7 7 7 7 7 7 7 7 7 7 7 7 7 7 7 7 7
8 31 2 5 5 7 7 7 7 7 7 7 7 7 7 7 7 7 7 7 7 7 7 7 7 7 7 7 7 7 7 7 7
8 32 2 5 5 7 7 7 7 7 7 7 7 7 7 7 7 7 7 7 7 7 7 7 7 7 7 7 7 7 7 7 7 7
8 33 2 5 5 7 7 7 7 7 7 7 7 7 7 7 7 7 7 7 7 7 7 7 7 7 7 7 7 7 7 7 7 7 7
8 34 2 5 5 7 7 7 7 7 7 7 7 7 7 7 7 7 7 7 7 7 7 7 7 7 7 7 7 7 7 7 7 7 7 7
8 35 2 5 5 7 7 7 7 7 7 7 7 7 7 7 7 7 7 7 7 7 7 7 7 7 7 7 7 7 7 7 7 7 7 7 7
8 36 2 5 5 7 7 7 7 7 7 7 7 7 7 7 7 7 7 7 7 7 7 7 7 7 7 7 7 7 7 7 7 7 7 7 7 7
8 37 2 5 5 7 7 7 7 7 7 7 7 7 7 7 7 7 7 7 7 7 7 7 7 7 7 7 7 7 7 7 7 7 7 7 7 7 7
8 38 2 5 5 7 7 7 7 7 7 7 7 7 7 7 7 7 7 7 7 7 7 7 7 7 7 7 7 7 7 7 7 7 7 7 7 7 7 7
8 39 2 5 5 7 7 7 7 7 7 7 7 7 7 7 7 7 7 7 7 7 7 7 7 7 7 7 7 7 7 7 7 7 7 7 7 7 7 7 7
8 40 2 5 5 7 7 7 7 7 7 7 7 7 7 7 7 7 7 7 7 7 7 7 7 7 7 7 7 7 7 7 7 7 7 7 7 7 7 7 7 7
8 3 2 5 6
8 4 2 5 6 7
8 5 2 5 6 7 7
8 6 2 5 6 7 7 7
8 7 2 5 6 7 7 7 7
8 8 2 5 6 7 7 7 7 7
8 9 2 5 6 7 7 7 7 7 7
8 10 2 5 6 7 7 7 7 7 7 7
8 11 2 5 6 7 7 7 7 7 7 7 7
8 12 2 5 6 7 7 7 7 7 7 7 7 7
8 13 2 5 6 7 7 7 7 7 7 7 7 7 7
8 14 2 5 6 7 7 7 7 7 7 7 7 7 7 7
8 15 2 5 6 7 7 7 7 7 7 7 7 7 7 7 7
8 16 2 5 6 7 7 7 7 7 7 7 7 7 7 7 7 7
8 17 2 5 6 7 7 7 7 7 7 7 7 7 7 7 7 7 7
8 18 2 5 6 7 7 7 7 7 7 7 7 7 7 7 7 7 7 7
8 19 2 5 6 7 7 7 7 7 7 7 7 7 7 7 7 7 7 7 7
8 20 2 5 6 7 7 7 7 7 7 7 7 7 7 7 7 7 7 7 7 7
8 21 2 5 6 7 7 7 7 7 7 7 7 7 7 7 7 7 7 7 7 7 7
8 22 2 5 6 7 7 7 7 7 7 7 7 7 7 7 7 7 7 7 7 7 7 7
8 23 2 5 6 7 7 7 7 7 7 7 7 7 7 7 7 7 7 7 7 7 7 7 7
8 24 2 5 6 7 7 7 7 7 7 7 7 7 7 7 7 7 7 7 7 7 7 7 7 7
8 25 2 5 6 7 7 7 7 7 7 7 7 7 7 7 7 7 7 7 7 7 7 7 7 7 7
8 26 2 5 6 7 7 7 7 7 7 7 7 7 7 7 7 7 7 7 7 7 7 7 7 7 7 7
8 27 2 5 6 7 7 7 7 7 7 7 7 7 7 7 7 7 7 7 7 7 7 7 7 7 7 7 7
8 28 2 5 6 7 7 7 7 7 7 7 7 7 7 7 7 7 7 7 7 7 7 7 7 7 7 7 7 7
8 29 2 5 6 7 7 7 7 7 7 7 7 7 7 7 7 7 7 7 7 7 7 7 7 7 7 7 7 7 7
8 30 2 5 6 7 7 7 7 7 7 7 7 7 7 7 7 7 7 7 7 7 7 7 7 7 7 7 7 7 7 7
8 31 2 5 6 7 7 7 7 7 7 7 7 7 7 7 7 7 7 7 7 7 7 7 7 7 7 7 7 7 7 7 7
8 32 2 5 6 7 7 7 7 7 7 7 7 7 7 7 7 7 7 7 7 7 7 7 7 7 7 7 7 7 7 7 7 7
8 33 2 5 6 7 7 7 7 7 7 7 7 7 7 7 7 7 7 7 7 7 7 7 7 7 7 7 7 7 7 7 7 7 7
8 34 2 5 6 7 7 7 7 7 7 7 7 7 7 7 7 7 7 7 7 7 7 7 7 7 7 7 7 7 7 7 7 7 7 7
8 35 2 5 6 7 7 7 7 7 7 7 7 7 7 7 7 7 7 7 7 7 7 7 7 7 7 7 7 7 7 7 7 7 7 7 7
8 36 2 5 6 7 7 7 7 7 7 7 7 7 7 7 7 7 7 7 7 7 7 7 7 7 7 7 7 7 7 7 7 7 7 7 7 7
8 37 2 5 6 7 7 7 7 7 7 7 7 7 7 7 7 7 7 7 7 7 7 7 7 7 7 7 7 7 7 7 7 7 7 7 7 7 7
8 38 2 5 6 7 7 7 7 7 7 7 7 7 7 7 7 7 7 7 7 7 7 7 7 7 7 7 7 7 7 7 7 7 7 7 7 7 7 7
8 39 2 5 6 7 7 7 7 7 7 7 7 7 7 7 7 7 7 7 7 7 7 7 7 7 7 7 7 7 7 7 7 7 7 7 7 7 7 7 7
8 40 2 5 6 7 7 7 7 7 7 7 7 7 7 7 7 7 7 7 7 7 7 7 7 7 7 7 7 7 7 7 7 7 7 7 7 7 7 7 7 7
8 3 2 6 6
8 4 2 6 6 7
8 5 2 6 6 7 7
8 6 2 6 6 7 7 7
8 7 2 6 6 7 7 7 7
8 8 2 6 6 7 7 7 7 7
8 9 2 6 6 7 7 7 7 7 7
8 10 2 6 6 7 7 7 7 7 7 7
8 11 2 6 6 7 7 7 7 7 7 7 7
8 12 2 6 6 7 7 7 7 7 7 7 7 7
8 13 2 6 6 7 7 7 7 7 7 7 7 7 7
8 14 2 6 6 7 7 7 7 7 7 7 7 7 7 7
8 15 2 6 6 7 7 7 7 7 7 7 7 7 7 7 7
8 16 2 6 6 7 7 7 7 7 7 7 7 7 7 7 7 7
8 17 2 6 6 7 7 7 7 7 7 7 7 7 7 7 7 7 7
8 18 2 6 6 7 7 7 7 7 7 7 7 7 7 7 7 7 7 7
8 19 2 6 6 7 7 7 7 7 7 7 7 7 7 7 7 7 7 7 7
8 20 2 6 6 7 7 7 7 7 7 7 7 7 7 7 7 7 7 7 7 7
8 21 2 6 6 7 7 7 7 7 7 7 7 7 7 7 7 7 7 7 7 7 7
8 22 2 6 6 7 7 7 7 7 7 7 7 7 7 7 7 7 7 7 7 7 7 7
8 23 2 6 6 7 7 7 7 7 7 7 7 7 7 7 7 7 7 7 7 7 7 7 7
8 24 2 6 6 7 7 7 7 7 7 7 7 7 7 7 7 7 7 7 7 7 7 7 7 7
8 25 2 6 6 7 7 7 7 7 7 7 7 7 7 7 7 7 7 7 7 7 7 7 7 7 7
8 26 2 6 6 7 7 7 7 7 7 7 7 7 7 7 7 7 7 7 7 7 7 7 7 7 7 7
8 27 2 6 6 7 7 7 7 7 7 7 7 7 7 7 7 7 7 7 7 7 7 7 7 7 7 7 7
8 28 2 6 6 7 7 7 7 7 7 7 7 7 7 7 7 7 7 7 7 7 7 7 7 7 7 7 7 7
8 29 2 6 6 7 7 7 7 7 7 7 7 7 7 7 7 7 7 7 7 7 7 7 7 7 7 7 7 7 7
8 30 2 6 6 7 7 7 7 7 7 7 7 7 7 7 7 7 7 7 7 7 7 7 7 7 7 7 7 7 7 7
8 31 2 6 6 7 7 7 7 7 7 7 7 7 7 7 7 7 7 7 7 7 7 7 7 7 7 7 7 7 7 7 7
8 32 2 6 6 7 7 7 7 7 7 7 7 7 7 7 7 7 7 7 7 7 7 7 7 7 7 7 7 7 7 7 7 7
8 33 2 6 6 7 7 7 7 7 7 7 7 7 7 7 7 7 7 7 7 7 7 7 7 7 7 7 7 7 7 7 7 7 7
8 34 2 6 6 7 7 7 7 7 7 7 7 7 7 7 7 7 7 7 7 7 7 7 7 7 7 7 7 7 7 7 7 7 7 7
8 35 2 6 6 7 7 7 7 7 7 7 7 7 7 7 7 7 7 7 7 7 7 7 7 7 7 7 7 7 7 7 7 7 7 7 7
8 36 2 6 6 7 7 7 7 7 7 7 7 7 7 7 7 7 7 7 7 7 7 7 7 7 7 7 7 7 7 7 7 7 7 7 7 7
8 37 2 6 6 7 7 7 7 7 7 7 7 7 7 7 7 7 7 7 7 7 7 7 7 7 7 7 7 7 7 7 7 7 7 7 7 7 7
8 38 2 6 6 7 7 7 7 7 7 7 7 7 7 7 7 7 7 7 7 7 7 7 7 7 7 7 7 7 7 7 7 7 7 7 7 7 7 7
8 39 2 6 6 7 7 7 7 7 7 7 7 7 7 7 7 7 7 7 7 7 7 7 7 7 7 7 7 7 7 7 7 7 7 7 7 7 7 7 7
8 40 2 6 6 7 7 7 7 7 7 7 7 7 7 7 7 7 7 7 7 7 7 7 7 7 7 7 7 7 7 7 7 7 7 7 7 7 7 7 7 7
8 3 3 3 3
8 4 3 3 3 7
8 5 3 3 3 7 7
8 6 3 3 3 7 7 7
8 7 3 3 3 7 7 7 7
8 8 3 3 3 7 7 7 7 7
8 9 3 3 3 7 7 7 7 7 7
8 10 3 3 3 7 7 7 7 7 7 7
8 11 3 3 3 7 7 7 7 7 7 7 7
8 12 3 3 3 7 7 7 7 7 7 7 7 7
8 13 3 3 3 7 7 7 7 7 7 7 7 7 7
8 14 3 3 3 7 7 7 7 7 7 7 7 7 7 7
8 15 3 3 3 7 7 7 7 7 7 7 7 7 7 7 7
8 16 3 3 3 7 7 7 7 7 7 7 7 7 7 7 7 7
8 17 3 3 3 7 7 7 7 7 7 7 7 7 7 7 7 7 7
8 18 3 3 3 7 7 7 7 7 7 7 7 7 7 7 7 7 7 7
8 19 3 3 3 7 7 7 7 7 7 7 7 7 7 7 7 7 7 7 7
8 20 3 3 3 7 7 7 7 7 7 7 7 7 7 7 7 7 7 7 7 7
8 21 3 3 3 7 7 7 7 7 7 7 7 7 7 7 7 7 7 7 7 7 7
8 22 3 3 3 7 7 7 7 7 7 7 7 7 7 7 7 7 7 7 7 7 7 7
8 23 3 3 3 7 7 7 7 7 7 7 7 7 7 7 7 7 7 7 7 7 7 7 7
8 24 3 3 3 7 7 7 7 7 7 7 7 7 7 7 7 7 7 7 7 7 7 7 7 7
8 25 3 3 3 7 7 7 7 7 7 7 7 7 7 7 7 7 7 7 7 7 7 7 7 7 7
8 26 3 3 3 7 7 7 7 7 7 7 7 7 7 7 7 7 7 7 7 7 7 7 7 7 7 7
8 27 3 3 3 7 7 7 7 7 7 7 7 7 7 7 7 7 7 7 7 7 7 7 7 7 7 7 7
8 28 3 3 3 7 7 7 7 7 7 7 7 7 7 7 7 7 7 7 7 7 7 7 7 7 7 7 7 7
8 29 3 3 3 7 7 7 7 7 7 7 7 7 7 7 7 7 7 7 7 7 7 7 7 7 7 7 7 7 7
8 30 3 3 3 7 7 7 7 7 7 7 7 7 7 7 7 7 7 7 7 7 7 7 7 7 7 7 7 7 7 7
8 31 3 3 3 7 7 7 7 7 7 7 7 7 7 7 7 7 7 7 7 7 7 7 7 7 7 7 7 7 7 7 7
8 32 3 3 3 7 7 7 7 7 7 7 7 7 7 7 7 7 7 7 7 7 7 7 7 7 7 7 7 7 7 7 7 7
8 33 3 3 3 7 7 7 7 7 7 7 7 7 7 7 7 7 7 7 7 7 7 7 7 7 7 7 7 7 7 7 7 7 7
8 34 3 3 3 7 7 7 7 7 7 7 7 7 7 7 7 7 7 7 7 7 7 7 7 7 7 7 7 7 7 7 7 7 7 7
8 35 3 3 3 7 7 7 7 7 7 7 7 7 7 7 7 7 7 7 7 7 7 7 7 7 7 7 7 7 7 7 7 7 7 7 7
8 36 3 3 3 7 7 7 7 7 7 7 7 7 7 7 7 7 7 7 7 7 7 7 7 7 7 7 7 7 7 7 7 7 7 7 7 7
8 37 3 3 3 7 7 7 7 7 7 7 7 7 7 7 7 7 7 7 7 7 7 7 7 7 7 7 7 7 7 7 7 7 7 7 7 7 7
8 38 3 3 3 7 7 7 7 7 7 7 7 7 7 7 7 7 7 7 7 7 7 7 7 7 7 7 7 7 7 7 7 7 7 7 7 7 7 7
8 39 3 3 3 7 7 7 7 7 7 7 7 7 7 7 7 7 7 7 7 7 7 7 7 7 7 7 7 7 7 7 7 7 7 7 7 7 7 7 7
8 40 3 3 3 7 7 7 7 7 7 7 7 7 7 7 7 7 7 7 7 7 7 7 7 7 7 7 7 7 7 7 7 7 7 7 7 7 7 7 7 7
8 3 3 3 4
8 4 3 3 4 7
8 5 3 3 4 7 7
8 6 3 3 4 7 7 7
8 7 3 3 4 7 7 7 7
8 8 3 3 4 7 7 7 7 7
8 9 3 3 4 7 7 7 7 7 7
8 10 3 3 4 7 7 7 7 7 7 7
8 11 3 3 4 7 7 7 7 7 7 7 7
8 12 3 3 4 7 7 7 7 7 7 7 7 7
8 13 3 3 4 7 7 7 7 7 7 7 7 7 7
8 14 3 3 4 7 7 7 7 7 7 7 7 7 7 7
8 15 3 3 4 7 7 7 7 7 7 7 7 7 7 7 7
8 16 3 3 4 7 7 7 7 7 7 7 7 7 7 7 7 7
8 17 3 3 4 7 7 7 7 7 7 7 7 7 7 7 7 7 7
8 18 3 3 4 7 7 7 7 7 7 7 7 7 7 7 7 7 7 7
8 19 3 3 4 7 7 7 7 7 7 7 7 7 7 7 7 7 7 7 7
8 20 3 3 4 7 7 7 7 7 7 7 7 7 7 7 7 7 7 7 7 7
8 21 3 3 4 7 7 7 7 7 7 7 7 7 7 7 7 7 7 7 7 7 7
8 22 3 3 4 7 7 7 7 7 7 7 7 7 7 7 7 7 7 7 7 7 7 7
8 23 3 3 4 7 7 7 7 7 7 7 7 7 7 7 7 7 7 7 7 7 7 7 7
8 24 3 3 4 7 7 7 7 7 7 7 7 7 7 7 7 7 7 7 7 7 7 7 7 7
8 25 3 3 4 7 7 7 7 7 7 7 7 7 7 7 7 7 7 7 7 7 7 7 7 7 7
8 26 3 3 4 7 7 7 7 7 7 7 7 7 7 7 7 7 7 7 7 7 7 7 7 7 7 7
8 27 3 3 4 7 7 7 7 7 7 7 7 7 7 7 7 7 7 7 7 7 7 7 7 7 7 7 7
8 28 3 3 4 7 7 7 7 7 7 7 7 7 7 7 7 7 7 7 7 7 7 7 7 7 7 7 7 7
8 29 3 3 4 7 7 7 7 7 7 7 7 7 7 7 7 7 7 7 7 7 7 7 7 7 7 7 7 7 7
8 30 3 3 4 7 7 7 7 7 7 7 7 7 7 7 7 7 7 7 7 7 7 7 7 7 7 7 7 7 7 7
8 31 3 3 4 7 7 7 7 7 7 7 7 7 7 7 7 7 7 7 7 7 7 7 7 7 7 7 7 7 7 7 7
8 32 3 3 4 7 7 7 7 7 7 7 7 7 7 7 7 7 7 7 7 7 7 7 7 7 7 7 7 7 7 7 7 7
8 33 3 3 4 7 7 7 7 7 7 7 7 7 7 7 7 7 7 7 7 7 7 7 7 7 7 7 7 7 7 7 7 7 7
8 34 3 3 4 7 7 7 7 7 7 7 7 7 7 7 7 7 7 7 7 7 7 7 7 7 7 7 7 7 7 7 7 7 7 7
8 35 3 3 4 7 7 7 7 7 7 7 7 7 7 7 7 7 7 7 7 7 7 7 7 7 7 7 7 7 7 7 7 7 7 7 7
8 36 3 3 4 7 7 7 7 7 7 7 7 7 7 7 7 7 7 7 7 7 7 7 7 7 7 7 7 7 7 7 7 7 7 7 7 7
8 37 3 3 4 7 7 7 7 7 7 7 7 7 7 7 7 7 7 7 7 7 7 7 7 7 7 7 7 7 7 7 7 7 7 7 7 7 7
8 38 3 3 4 7 7 7 7 7 7 7 7 7 7 7 7 7 7 7 7 7 7 7 7 7 7 7 7 7 7 7 7 7 7 7 7 7 7 7
8 39 3 3 4 7 7 7 7 7 7 7 7 7 7 7 7 7 7 7 7 7 7 7 7 7 7 7 7 7 7 7 7 7 7 7 7 7 7 7 7
8 40 3 3 4 7 7 7 7 7 7 7 7 7 7 7 7 7 7 7 7 7 7 7 7 7 7 7 7 7 7 7 7 7 7 7 7 7 7 7 7 7
8 3 3 3 5
8 4 3 3 5 7
8 5 3 3 5 7 7
8 6 3 3 5 7 7 7
8 7 3 3 5 7 7 7 7
8 8 3 3 5 7 7 7 7 7
8 9 3 3 5 7 7 7 7 7 7
8 10 3 3 5 7 7 7 7 7 7 7
8 11 3 3 5 7 7 7 7 7 7 7 7
8 12 3 3 5 7 7 7 7 7 7 7 7 7
8 13 3 3 5 7 7 7 7 7 7 7 7 7 7
8 14 3 3 5 7 7 7 7 7 7 7 7 7 7 7
8 15 3 3 5 7 7 7 7 7 7 7 7 7 7 7 7
8 16 3 3 5 7 7 7 7 7 7 7 7 7 7 7 7 7
8 17 3 3 5 7 7 7 7 7 7 7 7 7 7 7 7 7 7
8 18 3 3 5 7 7 7 7 7 7 7 7 7 7 7 7 7 7 7
8 19 3 3 5 7 7 7 7 7 7 7 7 7 7 7 7 7 7 7 7
8 20 3 3 5 7 7 7 7 7 7 7 7 7 7 7 7 7 7 7 7 7
8 21 3 3 5 7 7 7 7 7 7 7 7 7 7 7 7 7 7 7 7 7 7
8 22 3 3 5 7 7 7 7 7 7 7 7 7 7 7 7 7 7 7 7 7 7 7
8 23 3 3 5 7 7 7 7 7 7 7 7 7 7 7 7 7 7 7 7 7 7 7 7
8 24 3 3 5 7 7 7 7 7 7 7 7 7 7 7 7 7 7 7 7 7 7 7 7 7
8 25 3 3 5 7 7 7 7 7 7 7 7 7 7 7 7 7 7 7 7 7 7 7 7 7 7
8 26 3 3 5 7 7 7 7 7 7 7 7 7 7 7 7 7 7 7 7 7 7 7 7 7 7 7
8 27 3 3 5 7 7 7 7 7 7 7 7 7 7 7 7 7 7 7 7 7 7 7 7 7 7 7 7
8 28 3 3 5 7 7 7 7 7 7 7 7 7 7 7 7 7 7 7 7 7 7 7 7 7 7 7 7 7
8 29 3 3 5 7 7 7 7 7 7 7 7 7 7 7 7 7 7 7 7 7 7 7 7 7 7 7 7 7 7
8 30 3 3 5 7 7 7 7 7 7 7 7 7 7 7 7 7 7 7 7 7 7 7 7 7 7 7 7 7 7 7
8 31 3 3 5 7 7 7 7 7 7 7 7 7 7 7 7 7 7 7 7 7 7 7 7 7 7 7 7 7 7 7 7
8 32 3 3 5 7 7 7 7 7 7 7 7 7 7 7 7 7 7 7 7 7 7 7 7 7 7 7 7 7 7 7 7 7
8 33 3 3 5 7 7 7 7 7 7 7 7 7 7 7 7 7 7 7 7 7 7 7 7 7 7 7 7 7 7 7 7 7 7
8 34 3 3 5 7 7 7 7 7 7 7 7 7 7 7 7 7 7 7 7 7 7 7 7 7 7 7 7 7 7 7 7 7 7 7
8 35 3 3 5 7 7 7 7 7 7 7 7 7 7 7 7 7 7 7 7 7 7 7 7 7 7 7 7 7 7 7 7 7 7 7 7
8 36 3 3 5 7 7 7 7 7 7 7 7 7 7 7 7 7 7 7 7 7 7 7 7 7 7 7 7 7 7 7 7 7 7 7 7 7
8 37 3 3 5 7 7 7 7 7 7 7 7 7 7 7 7 7 7 7 7 7 7 7 7 7 7 7 7 7 7 7 7 7 7 7 7 7 7
8 38 3 3 5 7 7 7 7 7 7 7 7 7 7 7 7 7 7 7 7 7 7 7 7 7 7 7 7 7 7 7 7 7 7 7 7 7 7 7
8 39 3 3 5 7 7 7 7 7 7 7 7 7 7 7 7 7 7 7 7 7 7 7 7 7 7 7 7 7 7 7 7 7 7 7 7 7 7 7 7
8 40 3 3 5 7 7 7 7 7 7 7 7 7 7 7 7 7 7 7 7 7 7 7 7 7 7 7 7 7 7 7 7 7 7 7 7 7 7 7 7 7
8 3 3 3 6
8 4 3 3 6 7
8 5 3 3 6 7 7
8 6 3 3 6 7 7 7
8 7 3 3 6 7 7 7 7
8 8 3 3 6 7 7 7 7 7
8 9 3 3 6 7 7 7 7 7 7
8 10 3 3 6 7 7 7 7 7 7 7
8 11 3 3 6 7 7 7 7 7 7 7 7
8 12 3 3 6 7 7 7 7 7 7 7 7 7
8 13 3 3 6 7 7 7 7 7 7 7 7 7 7
8 14 3 3 6 7 7 7 7 7 7 7 7 7 7 7
8 15 3 3 6 7 7 7 7 7 7 7 7 7 7 7 7
8 16 3 3 6 7 7 7 7 7 7 7 7 7 7 7 7 7
8 17 3 3 6 7 7 7 7 7 7 7 7 7 7 7 7 7 7
8 18 3 3 6 7 7 7 7 7 7 7 7 7 7 7 7 7 7 7
8 19 3 3 6 7 7 7 7 7 7 7 7 7 7 7 7 7 7 7 7
8 20 3 3 6 7 7 7 7 7 7 7 7 7 7 7 7 7 7 7 7 7
8 21 3 3 6 7 7 7 7 7 7 7 7 7 7 7 7 7 7 7 7 7 7
8 22 3 3 6 7 7 7 7 7 7 7 7 7 7 7 7 7 7 7 7 7 7 7
8 23 3 3 6 7 7 7 7 7 7 7 7 7 7 7 7 7 7 7 7 7 7 7 7
8 24 3 3 6 7 7 7 7 7 7 7 7 7 7 7 7 7 7 7 7 7 7 7 7 7
8 25 3 3 6 7 7 7 7 7 7 7 7 7 7 7 7 7 7 7 7 7 7 7 7 7 7
8 26 3 3 6 7 7 7 7 7 7 7 7 7 7 7 7 7 7 7 7 7 7 7 7 7 7 7
8 27 3 3 6 7 7 7 7 7 7 7 7 7 7 7 7 7 7 7 7 7 7 7 7 7 7 7 7
8 28 3 3 6 7 7 7 7 7 7 7 7 7 7 7 7 7 7 7 7 7 7 7 7 7 7 7 7 7
8 29 3 3 6 7 7 7 7 7 7 7 7 7 7 7 7 7 7 7 7 7 7 7 7 7 7 7 7 7 7
8 30 3 3 6 7 7 7 7 7 7 7 7 7 7 7 7 7 7 7 7 7 7 7 7 7 7 7 7 7 7 7
8 31 3 3 6 7 7 7 7 7 7 7 7 7 7 7 7 7 7 7 7 7 7 7 7 7 7 7 7 7 7 7 7
8 32 3 3 6 7 7 7 7 7 7 7 7 7 7 7 7 7 7 7 7 7 7 7 7 7 7 7 7 7 7 7 7 7
8 33 3 3 6 7 7 7 7 7 7 7 7 7 7 7 7 7 7 7 7 7 7 7 7 7 7 7 7 7 7 7 7 7 7
8 34 3 3 6 7 7 7 7 7 7 7 7 7 7 7 7 7 7 7 7 7 7 7 7 7 7 7 7 7 7 7 7 7 7 7
8 35 3 3 6 7 7 7 7 7 7 7 7 7 7 7 7 7 7 7 7 7 7 7 7 7 7 7 7 7 7 7 7 7 7 7 7
8 36 3 3 6 7 7 7 7 7 7 7 7 7 7 7 7 7 7 7 7 7 7 7 7 7 7 7 7 7 7 7 7 7 7 7 7 7
8 37 3 3 6 7 7 7 7 7 7 7 7 7 7 7 7 7 7 7 7 7 7 7 7 7 7 7 7 7 7 7 7 7 7 7 7 7 7
8 38 3 3 6 7 7 7 7 7 7 7 7 7 7 7 7 7 7 7 7 7 7 7 7 7 7 7 7 7 7 7 7 7 7 7 7 7 7 7
8 39 3 3 6 7 7 7 7 7 7 7 7 7 7 7 7 7 7 7 7 7 7 7 7 7 7 7 7 7 7 7 7 7 7 7 7 7 7 7 7
8 40 3 3 6 7 7 7 7 7 7 7 7 7 7 7 7 7 7 7 7 7 7 7 7 7 7 7 7 7 7 7 7 7 7 7 7 7 7 7 7 7
8 3 3 4 4
8 4 3 4 4 7
8 5 3 4 4 7 7
8 6 3 4 4 7 7 7
8 7 3 4 4 7 7 7 7
8 8 3 4 4 7 7 7 7 7
8 9 3 4 4 7 7 7 7 7 7
8 10 3 4 4 7 7 7 7 7 7 7
8 11 3 4 4 7 7 7 7 7 7 7 7
8 12 3 4 4 7 7 7 7 7 7 7 7 7
8 13 3 4 4 7 7 7 7 7 7 7 7 7 7
8 14 3 4 4 7 7 7 7 7 7 7 7 7 7 7
8 15 3 4 4 7 7 7 7 7 7 7 7 7 7 7 7
8 16 3 4 4 7 7 7 7 7 7 7 7 7 7 7 7 7
8 17 3 4 4 7 7 7 7 7 7 7 7 7 7 7 7 7 7
8 18 3 4 4 7 7 7 7 7 7 7 7 7 7 7 7 7 7 7
8 19 3 4 4 7 7 7 7 7 7 7 7 7 7 7 7 7 7 7 7
8 20 3 4 4 7 7 7 7 7 7 7 7 7 7 7 7 7 7 7 7 7
8 21 3 4 4 7 7 7 7 7 7 7 7 7 7 7 7 7 7 7 7 7 7
8 22 3 4 4 7 7 7 7 7 7 7 7 7 7 7 7 7 7 7 7 7 7 7
8 23 3 4 4 7 7 7 7 7 7 7 7 7 7 7 7 7 7 7 7 7 7 7 7
8 24 3 4 4 7 7 7 7 7 7 7 7 7 7 7 7 7 7 7 7 7 7 7 7 7
8 25 3 4 4 7 7 7 7 7 7 7 7 7 7 7 7 7 7 7 7 7 7 7 7 7 7
8 26 3 4 4 7 7 7 7 7 7 7 7 7 7 7 7 7 7 7 7 7 7 7 7 7 7 7
8 27 3 4 4 7 7 7 7 7 7 7 7 7 7 7 7 7 7 7 7 7 7 7 7 7 7 7 7
8 28 3 4 4 7 7 7 7 7 7 7 7 7 7 7 7 7 7 7 7 7 7 7 7 7 7 7 7 7
8 29 3 4 4 7 7 7 7 7 7 7 7 7 7 7 7 7 7 7 7 7 7 7 7 7 7 7 7 7 7
8 30 3 4 4 7 7 7 7 7 7 7 7 7 7 7 7 7 7 7 7 7 7 7 7 7 7 7 7 7 7 7
8 31 3 4 4 7 7 7 7 7 7 7 7 7 7 7 7 7 7 7 7 7 7 7 7 7 7 7 7 7 7 7 7
8 32 3 4 4 7 7 7 7 7 7 7 7 7 7 7 7 7 7 7 7 7 7 7 7 7 7 7 7 7 7 7 7 7
8 33 3 4 4 7 7 7 7 7 7 7 7 7 7 7 7 7 7 7 7 7 7 7 7 7 7 7 7 7 7 7 7 7 7
8 34 3 4 4 7 7 7 7 7 7 7 7 7 7 7 7 7 7 7 7 7 7 7 7 7 7 7 7 7 7 7 7 7 7 7
8 35 3 4 4 7 7 7 7 7 7 7 7 7 7 7 7 7 7 7 7 7 7 7 7 7 7 7 7 7 7 7 7 7 7 7 7
8 36 3 4 4 7 7 7 7 7 7 7 7 7 7 7 7 7 7 7 7 7 7 7 7 7 7 7 7 7 7 7 7 7 7 7 7 7
8 37 3 4 4 7 7 7 7 7 7 7 7 7 7 7 7 7 7 7 7 7 7 7 7 7 7 7 7 7 7 7 7 7 7 7 7 7 7
8 38 3 4 4 7 7 7 7 7 7 7 7 7 7 7 7 7 7 7 7 7 7 7 7 7 7 7 7 7 7 7 7 7 7 7 7 7 7 7
8 39 3 4 4 7 7 7 7 7 7 7 7 7 7 7 7 7 7 7 7 7 7 7 7 7 7 7 7 7 7 7 7 7 7 7 7 7 7 7 7
8 40 3 4 4 7 7 7 7 7 7 7 7 7 7 7 7 7 7 7 7 7 7 7 7 7 7 7 7 7 7 7 7 7 7 7 7 7 7 7 7 7
8 3 3 4 5
8 4 3 4 5 7
8 5 3 4 5 7 7
8 6 3 4 5 7 7 7
8 7 3 4 5 7 7 7 7
8 8 3 4 5 7 7 7 7 7
8 9 3 4 5 7 7 7 7 7 7
8 10 3 4 5 7 7 7 7 7 7 7
8 11 3 4 5 7 7 7 7 7 7 7 7
8 12 3 4 5 7 7 7 7 7 7 7 7 7
8 13 3 4 5 7 7 7 7 7 7 7 7 7 7
8 14 3 4 5 7 7 7 7 7 7 7 7 7 7 7
8 15 3 4 5 7 7 7 7 7 7 7 7 7 7 7 7
8 16 3 4 5 7 7 7 7 7 7 7 7 7 7 7 7 7
8 17 3 4 5 7 7 7 7 7 7 7 7 7 7 7 7 7 7
8 18 3 4 5 7 7 7 7 7 7 7 7 7 7 7 7 7 7 7
8 19 3 4 5 7 7 7 7 7 7 7 7 7 7 7 7 7 7 7 7
8 20 3 4 5 7 7 7 7 7 7 7 7 7 7 7 7 7 7 7 7 7
8 21 3 4 5 7 7 7 7 7 7 7 7 7 7 7 7 7 7 7 7 7 7
8 22 3 4 5 7 7 7 7 7 7 7 7 7 7 7 7 7 7 7 7 7 7 7
8 23 3 4 5 7 7 7 7 7 7 7 7 7 7 7 7 7 7 7 7 7 7 7 7
8 24 3 4 5 7 7 7 7 7 7 7 7 7 7 7 7 7 7 7 7 7 7 7 7 7
8 25 3 4 5 7 7 7 7 7 7 7 7 7 7 7 7 7 7 7 7 7 7 7 7 7 7
8 26 3 4 5 7 7 7 7 7 7 7 7 7 7 7 7 7 7 7 7 7 7 7 7 7 7 7
8 27 3 4 5 7 7 7 7 7 7 7 7 7 7 7 7 7 7 7 7 7 7 7 7 7 7 7 7
8 28 3 4 5 7 7 7 7 7 7 7 7 7 7 7 7 7 7 7 7 7 7 7 7 7 7 7 7 7
8 29 3 4 5 7 7 7 7 7 7 7 7 7 7 7 7 7 7 7 7 7 7 7 7 7 7 7 7 7 7
8 30 3 4 5 7 7 7 7 7 7 7 7 7 7 7 7 7 7 7 7 7 7 7 7 7 7 7 7 7 7 7
8 31 3 4 5 7 7 7 7 7 7 7 7 7 7 7 7 7 7 7 7 7 7 7 7 7 7 7 7 7 7 7 7
8 32 3 4 5 7 7 7 7 7 7 7 7 7 7 7 7 7 7 7 7 7 7 7 7 7 7 7 7 7 7 7 7 7
8 33 3 4 5 7 7 7 7 7 7 7 7 7 7 7 7 7 7 7 7 7 7 7 7 7 7 7 7 7 7 7 7 7 7
8 34 3 4 5 7 7 7 7 7 7 7 7 7 7 7 7 7 7 7 7 7 7 7 7 7 7 7 7 7 7 7 7 7 7 7
8 35 3 4 5 7 7 7 7 7 7 7 7 7 7 7 7 7 7 7 7 7 7 7 7 7 7 7 7 7 7 7 7 7 7 7 7
8 36 3 4 5 7 7 7 7 7 7 7 7 7 7 7 7 7 7 7 7 7 7 7 7 7 7 7 7 7 7 7 7 7 7 7 7 7
8 37 3 4 5 7 7 7 7 7 7 7 7 7 7 7 7 7 7 7 7 7 7 7 7 7 7 7 7 7 7 7 7 7 7 7 7 7 7
8 38 3 4 5 7 7 7 7 7 7 7 7 7 7 7 7 7 7 7 7 7 7 7 7 7 7 7 7 7 7 7 7 7 7 7 7 7 7 7
8 39 3 4 5 7 7 7 7 7 7 7 7 7 7 7 7 7 7 7 7 7 7 7 7 7 7 7 7 7 7 7 7 7 7 7 7 7 7 7 7
8 40 3 4 5 7 7 7 7 7 7 7 7 7 7 7 7 7 7 7 7 7 7 7 7 7 7 7 7 7 7 7 7 7 7 7 7 7 7 7 7 7
8 3 3 4 6
8 4 3 4 6 7
8 5 3 4 6 7 7
8 6 3 4 6 7 7 7
8 7 3 4 6 7 7 7 7
8 8 3 4 6 7 7 7 7 7
8 9 3 4 6 7 7 7 7 7 7
8 10 3 4 6 7 7 7 7 7 7 7
8 11 3 4 6 7 7 7 7 7 7 7 7
8 12 3 4 6 7 7 7 7 7 7 7 7 7
8 13 3 4 6 7 7 7 7 7 7 7 7 7 7
8 14 3 4 6 7 7 7 7 7 7 7 7 7 7 7
8 15 3 4 6 7 7 7 7 7 7 7 7 7 7 7 7
8 16 3 4 6 7 7 7 7 7 7 7 7 7 7 7 7 7
8 17 3 4 6 7 7 7 7 7 7 7 7 7 7 7 7 7 7
8 18 3 4 6 7 7 7 7 7 7 7 7 7 7 7 7 7 7 7
8 19 3 4 6 7 7 7 7 7 7 7 7 7 7 7 7 7 7 7 7
8 20 3 4 6 7 7 7 7 7 7 7 7 7 7 7 7 7 7 7 7 7
8 21 3 4 6 7 7 7 7 7 7 7 7 7 7 7 7 7 7 7 7 7 7
8 22 3 4 6 7 7 7 7 7 7 7 7 7 7 7 7 7 7 7 7 7 7 7
8 23 3 4 6 7 7 7 7 7 7 7 7 7 7 7 7 7 7 7 7 7 7 7 7
8 24 3 4 6 7 7 7 7 7 7 7 7 7 7 7 7 7 7 7 7 7 7 7 7 7
8 25 3 4 6 7 7 7 7 7 7 7 7 7 7 7 7 7 7 7 7 7 7 7 7 7 7
8 26 3 4 6 7 7 7 7 7 7 7 7 7 7 7 7 7 7 7 7 7 7 7 7 7 7 7
8 27 3 4 6 7 7 7 7 7 7 7 7 7 7 7 7 7 7 7 7 7 7 7 7 7 7 7 7
8 28 3 4 6 7 7 7 7 7 7 7 7 7 7 7 7 7 7 7 7 7 7 7 7 7 7 7 7 7
8 29 3 4 6 7 7 7 7 7 7 7 7 7 7 7 7 7 7 7 7 7 7 7 7 7 7 7 7 7 7
8 30 3 4 6 7 7 7 7 7 7 7 7 7 7 7 7 7 7 7 7 7 7 7 7 7 7 7 7 7 7 7
8 31 3 4 6 7 7 7 7 7 7 7 7 7 7 7 7 7 7 7 7 7 7 7 7 7 7 7 7 7 7 7 7
8 32 3 4 6 7 7 7 7 7 7 7 7 7 7 7 7 7 7 7 7 7 7 7 7 7 7 7 7 7 7 7 7 7
8 33 3 4 6 7 7 7 7 7 7 7 7 7 7 7 7 7 7 7 7 7 7 7 7 7 7 7 7 7 7 7 7 7 7
8 34 3 4 6 7 7 7 7 7 7 7 7 7 7 7 7 7 7 7 7 7 7 7 7 7 7 7 7 7 7 7 7 7 7 7
8 35 3 4 6 7 7 7 7 7 7 7 7 7 7 7 7 7 7 7 7 7 7 7 7 7 7 7 7 7 7 7 7 7 7 7 7
8 36 3 4 6 7 7 7 7 7 7 7 7 7 7 7 7 7 7 7 7 7 7 7 7 7 7 7 7 7 7 7 7 7 7 7 7 7
8 37 3 4 6 7 7 7 7 7 7 7 7 7 7 7 7 7 7 7 7 7 7 7 7 7 7 7 7 7 7 7 7 7 7 7 7 7 7
8 38 3 4 6 7 7 7 7 7 7 7 7 7 7 7 7 7 7 7 7 7 7 7 7 7 7 7 7 7 7 7 7 7 7 7 7 7 7 7
8 39 3 4 6 7 7 7 7 7 7 7 7 7 7 7 7 7 7 7 7 7 7 7 7 7 7 7 7 7 7 7 7 7 7 7 7 7 7 7 7
8 40 3 4 6 7 7 7 7 7 7 7 7 7 7 7 7 7 7 7 7 7 7 7 7 7 7 7 7 7 7 7 7 7 7 7 7 7 7 7 7 7
8 3 3 5 5
8 4 3 5 5 7
8 5 3 5 5 7 7
8 6 3 5 5 7 7 7
8 7 3 5 5 7 7 7 7
8 8 3 5 5 7 7 7 7 7
8 9 3 5 5 7 7 7 7 7 7
8 10 3 5 5 7 7 7 7 7 7 7
8 11 3 5 5 7 7 7 7 7 7 7 7
8 12 3 5 5 7 7 7 7 7 7 7 7 7
8 13 3 5 5 7 7 7 7 7 7 7 7 7 7
8 14 3 5 5 7 7 7 7 7 7 7 7 7 7 7
8 15 3 5 5 7 7 7 7 7 7 7 7 7 7 7 7
8 16 3 5 5 7 7 7 7 7 7 7 7 7 7 7 7 7
8 17 3 5 5 7 7 7 7 7 7 7 7 7 7 7 7 7 7
8 18 3 5 5 7 7 7 7 7 7 7 7 7 7 7 7 7 7 7
8 19 3 5 5 7 7 7 7 7 7 7 7 7 7 7 7 7 7 7 7
8 20 3 5 5 7 7 7 7 7 7 7 7 7 7 7 7 7 7 7 7 7
8 21 3 5 5 7 7 7 7 7 7 7 7 7 7 7 7 7 7 7 7 7 7
8 22 3 5 5 7 7 7 7 7 7 7 7 7 7 7 7 7 7 7 7 7 7 7
8 23 3 5 5 7 7 7 7 7 7 7 7 7 7 7 7 7 7 7 7 7 7 7 7
8 24 3 5 5 7 7 7 7 7 7 7 7 7 7 7 7 7 7 7 7 7 7 7 7 7
8 25 3 5 5 7 7 7 7 7 7 7 7 7 7 7 7 7 7 7 7 7 7 7 7 7 7
8 26 3 5 5 7 7 7 7 7 7 7 7 7 7 7 7 7 7 7 7 7 7 7 7 7 7 7
8 27 3 5 5 7 7 7 7 7 7 7 7 7 7 7 7 7 7 7 7 7 7 7 7 7 7 7 7
8 28 3 5 5 7 7 7 7 7 7 7 7 7 7 7 7 7 7 7 7 7 7 7 7 7 7 7 7 7
8 29 3 5 5 7 7 7 7 7 7 7 7 7 7 7 7 7 7 7 7 7 7 7 7 7 7 7 7 7 7
8 30 3 5 5 7 7 7 7 7 7 7 7 7 7 7 7 7 7 7 7 7 7 7 7 7 7 7 7 7 7 7
8 31 3 5 5 7 7 7 7 7 7 7 7 7 7 7 7 7 7 7 7 7 7 7 7 7 7 7 7 7 7 7 7
8 32 3 5 5 7 7 7 7 7 7 7 7 7 7 7 7 7 7 7 7 7 7 7 7 7 7 7 7 7 7 7 7 7
8 33 3 5 5 7 7 7 7 7 7 7 7 7 7 7 7 7 7 7 7 7 7 7 7 7 7 7 7 7 7 7 7 7 7
8 34 3 5 5 7 7 7 7 7 7 7 7 7 7 7 7 7 7 7 7 7 7 7 7 7 7 7 7 7 7 7 7 7 7 7
8 35 3 5 5 7 7 7 7 7 7 7 7 7 7 7 7 7 7 7 7 7 7 7 7 7 7 7 7 7 7 7 7 7 7 7 7
8 36 3 5 5 7 7 7 7 7 7 7 7 7 7 7 7 7 7 7 7 7 7 7 7 7 7 7 7 7 7 7 7 7 7 7 7 7
8 37 3 5 5 7 7 7 7 7 7 7 7 7 7 7 7 7 7 7 7 7 7 7 7 7 7 7 7 7 7 7 7 7 7 7 7 7 7
8 38 3 5 5 7 7 7 7 7 7 7 7 7 7 7 7 7 7 7 7 7 7 7 7 7 7 7 7 7 7 7 7 7 7 7 7 7 7 7
8 39 3 5 5 7 7 7 7 7 7 7 7 7 7 7 7 7 7 7 7 7 7 7 7 7 7 7 7 7 7 7 7 7 7 7 7 7 7 7 7
8 40 3 5 5 7 7 7 7 7 7 7 7 7 7 7 7 7 7 7 7 7 7 7 7 7 7 7 7 7 7 7 7 7 7 7 7 7 7 7 7 7
8 3 3 5 6
8 4 3 5 6 7
8 5 3 5 6 7 7
8 6 3 5 6 7 7 7
8 7 3 5 6 7 7 7 7
8 8 3 5 6 7 7 7 7 7
8 9 3 5 6 7 7 7 7 7 7
8 10 3 5 6 7 7 7 7 7 7 7
8 11 3 5 6 7 7 7 7 7 7 7 7
8 12 3 5 6 7 7 7 7 7 7 7 7 7
8 13 3 5 6 7 7 7 7 7 7 7 7 7 7
8 14 3 5 6 7 7 7 7 7 7 7 7 7 7 7
8 15 3 5 6 7 7 7 7 7 7 7 7 7 7 7 7
8 16 3 5 6 7 7 7 7 7 7 7 7 7 7 7 7 7
8 17 3 5 6 7 7 7 7 7 7 7 7 7 7 7 7 7 7
8 18 3 5 6 7 7 7 7 7 7 7 7 7 7 7 7 7 7 7
8 19 3 5 6 7 7 7 7 7 7 7 7 7 7 7 7 7 7 7 7
8 20 3 5 6 7 7 7 7 7 7 7 7 7 7 7 7 7 7 7 7 7
8 21 3 5 6 7 7 7 7 7 7 7 7 7 7 7 7 7 7 7 7 7 7
8 22 3 5 6 7 7 7 7 7 7 7 7 7 7 7 7 7 7 7 7 7 7 7
8 23 3 5 6 7 7 7 7 7 7 7 7 7 7 7 7 7 7 7 7 7 7 7 7
8 24 3 5 6 7 7 7 7 7 7 7 7 7 7 7 7 7 7 7 7 7 7 7 7 7
8 25 3 5 6 7 7 7 7 7 7 7 7 7 7 7 7 7 7 7 7 7 7 7 7 7 7
8 26 3 5 6 7 7 7 7 7 7 7 7 7 7 7 7 7 7 7 7 7 7 7 7 7 7 7
8 27 3 5 6 7 7 7 7 7 7 7 7 7 7 7 7 7 7 7 7 7 7 7 7 7 7 7 7
8 28 3 5 6 7 7 7 7 7 7 7 7 7 7 7 7 7 7 7 7 7 7 7 7 7 7 7 7 7
8 29 3 5 6 7 7 7 7 7 7 7 7 7 7 7 7 7 7 7 7 7 7 7 7 7 7 7 7 7 7
8 30 3 5 6 7 7 7 7 7 7 7 7 7 7 7 7 7 7 7 7 7 7 7 7 7 7 7 7 7 7 7
8 31 3 5 6 7 7 7 7 7 7 7 7 7 7 7 7 7 7 7 7 7 7 7 7 7 7 7 7 7 7 7 7
8 32 3 5 6 7 7 7 7 7 7 7 7 7 7 7 7 7 7 7 7 7 7 7 7 7 7 7 7 7 7 7 7 7
8 33 3 5 6 7 7 7 7 7 7 7 7 7 7 7 7 7 7 7 7 7 7 7 7 7 7 7 7 7 7 7 7 7 7
8 34 3 5 6 7 7 7 7 7 7 7 7 7 7 7 7 7 7 7 7 7 7 7 7 7 7 7 7 7 7 7 7 7 7 7
8 35 3 5 6 7 7 7 7 7 7 7 7 7 7 7 7 7 7 7 7 7 7 7 7 7 7 7 7 7 7 7 7 7 7 7 7
8 36 3 5 6 7 7 7 7 7 7 7 7 7 7 7 7 7 7 7 7 7 7 7 7 7 7 7 7 7 7 7 7 7 7 7 7 7
8 37 3 5 6 7 7 7 7 7 7 7 7 7 7 7 7 7 7 7 7 7 7 7 7 7 7 7 7 7 7 7 7 7 7 7 7 7 7
8 38 3 5 6 7 7 7 7 7 7 7 7 7 7 7 7 7 7 7 7 7 7 7 7 7 7 7 7 7 7 7 7 7 7 7 7 7 7 7
8 39 3 5 6 7 7 7 7 7 7 7 7 7 7 7 7 7 7 7 7 7 7 7 7 7 7 7 7 7 7 7 7 7 7 7 7 7 7 7 7
8 40 3 5 6 7 7 7 7 7 7 7 7 7 7 7 7 7 7 7 7 7 7 7 7 7 7 7 7 7 7 7 7 7 7 7 7 7 7 7 7 7
8 3 3 6 6
8 4 3 6 6 7
8 5 3 6 6 7 7
8 6 3 6 6 7 7 7
8 7 3 6 6 7 7 7 7
8 8 3 6 6 7 7 7 7 7
8 9 3 6 6 7 7 7 7 7 7
8 10 3 6 6 7 7 7 7 7 7 7
8 11 3 6 6 7 7 7 7 7 7 7 7
8 12 3 6 6 7 7 7 7 7 7 7 7 7
8 13 3 6 6 7 7 7 7 7 7 7 7 7 7
8 14 3 6 6 7 7 7 7 7 7 7 7 7 7 7
8 15 3 6 6 7 7 7 7 7 7 7 7 7 7 7 7
8 16 3 6 6 7 7 7 7 7 7 7 7 7 7 7 7 7
8 17 3 6 6 7 7 7 7 7 7 7 7 7 7 7 7 7 7
8 18 3 6 6 7 7 7 7 7 7 7 7 7 7 7 7 7 7 7
8 19 3 6 6 7 7 7 7 7 7 7 7 7 7 7 7 7 7 7 7
8 20 3 6 6 7 7 7 7 7 7 7 7 7 7 7 7 7 7 7 7 7
8 21 3 6 6 7 7 7 7 7 7 7 7 7 7 7 7 7 7 7 7 7 7
8 22 3 6 6 7 7 7 7 7 7 7 7 7 7 7 7 7 7 7 7 7 7 7
8 23 3 6 6 7 7 7 7 7 7 7 7 7 7 7 7 7 7 7 7 7 7 7 7
8 24 3 6 6 7 7 7 7 7 7 7 7 7 7 7 7 7 7 7 7 7 7 7 7 7
8 25 3 6 6 7 7 7 7 7 7 7 7 7 7 7 7 7 7 7 7 7 7 7 7 7 7
8 26 3 6 6 7 7 7 7 7 7 7 7 7 7 7 7 7 7 7 7 7 7 7 7 7 7 7
8 27 3 6 6 7 7 7 7 7 7 7 7 7 7 7 7 7 7 7 7 7 7 7 7 7 7 7 7
8 28 3 6 6 7 7 7 7 7 7 7 7 7 7 7 7 7 7 7 7 7 7 7 7 7 7 7 7 7
8 29 3 6 6 7 7 7 7 7 7 7 7 7 7 7 7 7 7 7 7 7 7 7 7 7 7 7 7 7 7
8 30 3 6 6 7 7 7 7 7 7 7 7 7 7 7 7 7 7 7 7 7 7 7 7 7 7 7 7 7 7 7
8 31 3 6 6 7 7 7 7 7 7 7 7 7 7 7 7 7 7 7 7 7 7 7 7 7 7 7 7 7 7 7 7
8 32 3 6 6 7 7 7 7 7 7 7 7 7 7 7 7 7 7 7 7 7 7 7 7 7 7 7 7 7 7 7 7 7
8 33 3 6 6 7 7 7 7 7 7 7 7 7 7 7 7 7 7 7 7 7 7 7 7 7 7 7 7 7 7 7 7 7 7
8 34 3 6 6 7 7 7 7 7 7 7 7 7 7 7 7 7 7 7 7 7 7 7 7 7 7 7 7 7 7 7 7 7 7 7
8 35 3 6 6 7 7 7 7 7 7 7 7 7 7 7 7 7 7 7 7 7 7 7 7 7 7 7 7 7 7 7 7 7 7 7 7
8 36 3 6 6 7 7 7 7 7 7 7 7 7 7 7 7 7 7 7 7 7 7 7 7 7 7 7 7 7 7 7 7 7 7 7 7 7
8 37 3 6 6 7 7 7 7 7 7 7 7 7 7 7 7 7 7 7 7 7 7 7 7 7 7 7 7 7 7 7 7 7 7 7 7 7 7
8 38 3 6 6 7 7 7 7 7 7 7 7 7 7 7 7 7 7 7 7 7 7 7 7 7 7 7 7 7 7 7 7 7 7 7 7 7 7 7
8 39 3 6 6 7 7 7 7 7 7 7 7 7 7 7 7 7 7 7 7 7 7 7 7 7 7 7 7 7 7 7 7 7 7 7 7 7 7 7 7
8 40 3 6 6 7 7 7 7 7 7 7 7 7 7 7 7 7 7 7 7 7 7 7 7 7 7 7 7 7 7 7 7 7 7 7 7 7 7 7 7 7
8 3 4 4 4
8 4 4 4 4 7
8 5 4 4 4 7 7
8 6 4 4 4 7 7 7
8 7 4 4 4 7 7 7 7
8 8 4 4 4 7 7 7 7 7
8 9 4 4 4 7 7 7 7 7 7
8 10 4 4 4 7 7 7 7 7 7 7
8 11 4 4 4 7 7 7 7 7 7 7 7
8 12 4 4 4 7 7 7 7 7 7 7 7 7
8 13 4 4 4 7 7 7 7 7 7 7 7 7 7
8 14 4 4 4 7 7 7 7 7 7 7 7 7 7 7
8 15 4 4 4 7 7 7 7 7 7 7 7 7 7 7 7
8 16 4 4 4 7 7 7 7 7 7 7 7 7 7 7 7 7
8 17 4 4 4 7 7 7 7 7 7 7 7 7 7 7 7 7 7
8 18 4 4 4 7 7 7 7 7 7 7 7 7 7 7 7 7 7 7
8 19 4 4 4 7 7 7 7 7 7 7 7 7 7 7 7 7 7 7 7
8 20 4 4 4 7 7 7 7 7 7 7 7 7 7 7 7 7 7 7 7 7
8 21 4 4 4 7 7 7 7 7 7 7 7 7 7 7 7 7 7 7 7 7 7
8 22 4 4 4 7 7 7 7 7 7 7 7 7 7 7 7 7 7 7 7 7 7 7
8 23 4 4 4 7 7 7 7 7 7 7 7 7 7 7 7 7 7 7 7 7 7 7 7
8 24 4 4 4 7 7 7 7 7 7 7 7 7 7 7 7 7 7 7 7 7 7 7 7 7
8 25 4 4 4 7 7 7 7 7 7 7 7 7 7 7 7 7 7 7 7 7 7 7 7 7 7
8 26 4 4 4 7 7 7 7 7 7 7 7 7 7 7 7 7 7 7 7 7 7 7 7 7 7 7
8 27 4 4 4 7 7 7 7 7 7 7 7 7 7 7 7 7 7 7 7 7 7 7 7 7 7 7 7
8 28 4 4 4 7 7 7 7 7 7 7 7 7 7 7 7 7 7 7 7 7 7 7 7 7 7 7 7 7
8 29 4 4 4 7 7 7 7 7 7 7 7 7 7 7 7 7 7 7 7 7 7 7 7 7 7 7 7 7 7
8 30 4 4 4 7 7 7 7 7 7 7 7 7 7 7 7 7 7 7 7 7 7 7 7 7 7 7 7 7 7 7
8 31 4 4 4 7 7 7 7 7 7 7 7 7 7 7 7 7 7 7 7 7 7 7 7 7 7 7 7 7 7 7 7
8 32 4 4 4 7 7 7 7 7 7 7 7 7 7 7 7 7 7 7 7 7 7 7 7 7 7 7 7 7 7 7 7 7
8 33 4 4 4 7 7 7 7 7 7 7 7 7 7 7 7 7 7 7 7 7 7 7 7 7 7 7 7 7 7 7 7 7 7
8 34 4 4 4 7 7 7 7 7 7 7 7 7 7 7 7 7 7 7 7 7 7 7 7 7 7 7 7 7 7 7 7 7 7 7
8 35 4 4 4 7 7 7 7 7 7 7 7 7 7 7 7 7 7 7 7 7 7 7 7 7 7 7 7 7 7 7 7 7 7 7 7
8 36 4 4 4 7 7 7 7 7 7 7 7 7 7 7 7 7 7 7 7 7 7 7 7 7 7 7 7 7 7 7 7 7 7 7 7 7
8 37 4 4 4 7 7 7 7 7 7 7 7 7 7 7 7 7 7 7 7 7 7 7 7 7 7 7 7 7 7 7 7 7 7 7 7 7 7
8 38 4 4 4 7 7 7 7 7 7 7 7 7 7 7 7 7 7 7 7 7 7 7 7 7 7 7 7 7 7 7 7 7 7 7 7 7 7 7
8 39 4 4 4 7 7 7 7 7 7 7 7 7 7 7 7 7 7 7 7 7 7 7 7 7 7 7 7 7 7 7 7 7 7 7 7 7 7 7 7
8 40 4 4 4 7 7 7 7 7 7 7 7 7 7 7 7 7 7 7 7 7 7 7 7 7 7 7 7 7 7 7 7 7 7 7 7 7 7 7 7 7
8 3 4 4 5
8 4 4 4 5 7
8 5 4 4 5 7 7
8 6 4 4 5 7 7 7
8 7 4 4 5 7 7 7 7
8 8 4 4 5 7 7 7 7 7
8 9 4 4 5 7 7 7 7 7 7
8 10 4 4 5 7 7 7 7 7 7 7
8 11 4 4 5 7 7 7 7 7 7 7 7
8 12 4 4 5 7 7 7 7 7 7 7 7 7
8 13 4 4 5 7 7 7 7 7 7 7 7 7 7
8 14 4 4 5 7 7 7 7 7 7 7 7 7 7 7
8 15 4 4 5 7 7 7 7 7 7 7 7 7 7 7 7
8 16 4 4 5 7 7 7 7 7 7 7 7 7 7 7 7 7
8 17 4 4 5 7 7 7 7 7 7 7 7 7 7 7 7 7 7
8 18 4 4 5 7 7 7 7 7 7 7 7 7 7 7 7 7 7 7
8 19 4 4 5 7 7 7 7 7 7 7 7 7 7 7 7 7 7 7 7
8 20 4 4 5 7 7 7 7 7 7 7 7 7 7 7 7 7 7 7 7 7
8 21 4 4 5 7 7 7 7 7 7 7 7 7 7 7 7 7 7 7 7 7 7
8 22 4 4 5 7 7 7 7 7 7 7 7 7 7 7 7 7 7 7 7 7 7 7
8 23 4 4 5 7 7 7 7 7 7 7 7 7 7 7 7 7 7 7 7 7 7 7 7
8 24 4 4 5 7 7 7 7 7 7 7 7 7 7 7 7 7 7 7 7 7 7 7 7 7
8 25 4 4 5 7 7 7 7 7 7 7 7 7 7 7 7 7 7 7 7 7 7 7 7 7 7
8 26 4 4 5 7 7 7 7 7 7 7 7 7 7 7 7 7 7 7 7 7 7 7 7 7 7 7
8 27 4 4 5 7 7 7 7 7 7 7 7 7 7 7 7 7 7 7 7 7 7 7 7 7 7 7 7
8 28 4 4 5 7 7 7 7 7 7 7 7 7 7 7 7 7 7 7 7 7 7 7 7 7 7 7 7 7
8 29 4 4 5 7 7 7 7 7 7 7 7 7 7 7 7 7 7 7 7 7 7 7 7 7 7 7 7 7 7
8 30 4 4 5 7 7 7 7 7 7 7 7 7 7 7 7 7 7 7 7 7 7 7 7 7 7 7 7 7 7 7
8 31 4 4 5 7 7 7 7 7 7 7 7 7 7 7 7 7 7 7 7 7 7 7 7 7 7 7 7 7 7 7 7
8 32 4 4 5 7 7 7 7 7 7 7 7 7 7 7 7 7 7 7 7 7 7 7 7 7 7 7 7 7 7 7 7 7
8 33 4 4 5 7 7 7 7 7 7 7 7 7 7 7 7 7 7 7 7 7 7 7 7 7 7 7 7 7 7 7 7 7 7
8 34 4 4 5 7 7 7 7 7 7 7 7 7 7 7 7 7 7 7 7 7 7 7 7 7 7 7 7 7 7 7 7 7 7 7
8 35 4 4 5 7 7 7 7 7 7 7 7 7 7 7 7 7 7 7 7 7 7 7 7 7 7 7 7 7 7 7 7 7 7 7 7
8 36 4 4 5 7 7 7 7 7 7 7 7 7 7 7 7 7 7 7 7 7 7 7 7 7 7 7 7 7 7 7 7 7 7 7 7 7
8 37 4 4 5 7 7 7 7 7 7 7 7 7 7 7 7 7 7 7 7 7 7 7 7 7 7 7 7 7 7 7 7 7 7 7 7 7 7
8 38 4 4 5 7 7 7 7 7 7 7 7 7 7 7 7 7 7 7 7 7 7 7 7 7 7 7 7 7 7 7 7 7 7 7 7 7 7 7
8 39 4 4 5 7 7 7 7 7 7 7 7 7 7 7 7 7 7 7 7 7 7 7 7 7 7 7 7 7 7 7 7 7 7 7 7 7 7 7 7
8 40 4 4 5 7 7 7 7 7 7 7 7 7 7 7 7 7 7 7 7 7 7 7 7 7 7 7 7 7 7 7 7 7 7 7 7 7 7 7 7 7
8 3 4 4 6
8 4 4 4 6 7
8 5 4 4 6 7 7
8 6 4 4 6 7 7 7
8 7 4 4 6 7 7 7 7
8 8 4 4 6 7 7 7 7 7
8 9 4 4 6 7 7 7 7 7 7
8 10 4 4 6 7 7 7 7 7 7 7
8 11 4 4 6 7 7 7 7 7 7 7 7
8 12 4 4 6 7 7 7 7 7 7 7 7 7
8 13 4 4 6 7 7 7 7 7 7 7 7 7 7
8 14 4 4 6 7 7 7 7 7 7 7 7 7 7 7
8 15 4 4 6 7 7 7 7 7 7 7 7 7 7 7 7
8 16 4 4 6 7 7 7 7 7 7 7 7 7 7 7 7 7
8 17 4 4 6 7 7 7 7 7 7 7 7 7 7 7 7 7 7
8 18 4 4 6 7 7 7 7 7 7 7 7 7 7 7 7 7 7 7
8 19 4 4 6 7 7 7 7 7 7 7 7 7 7 7 7 7 7 7 7
8 20 4 4 6 7 7 7 7 7 7 7 7 7 7 7 7 7 7 7 7 7
8 21 4 4 6 7 7 7 7 7 7 7 7 7 7 7 7 7 7 7 7 7 7
8 22 4 4 6 7 7 7 7 7 7 7 7 7 7 7 7 7 7 7 7 7 7 7
8 23 4 4 6 7 7 7 7 7 7 7 7 7 7 7 7 7 7 7 7 7 7 7 7
8 24 4 4 6 7 7 7 7 7 7 7 7 7 7 7 7 7 7 7 7 7 7 7 7 7
8 25 4 4 6 7 7 7 7 7 7 7 7 7 7 7 7 7 7 7 7 7 7 7 7 7 7
8 26 4 4 6 7 7 7 7 7 7 7 7 7 7 7 7 7 7 7 7 7 7 7 7 7 7 7
8 27 4 4 6 7 7 7 7 7 7 7 7 7 7 7 7 7 7 7 7 7 7 7 7 7 7 7 7
8 28 4 4 6 7 7 7 7 7 7 7 7 7 7 7 7 7 7 7 7 7 7 7 7 7 7 7 7 7
8 29 4 4 6 7 7 7 7 7 7 7 7 7 7 7 7 7 7 7 7 7 7 7 7 7 7 7 7 7 7
8 30 4 4 6 7 7 7 7 7 7 7 7 7 7 7 7 7 7 7 7 7 7 7 7 7 7 7 7 7 7 7
8 31 4 4 6 7 7 7 7 7 7 7 7 7 7 7 7 7 7 7 7 7 7 7 7 7 7 7 7 7 7 7 7
8 32 4 4 6 7 7 7 7 7 7 7 7 7 7 7 7 7 7 7 7 7 7 7 7 7 7 7 7 7 7 7 7 7
8 33 4 4 6 7 7 7 7 7 7 7 7 7 7 7 7 7 7 7 7 7 7 7 7 7 7 7 7 7 7 7 7 7 7
8 34 4 4 6 7 7 7 7 7 7 7 7 7 7 7 7 7 7 7 7 7 7 7 7 7 7 7 7 7 7 7 7 7 7 7
8 35 4 4 6 7 7 7 7 7 7 7 7 7 7 7 7 7 7 7 7 7 7 7 7 7 7 7 7 7 7 7 7 7 7 7 7
8 36 4 4 6 7 7 7 7 7 7 7 7 7 7 7 7 7 7 7 7 7 7 7 7 7 7 7 7 7 7 7 7 7 7 7 7 7
8 37 4 4 6 7 7 7 7 7 7 7 7 7 7 7 7 7 7 7 7 7 7 7 7 7 7 7 7 7 7 7 7 7 7 7 7 7 7
8 38 4 4 6 7 7 7 7 7 7 7 7 7 7 7 7 7 7 7 7 7 7 7 7 7 7 7 7 7 7 7 7 7 7 7 7 7 7 7
8 39 4 4 6 7 7 7 7 7 7 7 7 7 7 7 7 7 7 7 7 7 7 7 7 7 7 7 7 7 7 7 7 7 7 7 7 7 7 7 7
8 40 4 4 6 7 7 7 7 7 7 7 7 7 7 7 7 7 7 7 7 7 7 7 7 7 7 7 7 7 7 7 7 7 7 7 7 7 7 7 7 7
8 3 4 5 5
8 4 4 5 5 7
8 5 4 5 5 7 7
8 6 4 5 5 7 7 7
8 7 4 5 5 7 7 7 7
8 8 4 5 5 7 7 7 7 7
8 9 4 5 5 7 7 7 7 7 7
8 10 4 5 5 7 7 7 7 7 7 7
8 11 4 5 5 7 7 7 7 7 7 7 7
8 12 4 5 5 7 7 7 7 7 7 7 7 7
8 13 4 5 5 7 7 7 7 7 7 7 7 7 7
8 14 4 5 5 7 7 7 7 7 7 7 7 7 7 7
8 15 4 5 5 7 7 7 7 7 7 7 7 7 7 7 7
8 16 4 5 5 7 7 7 7 7 7 7 7 7 7 7 7 7
8 17 4 5 5 7 7 7 7 7 7 7 7 7 7 7 7 7 7
8 18 4 5 5 7 7 7 7 7 7 7 7 7 7 7 7 7 7 7
8 19 4 5 5 7 7 7 7 7 7 7 7 7 7 7 7 7 7 7 7
8 20 4 5 5 7 7 7 7 7 7 7 7 7 7 7 7 7 7 7 7 7
8 21 4 5 5 7 7 7 7 7 7 7 7 7 7 7 7 7 7 7 7 7 7
8 22 4 5 5 7 7 7 7 7 7 7 7 7 7 7 7 7 7 7 7 7 7 7
8 23 4 5 5 7 7 7 7 7 7 7 7 7 7 7 7 7 7 7 7 7 7 7 7
8 24 4 5 5 7 7 7 7 7 7 7 7 7 7 7 7 7 7 7 7 7 7 7 7 7
8 25 4 5 5 7 7 7 7 7 7 7 7 7 7 7 7 7 7 7 7 7 7 7 7 7 7
8 26 4 5 5 7 7 7 7 7 7 7 7 7 7 7 7 7 7 7 7 7 7 7 7 7 7 7
8 27 4 5 5 7 7 7 7 7 7 7 7 7 7 7 7 7 7 7 7 7 7 7 7 7 7 7 7
8 28 4 5 5 7 7 7 7 7 7 7 7 7 7 7 7 7 7 7 7 7 7 7 7 7 7 7 7 7
8 29 4 5 5 7 7 7 7 7 7 7 7 7 7 7 7 7 7 7 7 7 7 7 7 7 7 7 7 7 7
8 30 4 5 5 7 7 7 7 7 7 7 7 7 7 7 7 7 7 7 7 7 7 7 7 7 7 7 7 7 7 7
8 31 4 5 5 7 7 7 7 7 7 7 7 7 7 7 7 7 7 7 7 7 7 7 7 7 7 7 7 7 7 7 7
8 32 4 5 5 7 7 7 7 7 7 7 7 7 7 7 7 7 7 7 7 7 7 7 7 7 7 7 7 7 7 7 7 7
8 33 4 5 5 7 7 7 7 7 7 7 7 7 7 7 7 7 7 7 7 7 7 7 7 7 7 7 7 7 7 7 7 7 7
8 34 4 5 5 7 7 7 7 7 7 7 7 7 7 7 7 7 7 7 7 7 7 7 7 7 7 7 7 7 7 7 7 7 7 7
8 35 4 5 5 7 7 7 7 7 7 7 7 7 7 7 7 7 7 7 7 7 7 7 7 7 7 7 7 7 7 7 7 7 7 7 7
8 36 4 5 5 7 7 7 7 7 7 7 7 7 7 7 7 7 7 7 7 7 7 7 7 7 7 7 7 7 7 7 7 7 7 7 7 7
8 37 4 5 5 7 7 7 7 7 7 7 7 7 7 7 7 7 7 7 7 7 7 7 7 7 7 7 7 7 7 7 7 7 7 7 7 7 7
8 38 4 5 5 7 7 7 7 7 7 7 7 7 7 7 7 7 7 7 7 7 7 7 7 7 7 7 7 7 7 7 7 7 7 7 7 7 7 7
8 39 4 5 5 7 7 7 7 7 7 7 7 7 7 7 7 7 7 7 7 7 7 7 7 7 7 7 7 7 7 7 7 7 7 7 7 7 7 7 7
8 40 4 5 5 7 7 7 7 7 7 7 7 7 7 7 7 7 7 7 7 7 7 7 7 7 7 7 7 7 7 7 7 7 7 7 7 7 7 7 7 7
8 3 4 5 6
8 4 4 5 6 7
8 5 4 5 6 7 7
8 6 4 5 6 7 7 7
8 7 4 5 6 7 7 7 7
8 8 4 5 6 7 7 7 7 7
8 9 4 5 6 7 7 7 7 7 7
8 10 4 5 6 7 7 7 7 7 7 7
8 11 4 5 6 7 7 7 7 7 7 7 7
8 12 4 5 6 7 7 7 7 7 7 7 7 7
8 13 4 5 6 7 7 7 7 7 7 7 7 7 7
8 14 4 5 6 7 7 7 7 7 7 7 7 7 7 7
8 15 4 5 6 7 7 7 7 7 7 7 7 7 7 7 7
8 16 4 5 6 7 7 7 7 7 7 7 7 7 7 7 7 7
8 17 4 5 6 7 7 7 7 7 7 7 7 7 7 7 7 7 7
8 18 4 5 6 7 7 7 7 7 7 7 7 7 7 7 7 7 7 7
8 19 4 5 6 7 7 7 7 7 7 7 7 7 7 7 7 7 7 7 7
8 20 4 5 6 7 7 7 7 7 7 7 7 7 7 7 7 7 7 7 7 7
8 21 4 5 6 7 7 7 7 7 7 7 7 7 7 7 7 7 7 7 7 7 7
8 22 4 5 6 7 7 7 7 7 7 7 7 7 7 7 7 7 7 7 7 7 7 7
8 23 4 5 6 7 7 7 7 7 7 7 7 7 7 7 7 7 7 7 7 7 7 7 7
8 24 4 5 6 7 7 7 7 7 7 7 7 7 7 7 7 7 7 7 7 7 7 7 7 7
8 25 4 5 6 7 7 7 7 7 7 7 7 7 7 7 7 7 7 7 7 7 7 7 7 7 7
8 26 4 5 6 7 7 7 7 7 7 7 7 7 7 7 7 7 7 7 7 7 7 7 7 7 7 7
8 27 4 5 6 7 7 7 7 7 7 7 7 7 7 7 7 7 7 7 7 7 7 7 7 7 7 7 7
8 28 4 5 6 7 7 7 7 7 7 7 7 7 7 7 7 7 7 7 7 7 7 7 7 7 7 7 7 7
8 29 4 5 6 7 7 7 7 7 7 7 7 7 7 7 7 7 7 7 7 7 7 7 7 7 7 7 7 7 7
8 30 4 5 6 7 7 7 7 7 7 7 7 7 7 7 7 7 7 7 7 7 7 7 7 7 7 7 7 7 7 7
8 31 4 5 6 7 7 7 7 7 7 7 7 7 7 7 7 7 7 7 7 7 7 7 7 7 7 7 7 7 7 7 7
8 32 4 5 6 7 7 7 7 7 7 7 7 7 7 7 7 7 7 7 7 7 7 7 7 7 7 7 7 7 7 7 7 7
8 33 4 5 6 7 7 7 7 7 7 7 7 7 7 7 7 7 7 7 7 7 7 7 7 7 7 7 7 7 7 7 7 7 7
8 34 4 5 6 7 7 7 7 7 7 7 7 7 7 7 7 7 7 7 7 7 7 7 7 7 7 7 7 7 7 7 7 7 7 7
8 35 4 5 6 7 7 7 7 7 7 7 7 7 7 7 7 7 7 7 7 7 7 7 7 7 7 7 7 7 7 7 7 7 7 7 7
8 36 4 5 6 7 7 7 7 7 7 7 7 7 7 7 7 7 7 7 7 7 7 7 7 7 7 7 7 7 7 7 7 7 7 7 7 7
8 37 4 5 6 7 7 7 7 7 7 7 7 7 7 7 7 7 7 7 7 7 7 7 7 7 7 7 7 7 7 7 7 7 7 7 7 7 7
8 38 4 5 6 7 7 7 7 7 7 7 7 7 7 7 7 7 7 7 7 7 7 7 7 7 7 7 7 7 7 7 7 7 7 7 7 7 7 7
8 39 4 5 6 7 7 7 7 7 7 7 7 7 7 7 7 7 7 7 7 7 7 7 7 7 7 7 7 7 7 7 7 7 7 7 7 7 7 7 7
8 40 4 5 6 7 7 7 7 7 7 7 7 7 7 7 7 7 7 7 7 7 7 7 7 7 7 7 7 7 7 7 7 7 7 7 7 7 7 7 7 7
8 3 4 6 6
8 4 4 6 6 7
8 5 4 6 6 7 7
8 6 4 6 6 7 7 7
8 7 4 6 6 7 7 7 7
8 8 4 6 6 7 7 7 7 7
8 9 4 6 6 7 7 7 7 7 7
8 10 4 6 6 7 7 7 7 7 7 7
8 11 4 6 6 7 7 7 7 7 7 7 7
8 12 4 6 6 7 7 7 7 7 7 7 7 7
8 13 4 6 6 7 7 7 7 7 7 7 7 7 7
8 14 4 6 6 7 7 7 7 7 7 7 7 7 7 7
8 15 4 6 6 7 7 7 7 7 7 7 7 7 7 7 7
8 16 4 6 6 7 7 7 7 7 7 7 7 7 7 7 7 7
8 17 4 6 6 7 7 7 7 7 7 7 7 7 7 7 7 7 7
8 18 4 6 6 7 7 7 7 7 7 7 7 7 7 7 7 7 7 7
8 19 4 6 6 7 7 7 7 7 7 7 7 7 7 7 7 7 7 7 7
8 20 4 6 6 7 7 7 7 7 7 7 7 7 7 7 7 7 7 7 7 7
8 21 4 6 6 7 7 7 7 7 7 7 7 7 7 7 7 7 7 7 7 7 7
8 22 4 6 6 7 7 7 7 7 7 7 7 7 7 7 7 7 7 7 7 7 7 7
8 23 4 6 6 7 7 7 7 7 7 7 7 7 7 7 7 7 7 7 7 7 7 7 7
8 24 4 6 6 7 7 7 7 7 7 7 7 7 7 7 7 7 7 7 7 7 7 7 7 7
8 25 4 6 6 7 7 7 7 7 7 7 7 7 7 7 7 7 7 7 7 7 7 7 7 7 7
8 26 4 6 6 7 7 7 7 7 7 7 7 7 7 7 7 7 7 7 7 7 7 7 7 7 7 7
8 27 4 6 6 7 7 7 7 7 7 7 7 7 7 7 7 7 7 7 7 7 7 7 7 7 7 7 7
8 28 4 6 6 7 7 7 7 7 7 7 7 7 7 7 7 7 7 7 7 7 7 7 7 7 7 7 7 7
8 29 4 6 6 7 7 7 7 7 7 7 7 7 7 7 7 7 7 7 7 7 7 7 7 7 7 7 7 7 7
8 30 4 6 6 7 7 7 7 7 7 7 7 7 7 7 7 7 7 7 7 7 7 7 7 7 7 7 7 7 7 7
8 31 4 6 6 7 7 7 7 7 7 7 7 7 7 7 7 7 7 7 7 7 7 7 7 7 7 7 7 7 7 7 7
8 32 4 6 6 7 7 7 7 7 7 7 7 7 7 7 7 7 7 7 7 7 7 7 7 7 7 7 7 7 7 7 7 7
8 33 4 6 6 7 7 7 7 7 7 7 7 7 7 7 7 7 7 7 7 7 7 7 7 7 7 7 7 7 7 7 7 7 7
8 34 4 6 6 7 7 7 7 7 7 7 7 7 7 7 7 7 7 7 7 7 7 7 7 7 7 7 7 7 7 7 7 7 7 7
8 35 4 6 6 7 7 7 7 7 7 7 7 7 7 7 7 7 7 7 7 7 7 7 7 7 7 7 7 7 7 7 7 7 7 7 7
8 36 4 6 6 7 7 7 7 7 7 7 7 7 7 7 7 7 7 7 7 7 7 7 7 7 7 7 7 7 7 7 7 7 7 7 7 7
8 37 4 6 6 7 7 7 7 7 7 7 7 7 7 7 7 7 7 7 7 7 7 7 7 7 7 7 7 7 7 7 7 7 7 7 7 7 7
8 38 4 6 6 7 7 7 7 7 7 7 7 7 7 7 7 7 7 7 7 7 7 7 7 7 7 7 7 7 7 7 7 7 7 7 7 7 7 7
8 39 4 6 6 7 7 7 7 7 7 7 7 7 7 7 7 7 7 7 7 7 7 7 7 7 7 7 7 7 7 7 7 7 7 7 7 7 7 7 7
8 40 4 6 6 7 7 7 7 7 7 7 7 7 7 7 7 7 7 7 7 7 7 7 7 7 7 7 7 7 7 7 7 7 7 7 7 7 7 7 7 7
8 3 5 5 5
8 4 5 5 5 7
8 5 5 5 5 7 7
8 6 5 5 5 7 7 7
8 7 5 5 5 7 7 7 7
8 8 5 5 5 7 7 7 7 7
8 9 5 5 5 7 7 7 7 7 7
8 10 5 5 5 7 7 7 7 7 7 7
8 11 5 5 5 7 7 7 7 7 7 7 7
8 12 5 5 5 7 7 7 7 7 7 7 7 7
8 13 5 5 5 7 7 7 7 7 7 7 7 7 7
8 14 5 5 5 7 7 7 7 7 7 7 7 7 7 7
8 15 5 5 5 7 7 7 7 7 7 7 7 7 7 7 7
8 16 5 5 5 7 7 7 7 7 7 7 7 7 7 7 7 7
8 17 5 5 5 7 7 7 7 7 7 7 7 7 7 7 7 7 7
8 18 5 5 5 7 7 7 7 7 7 7 7 7 7 7 7 7 7 7
8 19 5 5 5 7 7 7 7 7 7 7 7 7 7 7 7 7 7 7 7
8 20 5 5 5 7 7 7 7 7 7 7 7 7 7 7 7 7 7 7 7 7
8 21 5 5 5 7 7 7 7 7 7 7 7 7 7 7 7 7 7 7 7 7 7
8 22 5 5 5 7 7 7 7 7 7 7 7 7 7 7 7 7 7 7 7 7 7 7
8 23 5 5 5 7 7 7 7 7 7 7 7 7 7 7 7 7 7 7 7 7 7 7 7
8 24 5 5 5 7 7 7 7 7 7 7 7 7 7 7 7 7 7 7 7 7 7 7 7 7
8 25 5 5 5 7 7 7 7 7 7 7 7 7 7 7 7 7 7 7 7 7 7 7 7 7 7
8 26 5 5 5 7 7 7 7 7 7 7 7 7 7 7 7 7 7 7 7 7 7 7 7 7 7 7
8 27 5 5 5 7 7 7 7 7 7 7 7 7 7 7 7 7 7 7 7 7 7 7 7 7 7 7 7
8 28 5 5 5 7 7 7 7 7 7 7 7 7 7 7 7 7 7 7 7 7 7 7 7 7 7 7 7 7
8 29 5 5 5 7 7 7 7 7 7 7 7 7 7 7 7 7 7 7 7 7 7 7 7 7 7 7 7 7 7
8 30 5 5 5 7 7 7 7 7 7 7 7 7 7 7 7 7 7 7 7 7 7 7 7 7 7 7 7 7 7 7
8 31 5 5 5 7 7 7 7 7 7 7 7 7 7 7 7 7 7 7 7 7 7 7 7 7 7 7 7 7 7 7 7
8 32 5 5 5 7 7 7 7 7 7 7 7 7 7 7 7 7 7 7 7 7 7 7 7 7 7 7 7 7 7 7 7 7
8 33 5 5 5 7 7 7 7 7 7 7 7 7 7 7 7 7 7 7 7 7 7 7 7 7 7 7 7 7 7 7 7 7 7
8 34 5 5 5 7 7 7 7 7 7 7 7 7 7 7 7 7 7 7 7 7 7 7 7 7 7 7 7 7 7 7 7 7 7 7
8 35 5 5 5 7 7 7 7 7 7 7 7 7 7 7 7 7 7 7 7 7 7 7 7 7 7 7 7 7 7 7 7 7 7 7 7
8 36 5 5 5 7 7 7 7 7 7 7 7 7 7 7 7 7 7 7 7 7 7 7 7 7 7 7 7 7 7 7 7 7 7 7 7 7
8 37 5 5 5 7 7 7 7 7 7 7 7 7 7 7 7 7 7 7 7 7 7 7 7 7 7 7 7 7 7 7 7 7 7 7 7 7 7
8 38 5 5 5 7 7 7 7 7 7 7 7 7 7 7 7 7 7 7 7 7 7 7 7 7 7 7 7 7 7 7 7 7 7 7 7 7 7 7
8 39 5 5 5 7 7 7 7 7 7 7 7 7 7 7 7 7 7 7 7 7 7 7 7 7 7 7 7 7 7 7 7 7 7 7 7 7 7 7 7
8 40 5 5 5 7 7 7 7 7 7 7 7 7 7 7 7 7 7 7 7 7 7 7 7 7 7 7 7 7 7 7 7 7 7 7 7 7 7 7 7 7
8 3 5 5 6
8 4 5 5 6 7
8 5 5 5 6 7 7
8 6 5 5 6 7 7 7
8 7 5 5 6 7 7 7 7
8 8 5 5 6 7 7 7 7 7
8 9 5 5 6 7 7 7 7 7 7
8 10 5 5 6 7 7 7 7 7 7 7
8 11 5 5 6 7 7 7 7 7 7 7 7
8 12 5 5 6 7 7 7 7 7 7 7 7 7
8 13 5 5 6 7 7 7 7 7 7 7 7 7 7
8 14 5 5 6 7 7 7 7 7 7 7 7 7 7 7
8 15 5 5 6 7 7 7 7 7 7 7 7 7 7 7 7
8 16 5 5 6 7 7 7 7 7 7 7 7 7 7 7 7 7
8 17 5 5 6 7 7 7 7 7 7 7 7 7 7 7 7 7 7
8 18 5 5 6 7 7 7 7 7 7 7 7 7 7 7 7 7 7 7
8 19 5 5 6 7 7 7 7 7 7 7 7 7 7 7 7 7 7 7 7
8 20 5 5 6 7 7 7 7 7 7 7 7 7 7 7 7 7 7 7 7 7
8 21 5 5 6 7 7 7 7 7 7 7 7 7 7 7 7 7 7 7 7 7 7
8 22 5 5 6 7 7 7 7 7 7 7 7 7 7 7 7 7 7 7 7 7 7 7
8 23 5 5 6 7 7 7 7 7 7 7 7 7 7 7 7 7 7 7 7 7 7 7 7
8 24 5 5 6 7 7 7 7 7 7 7 7 7 7 7 7 7 7 7 7 7 7 7 7 7
8 25 5 5 6 7 7 7 7 7 7 7 7 7 7 7 7 7 7 7 7 7 7 7 7 7 7
8 26 5 5 6 7 7 7 7 7 7 7 7 7 7 7 7 7 7 7 7 7 7 7 7 7 7 7
8 27 5 5 6 7 7 7 7 7 7 7 7 7 7 7 7 7 7 7 7 7 7 7 7 7 7 7 7
8 28 5 5 6 7 7 7 7 7 7 7 7 7 7 7 7 7 7 7 7 7 7 7 7 7 7 7 7 7
8 29 5 5 6 7 7 7 7 7 7 7 7 7 7 7 7 7 7 7 7 7 7 7 7 7 7 7 7 7 7
8 30 5 5 6 7 7 7 7 7 7 7 7 7 7 7 7 7 7 7 7 7 7 7 7 7 7 7 7 7 7 7
8 31 5 5 6 7 7 7 7 7 7 7 7 7 7 7 7 7 7 7 7 7 7 7 7 7 7 7 7 7 7 7 7
8 32 5 5 6 7 7 7 7 7 7 7 7 7 7 7 7 7 7 7 7 7 7 7 7 7 7 7 7 7 7 7 7 7
8 33 5 5 6 7 7 7 7 7 7 7 7 7 7 7 7 7 7 7 7 7 7 7 7 7 7 7 7 7 7 7 7 7 7
8 34 5 5 6 7 7 7 7 7 7 7 7 7 7 7 7 7 7 7 7 7 7 7 7 7 7 7 7 7 7 7 7 7 7 7
8 35 5 5 6 7 7 7 7 7 7 7 7 7 7 7 7 7 7 7 7 7 7 7 7 7 7 7 7 7 7 7 7 7 7 7 7
8 36 5 5 6 7 7 7 7 7 7 7 7 7 7 7 7 7 7 7 7 7 7 7 7 7 7 7 7 7 7 7 7 7 7 7 7 7
8 37 5 5 6 7 7 7 7 7 7 7 7 7 7 7 7 7 7 7 7 7 7 7 7 7 7 7 7 7 7 7 7 7 7 7 7 7 7
8 38 5 5 6 7 7 7 7 7 7 7 7 7 7 7 7 7 7 7 7 7 7 7 7 7 7 7 7 7 7 7 7 7 7 7 7 7 7 7
8 39 5 5 6 7 7 7 7 7 7 7 7 7 7 7 7 7 7 7 7 7 7 7 7 7 7 7 7 7 7 7 7 7 7 7 7 7 7 7 7
8 40 5 5 6 7 7 7 7 7 7 7 7 7 7 7 7 7 7 7 7 7 7 7 7 7 7 7 7 7 7 7 7 7 7 7 7 7 7 7 7 7
8 3 5 6 6
8 4 5 6 6 7
8 5 5 6 6 7 7
8 6 5 6 6 7 7 7
8 7 5 6 6 7 7 7 7
8 8 5 6 6 7 7 7 7 7
8 9 5 6 6 7 7 7 7 7 7
8 10 5 6 6 7 7 7 7 7 7 7
8 11 5 6 6 7 7 7 7 7 7 7 7
8 12 5 6 6 7 7 7 7 7 7 7 7 7
8 13 5 6 6 7 7 7 7 7 7 7 7 7 7
8 14 5 6 6 7 7 7 7 7 7 7 7 7 7 7
8 15 5 6 6 7 7 7 7 7 7 7 7 7 7 7 7
8 16 5 6 6 7 7 7 7 7 7 7 7 7 7 7 7 7
8 17 5 6 6 7 7 7 7 7 7 7 7 7 7 7 7 7 7
8 18 5 6 6 7 7 7 7 7 7 7 7 7 7 7 7 7 7 7
8 19 5 6 6 7 7 7 7 7 7 7 7 7 7 7 7 7 7 7 7
8 20 5 6 6 7 7 7 7 7 7 7 7 7 7 7 7 7 7 7 7 7
8 21 5 6 6 7 7 7 7 7 7 7 7 7 7 7 7 7 7 7 7 7 7
8 22 5 6 6 7 7 7 7 7 7 7 7 7 7 7 7 7 7 7 7 7 7 7
8 23 5 6 6 7 7 7 7 7 7 7 7 7 7 7 7 7 7 7 7 7 7 7 7
8 24 5 6 6 7 7 7 7 7 7 7 7 7 7 7 7 7 7 7 7 7 7 7 7 7
8 25 5 6 6 7 7 7 7 7 7 7 7 7 7 7 7 7 7 7 7 7 7 7 7 7 7
8 26 5 6 6 7 7 7 7 7 7 7 7 7 7 7 7 7 7 7 7 7 7 7 7 7 7 7
8 27 5 6 6 7 7 7 7 7 7 7 7 7 7 7 7 7 7 7 7 7 7 7 7 7 7 7 7
8 28 5 6 6 7 7 7 7 7 7 7 7 7 7 7 7 7 7 7 7 7 7 7 7 7 7 7 7 7
8 29 5 6 6 7 7 7 7 7 7 7 7 7 7 7 7 7 7 7 7 7 7 7 7 7 7 7 7 7 7
8 30 5 6 6 7 7 7 7 7 7 7 7 7 7 7 7 7 7 7 7 7 7 7 7 7 7 7 7 7 7 7
8 31 5 6 6 7 7 7 7 7 7 7 7 7 7 7 7 7 7 7 7 7 7 7 7 7 7 7 7 7 7 7 7
8 32 5 6 6 7 7 7 7 7 7 7 7 7 7 7 7 7 7 7 7 7 7 7 7 7 7 7 7 7 7 7 7 7
8 33 5 6 6 7 7 7 7 7 7 7 7 7 7 7 7 7 7 7 7 7 7 7 7 7 7 7 7 7 7 7 7 7 7
8 34 5 6 6 7 7 7 7 7 7 7 7 7 7 7 7 7 7 7 7 7 7 7 7 7 7 7 7 7 7 7 7 7 7 7
8 35 5 6 6 7 7 7 7 7 7 7 7 7 7 7 7 7 7 7 7 7 7 7 7 7 7 7 7 7 7 7 7 7 7 7 7
8 36 5 6 6 7 7 7 7 7 7 7 7 7 7 7 7 7 7 7 7 7 7 7 7 7 7 7 7 7 7 7 7 7 7 7 7 7
8 37 5 6 6 7 7 7 7 7 7 7 7 7 7 7 7 7 7 7 7 7 7 7 7 7 7 7 7 7 7 7 7 7 7 7 7 7 7
8 38 5 6 6 7 7 7 7 7 7 7 7 7 7 7 7 7 7 7 7 7 7 7 7 7 7 7 7 7 7 7 7 7 7 7 7 7 7 7
8 39 5 6 6 7 7 7 7 7 7 7 7 7 7 7 7 7 7 7 7 7 7 7 7 7 7 7 7 7 7 7 7 7 7 7 7 7 7 7 7
8 40 5 6 6 7 7 7 7 7 7 7 7 7 7 7 7 7 7 7 7 7 7 7 7 7 7 7 7 7 7 7 7 7 7 7 7 7 7 7 7 7
8 3 6 6 6
8 4 6 6 6 7
8 5 6 6 6 7 7
8 6 6 6 6 7 7 7
8 7 6 6 6 7 7 7 7
8 8 6 6 6 7 7 7 7 7
8 9 6 6 6 7 7 7 7 7 7
8 10 6 6 6 7 7 7 7 7 7 7
8 11 6 6 6 7 7 7 7 7 7 7 7
8 12 6 6 6 7 7 7 7 7 7 7 7 7
8 13 6 6 6 7 7 7 7 7 7 7 7 7 7
8 14 6 6 6 7 7 7 7 7 7 7 7 7 7 7
8 15 6 6 6 7 7 7 7 7 7 7 7 7 7 7 7
8 16 6 6 6 7 7 7 7 7 7 7 7 7 7 7 7 7
8 17 6 6 6 7 7 7 7 7 7 7 7 7 7 7 7 7 7
8 18 6 6 6 7 7 7 7 7 7 7 7 7 7 7 7 7 7 7
8 19 6 6 6 7 7 7 7 7 7 7 7 7 7 7 7 7 7 7 7
8 20 6 6 6 7 7 7 7 7 7 7 7 7 7 7 7 7 7 7 7 7
8 21 6 6 6 7 7 7 7 7 7 7 7 7 7 7 7 7 7 7 7 7 7
8 22 6 6 6 7 7 7 7 7 7 7 7 7 7 7 7 7 7 7 7 7 7 7
8 23 6 6 6 7 7 7 7 7 7 7 7 7 7 7 7 7 7 7 7 7 7 7 7
8 24 6 6 6 7 7 7 7 7 7 7 7 7 7 7 7 7 7 7 7 7 7 7 7 7
8 25 6 6 6 7 7 7 7 7 7 7 7 7 7 7 7 7 7 7 7 7 7 7 7 7 7
8 26 6 6 6 7 7 7 7 7 7 7 7 7 7 7 7 7 7 7 7 7 7 7 7 7 7 7
8 27 6 6 6 7 7 7 7 7 7 7 7 7 7 7 7 7 7 7 7 7 7 7 7 7 7 7 7
8 28 6 6 6 7 7 7 7 7 7 7 7 7 7 7 7 7 7 7 7 7 7 7 7 7 7 7 7 7
8 29 6 6 6 7 7 7 7 7 7 7 7 7 7 7 7 7 7 7 7 7 7 7 7 7 7 7 7 7 7
8 30 6 6 6 7 7 7 7 7 7 7 7 7 7 7 7 7 7 7 7 7 7 7 7 7 7 7 7 7 7 7
8 31 6 6 6 7 7 7 7 7 7 7 7 7 7 7 7 7 7 7 7 7 7 7 7 7 7 7 7 7 7 7 7
8 32 6 6 6 7 7 7 7 7 7 7 7 7 7 7 7 7 7 7 7 7 7 7 7 7 7 7 7 7 7 7 7 7
8 33 6 6 6 7 7 7 7 7 7 7 7 7 7 7 7 7 7 7 7 7 7 7 7 7 7 7 7 7 7 7 7 7 7
8 34 6 6 6 7 7 7 7 7 7 7 7 7 7 7 7 7 7 7 7 7 7 7 7 7 7 7 7 7 7 7 7 7 7 7
8 35 6 6 6 7 7 7 7 7 7 7 7 7 7 7 7 7 7 7 7 7 7 7 7 7 7 7 7 7 7 7 7 7 7 7 7
8 36 6 6 6 7 7 7 7 7 7 7 7 7 7 7 7 7 7 7 7 7 7 7 7 7 7 7 7 7 7 7 7 7 7 7 7 7
8 37 6 6 6 7 7 7 7 7 7 7 7 7 7 7 7 7 7 7 7 7 7 7 7 7 7 7 7 7 7 7 7 7 7 7 7 7 7
8 38 6 6 6 7 7 7 7 7 7 7 7 7 7 7 7 7 7 7 7 7 7 7 7 7 7 7 7 7 7 7 7 7 7 7 7 7 7 7
8 39 6 6 6 7 7 7 7 7 7 7 7 7 7 7 7 7 7 7 7 7 7 7 7 7 7 7 7 7 7 7 7 7 7 7 7 7 7 7 7
8 40 6 6 6 7 7 7 7 7 7 7 7 7 7 7 7 7 7 7 7 7 7 7 7 7 7 7 7 7 7 7 7 7 7 7 7 7 7 7 7 7
