4 3 2 2 2
4 4 2 2 2 3
4 5 2 2 2 3 3
4 6 2 2 2 3 3 3
4 7 2 2 2 3 3 3 3
4 8 2 2 2 3 3 3 3 3
4 9 2 2 2 3 3 3 3 3 3
4 10 2 2 2 3 3 3 3 3 3 3
4 11 2 2 2 3 3 3 3 3 3 3 3
4 12 2 2 2 3 3 3 3 3 3 3 3 3
4 13 2 2 2 3 3 3 3 3 3 3 3 3 3
4 14 2 2 2 3 3 3 3 3 3 3 3 3 3 3
4 15 2 2 2 3 3 3 3 3 3 3 3 3 3 3 3
4 16 2 2 2 3 3 3 3 3 3 3 3 3 3 3 3 3
4 17 2 2 2 3 3 3 3 3 3 3 3 3 3 3 3 3 3
4 18 2 2 2 3 3 3 3 3 3 3 3 3 3 3 3 3 3 3
4 19 2 2 2 3 3 3 3 3 3 3 3 3 3 3 3 3 3 3 3
4 20 2 2 2 3 3 3 3 3 3 3 3 3 3 3 3 3 3 3 3 3
4 21 2 2 2 3 3 3 3 3 3 3 3 3 3 3 3 3 3 3 3 3 3
4 22 2 2 2 3 3 3 3 3 3 3 3 3 3 3 3 3 3 3 3 3 3 3
4 23 2 2 2 3 3 3 3 3 3 3 3 3 3 3 3 3 3 3 3 3 3 3 3
4 24 2 2 2 3 3 3 3 3 3 3 3 3 3 3 3 3 3 3 3 3 3 3 3 3
4 25 2 2 2 3 3 3 3 3 3 3 3 3 3 3 3 3 3 3 3 3 3 3 3 3 3
4 26 2 2 2 3 3 3 3 3 3 3 3 3 3 3 3 3 3 3 3 3 3 3 3 3 3 3
4 27 2 2 2 3 3 3 3 3 3 3 3 3 3 3 3 3 3 3 3 3 3 3 3 3 3 3 3
4 28 2 2 2 3 3 3 3 3 3 3 3 3 3 3 3 3 3 3 3 3 3 3 3 3 3 3 3 3
4 29 2 2 2 3 3 3 3 3 3 3 3 3 3 3 3 3 3 3 3 3 3 3 3 3 3 3 3 3 3
4 30 2 2 2 3 3 3 3 3 3 3 3 3 3 3 3 3 3 3 3 3 3 3 3 3 3 3 3 3 3 3
4 31 2 2 2 3 3 3 3 3 3 3 3 3 3 3 3 3 3 3 3 3 3 3 3 3 3 3 3 3 3 3 3
4 32 2 2 2 3 3 3 3 3 3 3 3 3 3 3 3 3 3 3 3 3 3 3 3 3 3 3 3 3 3 3 3 3
4 33 2 2 2 3 3 3 3 3 3 3 3 3 3 3 3 3 3 3 3 3 3 3 3 3 3 3 3 3 3 3 3 3 3
4 34 2 2 2 3 3 3 3 3 3 3 3 3 3 3 3 3 3 3 3 3 3 3 3 3 3 3 3 3 3 3 3 3 3 3
4 35 2 2 2 3 3 3 3 3 3 3 3 3 3 3 3 3 3 3 3 3 3 3 3 3 3 3 3 3 3 3 3 3 3 3 3
4 36 2 2 2 3 3 3 3 3 3 3 3 3 3 3 3 3 3 3 3 3 3 3 3 3 3 3 3 3 3 3 3 3 3 3 3 3
4 37 2 2 2 3 3 3 3 3 3 3 3 3 3 3 3 3 3 3 3 3 3 3 3 3 3 3 3 3 3 3 3 3 3 3 3 3 3
4 38 2 2 2 3 3 3 3 3 3 3 3 3 3 3 3 3 3 3 3 3 3 3 3 3 3 3 3 3 3 3 3 3 3 3 3 3 3 3
4 39 2 2 2 3 3 3 3 3 3 3 3 3 3 3 3 3 3 3 3 3 3 3 3 3 3 3 3 3 3 3 3 3 3 3 3 3 3 3 3
4 40 2 2 2 3 3 3 3 3 3 3 3 3 3 3 3 3 3 3 3 3 3 3 3 3 3 3 3 3 3 3 3 3 3 3 3 3 3 3 3 3
