7 3 2 2 2
7 4 2 2 2 6
7 5 2 2 2 6 6
7 6 2 2 2 6 6 6
7 7 2 2 2 6 6 6 6
7 8 2 2 2 6 6 6 6 6
7 9 2 2 2 6 6 6 6 6 6
7 10 2 2 2 6 6 6 6 6 6 6
7 11 2 2 2 6 6 6 6 6 6 6 6
7 12 2 2 2 6 6 6 6 6 6 6 6 6
7 13 2 2 2 6 6 6 6 6 6 6 6 6 6
7 14 2 2 2 6 6 6 6 6 6 6 6 6 6 6
7 15 2 2 2 6 6 6 6 6 6 6 6 6 6 6 6
7 16 2 2 2 6 6 6 6 6 6 6 6 6 6 6 6 6
7 17 2 2 2 6 6 6 6 6 6 6 6 6 6 6 6 6 6
7 18 2 2 2 6 6 6 6 6 6 6 6 6 6 6 6 6 6 6
7 19 2 2 2 6 6 6 6 6 6 6 6 6 6 6 6 6 6 6 6
7 20 2 2 2 6 6 6 6 6 6 6 6 6 6 6 6 6 6 6 6 6
7 21 2 2 2 6 6 6 6 6 6 6 6 6 6 6 6 6 6 6 6 6 6
7 22 2 2 2 6 6 6 6 6 6 6 6 6 6 6 6 6 6 6 6 6 6 6
7 23 2 2 2 6 6 6 6 6 6 6 6 6 6 6 6 6 6 6 6 6 6 6 6
7 24 2 2 2 6 6 6 6 6 6 6 6 6 6 6 6 6 6 6 6 6 6 6 6 6
7 25 2 2 2 6 6 6 6 6 6 6 6 6 6 6 6 6 6 6 6 6 6 6 6 6 6
7 26 2 2 2 6 6 6 6 6 6 6 6 6 6 6 6 6 6 6 6 6 6 6 6 6 6 6
7 27 2 2 2 6 6 6 6 6 6 6 6 6 6 6 6 6 6 6 6 6 6 6 6 6 6 6 6
7 28 2 2 2 6 6 6 6 6 6 6 6 6 6 6 6 6 6 6 6 6 6 6 6 6 6 6 6 6
7 29 2 2 2 6 6 6 6 6 6 6 6 6 6 6 6 6 6 6 6 6 6 6 6 6 6 6 6 6 6
7 30 2 2 2 6 6 6 6 6 6 6 6 6 6 6 6 6 6 6 6 6 6 6 6 6 6 6 6 6 6 6
7 31 2 2 2 6 6 6 6 6 6 6 6 6 6 6 6 6 6 6 6 6 6 6 6 6 6 6 6 6 6 6 6
7 32 2 2 2 6 6 6 6 6 6 6 6 6 6 6 6 6 6 6 6 6 6 6 6 6 6 6 6 6 6 6 6 6
7 33 2 2 2 6 6 6 6 6 6 6 6 6 6 6 6 6 6 6 6 6 6 6 6 6 6 6 6 6 6 6 6 6 6
7 34 2 2 2 6 6 6 6 6 6 6 6 6 6 6 6 6 6 6 6 6 6 6 6 6 6 6 6 6 6 6 6 6 6 6
7 35 2 2 2 6 6 6 6 6 6 6 6 6 6 6 6 6 6 6 6 6 6 6 6 6 6 6 6 6 6 6 6 6 6 6 6
7 36 2 2 2 6 6 6 6 6 6 6 6 6 6 6 6 6 6 6 6 6 6 6 6 6 6 6 6 6 6 6 6 6 6 6 6 6
7 37 2 2 2 6 6 6 6 6 6 6 6 6 6 6 6 6 6 6 6 6 6 6 6 6 6 6 6 6 6 6 6 6 6 6 6 6 6
7 38 2 2 2 6 6 6 6 6 6 6 6 6 6 6 6 6 6 6 6 6 6 6 6 6 6 6 6 6 6 6 6 6 6 6 6 6 6 6
7 39 2 2 2 6 6 6 6 6 6 6 6 6 6 6 6 6 6 6 6 6 6 6 6 6 6 6 6 6 6 6 6 6 6 6 6 6 6 6 6
7 40 2 2 2 6 6 6 6 6 6 6 6 6 6 6 6 6 6 6 6 6 6 6 6 6 6 6 6 6 6 6 6 6 6 6 6 6 6 6 6 6
7 3 2 2 3
7 4 2 2 3 6
7 5 2 2 3 6 6
7 6 2 2 3 6 6 6
7 7 2 2 3 6 6 6 6
7 8 2 2 3 6 6 6 6 6
7 9 2 2 3 6 6 6 6 6 6
7 10 2 2 3 6 6 6 6 6 6 6
7 11 2 2 3 6 6 6 6 6 6 6 6
7 12 2 2 3 6 6 6 6 6 6 6 6 6
7 13 2 2 3 6 6 6 6 6 6 6 6 6 6
7 14 2 2 3 6 6 6 6 6 6 6 6 6 6 6
7 15 2 2 3 6 6 6 6 6 6 6 6 6 6 6 6
7 16 2 2 3 6 6 6 6 6 6 6 6 6 6 6 6 6
7 17 2 2 3 6 6 6 6 6 6 6 6 6 6 6 6 6 6
7 18 2 2 3 6 6 6 6 6 6 6 6 6 6 6 6 6 6 6
7 19 2 2 3 6 6 6 6 6 6 6 6 6 6 6 6 6 6 6 6
7 20 2 2 3 6 6 6 6 6 6 6 6 6 6 6 6 6 6 6 6 6
7 21 2 2 3 6 6 6 6 6 6 6 6 6 6 6 6 6 6 6 6 6 6
7 22 2 2 3 6 6 6 6 6 6 6 6 6 6 6 6 6 6 6 6 6 6 6
7 23 2 2 3 6 6 6 6 6 6 6 6 6 6 6 6 6 6 6 6 6 6 6 6
7 24 2 2 3 6 6 6 6 6 6 6 6 6 6 6 6 6 6 6 6 6 6 6 6 6
7 25 2 2 3 6 6 6 6 6 6 6 6 6 6 6 6 6 6 6 6 6 6 6 6 6 6
7 26 2 2 3 6 6 6 6 6 6 6 6 6 6 6 6 6 6 6 6 6 6 6 6 6 6 6
7 27 2 2 3 6 6 6 6 6 6 6 6 6 6 6 6 6 6 6 6 6 6 6 6 6 6 6 6
7 28 2 2 3 6 6 6 6 6 6 6 6 6 6 6 6 6 6 6 6 6 6 6 6 6 6 6 6 6
7 29 2 2 3 6 6 6 6 6 6 6 6 6 6 6 6 6 6 6 6 6 6 6 6 6 6 6 6 6 6
7 30 2 2 3 6 6 6 6 6 6 6 6 6 6 6 6 6 6 6 6 6 6 6 6 6 6 6 6 6 6 6
7 31 2 2 3 6 6 6 6 6 6 6 6 6 6 6 6 6 6 6 6 6 6 6 6 6 6 6 6 6 6 6 6
7 32 2 2 3 6 6 6 6 6 6 6 6 6 6 6 6 6 6 6 6 6 6 6 6 6 6 6 6 6 6 6 6 6
7 33 2 2 3 6 6 6 6 6 6 6 6 6 6 6 6 6 6 6 6 6 6 6 6 6 6 6 6 6 6 6 6 6 6
7 34 2 2 3 6 6 6 6 6 6 6 6 6 6 6 6 6 6 6 6 6 6 6 6 6 6 6 6 6 6 6 6 6 6 6
7 35 2 2 3 6 6 6 6 6 6 6 6 6 6 6 6 6 6 6 6 6 6 6 6 6 6 6 6 6 6 6 6 6 6 6 6
7 36 2 2 3 6 6 6 6 6 6 6 6 6 6 6 6 6 6 6 6 6 6 6 6 6 6 6 6 6 6 6 6 6 6 6 6 6
7 37 2 2 3 6 6 6 6 6 6 6 6 6 6 6 6 6 6 6 6 6 6 6 6 6 6 6 6 6 6 6 6 6 6 6 6 6 6
7 38 2 2 3 6 6 6 6 6 6 6 6 6 6 6 6 6 6 6 6 6 6 6 6 6 6 6 6 6 6 6 6 6 6 6 6 6 6 6
7 39 2 2 3 6 6 6 6 6 6 6 6 6 6 6 6 6 6 6 6 6 6 6 6 6 6 6 6 6 6 6 6 6 6 6 6 6 6 6 6
7 40 2 2 3 6 6 6 6 6 6 6 6 6 6 6 6 6 6 6 6 6 6 6 6 6 6 6 6 6 6 6 6 6 6 6 6 6 6 6 6 6
7 3 2 2 4
7 4 2 2 4 6
7 5 2 2 4 6 6
7 6 2 2 4 6 6 6
7 7 2 2 4 6 6 6 6
7 8 2 2 4 6 6 6 6 6
7 9 2 2 4 6 6 6 6 6 6
7 10 2 2 4 6 6 6 6 6 6 6
7 11 2 2 4 6 6 6 6 6 6 6 6
7 12 2 2 4 6 6 6 6 6 6 6 6 6
7 13 2 2 4 6 6 6 6 6 6 6 6 6 6
7 14 2 2 4 6 6 6 6 6 6 6 6 6 6 6
7 15 2 2 4 6 6 6 6 6 6 6 6 6 6 6 6
7 16 2 2 4 6 6 6 6 6 6 6 6 6 6 6 6 6
7 17 2 2 4 6 6 6 6 6 6 6 6 6 6 6 6 6 6
7 18 2 2 4 6 6 6 6 6 6 6 6 6 6 6 6 6 6 6
7 19 2 2 4 6 6 6 6 6 6 6 6 6 6 6 6 6 6 6 6
7 20 2 2 4 6 6 6 6 6 6 6 6 6 6 6 6 6 6 6 6 6
7 21 2 2 4 6 6 6 6 6 6 6 6 6 6 6 6 6 6 6 6 6 6
7 22 2 2 4 6 6 6 6 6 6 6 6 6 6 6 6 6 6 6 6 6 6 6
7 23 2 2 4 6 6 6 6 6 6 6 6 6 6 6 6 6 6 6 6 6 6 6 6
7 24 2 2 4 6 6 6 6 6 6 6 6 6 6 6 6 6 6 6 6 6 6 6 6 6
7 25 2 2 4 6 6 6 6 6 6 6 6 6 6 6 6 6 6 6 6 6 6 6 6 6 6
7 26 2 2 4 6 6 6 6 6 6 6 6 6 6 6 6 6 6 6 6 6 6 6 6 6 6 6
7 27 2 2 4 6 6 6 6 6 6 6 6 6 6 6 6 6 6 6 6 6 6 6 6 6 6 6 6
7 28 2 2 4 6 6 6 6 6 6 6 6 6 6 6 6 6 6 6 6 6 6 6 6 6 6 6 6 6
7 29 2 2 4 6 6 6 6 6 6 6 6 6 6 6 6 6 6 6 6 6 6 6 6 6 6 6 6 6 6
7 30 2 2 4 6 6 6 6 6 6 6 6 6 6 6 6 6 6 6 6 6 6 6 6 6 6 6 6 6 6 6
7 31 2 2 4 6 6 6 6 6 6 6 6 6 6 6 6 6 6 6 6 6 6 6 6 6 6 6 6 6 6 6 6
7 32 2 2 4 6 6 6 6 6 6 6 6 6 6 6 6 6 6 6 6 6 6 6 6 6 6 6 6 6 6 6 6 6
7 33 2 2 4 6 6 6 6 6 6 6 6 6 6 6 6 6 6 6 6 6 6 6 6 6 6 6 6 6 6 6 6 6 6
7 34 2 2 4 6 6 6 6 6 6 6 6 6 6 6 6 6 6 6 6 6 6 6 6 6 6 6 6 6 6 6 6 6 6 6
7 35 2 2 4 6 6 6 6 6 6 6 6 6 6 6 6 6 6 6 6 6 6 6 6 6 6 6 6 6 6 6 6 6 6 6 6
7 36 2 2 4 6 6 6 6 6 6 6 6 6 6 6 6 6 6 6 6 6 6 6 6 6 6 6 6 6 6 6 6 6 6 6 6 6
7 37 2 2 4 6 6 6 6 6 6 6 6 6 6 6 6 6 6 6 6 6 6 6 6 6 6 6 6 6 6 6 6 6 6 6 6 6 6
7 38 2 2 4 6 6 6 6 6 6 6 6 6 6 6 6 6 6 6 6 6 6 6 6 6 6 6 6 6 6 6 6 6 6 6 6 6 6 6
7 39 2 2 4 6 6 6 6 6 6 6 6 6 6 6 6 6 6 6 6 6 6 6 6 6 6 6 6 6 6 6 6 6 6 6 6 6 6 6 6
7 40 2 2 4 6 6 6 6 6 6 6 6 6 6 6 6 6 6 6 6 6 6 6 6 6 6 6 6 6 6 6 6 6 6 6 6 6 6 6 6 6
7 3 2 2 5
7 4 2 2 5 6
7 5 2 2 5 6 6
7 6 2 2 5 6 6 6
7 7 2 2 5 6 6 6 6
7 8 2 2 5 6 6 6 6 6
7 9 2 2 5 6 6 6 6 6 6
7 10 2 2 5 6 6 6 6 6 6 6
7 11 2 2 5 6 6 6 6 6 6 6 6
7 12 2 2 5 6 6 6 6 6 6 6 6 6
7 13 2 2 5 6 6 6 6 6 6 6 6 6 6
7 14 2 2 5 6 6 6 6 6 6 6 6 6 6 6
7 15 2 2 5 6 6 6 6 6 6 6 6 6 6 6 6
7 16 2 2 5 6 6 6 6 6 6 6 6 6 6 6 6 6
7 17 2 2 5 6 6 6 6 6 6 6 6 6 6 6 6 6 6
7 18 2 2 5 6 6 6 6 6 6 6 6 6 6 6 6 6 6 6
7 19 2 2 5 6 6 6 6 6 6 6 6 6 6 6 6 6 6 6 6
7 20 2 2 5 6 6 6 6 6 6 6 6 6 6 6 6 6 6 6 6 6
7 21 2 2 5 6 6 6 6 6 6 6 6 6 6 6 6 6 6 6 6 6 6
7 22 2 2 5 6 6 6 6 6 6 6 6 6 6 6 6 6 6 6 6 6 6 6
7 23 2 2 5 6 6 6 6 6 6 6 6 6 6 6 6 6 6 6 6 6 6 6 6
7 24 2 2 5 6 6 6 6 6 6 6 6 6 6 6 6 6 6 6 6 6 6 6 6 6
7 25 2 2 5 6 6 6 6 6 6 6 6 6 6 6 6 6 6 6 6 6 6 6 6 6 6
7 26 2 2 5 6 6 6 6 6 6 6 6 6 6 6 6 6 6 6 6 6 6 6 6 6 6 6
7 27 2 2 5 6 6 6 6 6 6 6 6 6 6 6 6 6 6 6 6 6 6 6 6 6 6 6 6
7 28 2 2 5 6 6 6 6 6 6 6 6 6 6 6 6 6 6 6 6 6 6 6 6 6 6 6 6 6
7 29 2 2 5 6 6 6 6 6 6 6 6 6 6 6 6 6 6 6 6 6 6 6 6 6 6 6 6 6 6
7 30 2 2 5 6 6 6 6 6 6 6 6 6 6 6 6 6 6 6 6 6 6 6 6 6 6 6 6 6 6 6
7 31 2 2 5 6 6 6 6 6 6 6 6 6 6 6 6 6 6 6 6 6 6 6 6 6 6 6 6 6 6 6 6
7 32 2 2 5 6 6 6 6 6 6 6 6 6 6 6 6 6 6 6 6 6 6 6 6 6 6 6 6 6 6 6 6 6
7 33 2 2 5 6 6 6 6 6 6 6 6 6 6 6 6 6 6 6 6 6 6 6 6 6 6 6 6 6 6 6 6 6 6
7 34 2 2 5 6 6 6 6 6 6 6 6 6 6 6 6 6 6 6 6 6 6 6 6 6 6 6 6 6 6 6 6 6 6 6
7 35 2 2 5 6 6 6 6 6 6 6 6 6 6 6 6 6 6 6 6 6 6 6 6 6 6 6 6 6 6 6 6 6 6 6 6
7 36 2 2 5 6 6 6 6 6 6 6 6 6 6 6 6 6 6 6 6 6 6 6 6 6 6 6 6 6 6 6 6 6 6 6 6 6
7 37 2 2 5 6 6 6 6 6 6 6 6 6 6 6 6 6 6 6 6 6 6 6 6 6 6 6 6 6 6 6 6 6 6 6 6 6 6
7 38 2 2 5 6 6 6 6 6 6 6 6 6 6 6 6 6 6 6 6 6 6 6 6 6 6 6 6 6 6 6 6 6 6 6 6 6 6 6
7 39 2 2 5 6 6 6 6 6 6 6 6 6 6 6 6 6 6 6 6 6 6 6 6 6 6 6 6 6 6 6 6 6 6 6 6 6 6 6 6
7 40 2 2 5 6 6 6 6 6 6 6 6 6 6 6 6 6 6 6 6 6 6 6 6 6 6 6 6 6 6 6 6 6 6 6 6 6 6 6 6 6
7 3 2 3 3
7 4 2 3 3 6
7 5 2 3 3 6 6
7 6 2 3 3 6 6 6
7 7 2 3 3 6 6 6 6
7 8 2 3 3 6 6 6 6 6
7 9 2 3 3 6 6 6 6 6 6
7 10 2 3 3 6 6 6 6 6 6 6
7 11 2 3 3 6 6 6 6 6 6 6 6
7 12 2 3 3 6 6 6 6 6 6 6 6 6
7 13 2 3 3 6 6 6 6 6 6 6 6 6 6
7 14 2 3 3 6 6 6 6 6 6 6 6 6 6 6
7 15 2 3 3 6 6 6 6 6 6 6 6 6 6 6 6
7 16 2 3 3 6 6 6 6 6 6 6 6 6 6 6 6 6
7 17 2 3 3 6 6 6 6 6 6 6 6 6 6 6 6 6 6
7 18 2 3 3 6 6 6 6 6 6 6 6 6 6 6 6 6 6 6
7 19 2 3 3 6 6 6 6 6 6 6 6 6 6 6 6 6 6 6 6
7 20 2 3 3 6 6 6 6 6 6 6 6 6 6 6 6 6 6 6 6 6
7 21 2 3 3 6 6 6 6 6 6 6 6 6 6 6 6 6 6 6 6 6 6
7 22 2 3 3 6 6 6 6 6 6 6 6 6 6 6 6 6 6 6 6 6 6 6
7 23 2 3 3 6 6 6 6 6 6 6 6 6 6 6 6 6 6 6 6 6 6 6 6
7 24 2 3 3 6 6 6 6 6 6 6 6 6 6 6 6 6 6 6 6 6 6 6 6 6
7 25 2 3 3 6 6 6 6 6 6 6 6 6 6 6 6 6 6 6 6 6 6 6 6 6 6
7 26 2 3 3 6 6 6 6 6 6 6 6 6 6 6 6 6 6 6 6 6 6 6 6 6 6 6
7 27 2 3 3 6 6 6 6 6 6 6 6 6 6 6 6 6 6 6 6 6 6 6 6 6 6 6 6
7 28 2 3 3 6 6 6 6 6 6 6 6 6 6 6 6 6 6 6 6 6 6 6 6 6 6 6 6 6
7 29 2 3 3 6 6 6 6 6 6 6 6 6 6 6 6 6 6 6 6 6 6 6 6 6 6 6 6 6 6
7 30 2 3 3 6 6 6 6 6 6 6 6 6 6 6 6 6 6 6 6 6 6 6 6 6 6 6 6 6 6 6
7 31 2 3 3 6 6 6 6 6 6 6 6 6 6 6 6 6 6 6 6 6 6 6 6 6 6 6 6 6 6 6 6
7 32 2 3 3 6 6 6 6 6 6 6 6 6 6 6 6 6 6 6 6 6 6 6 6 6 6 6 6 6 6 6 6 6
7 33 2 3 3 6 6 6 6 6 6 6 6 6 6 6 6 6 6 6 6 6 6 6 6 6 6 6 6 6 6 6 6 6 6
7 34 2 3 3 6 6 6 6 6 6 6 6 6 6 6 6 6 6 6 6 6 6 6 6 6 6 6 6 6 6 6 6 6 6 6
7 35 2 3 3 6 6 6 6 6 6 6 6 6 6 6 6 6 6 6 6 6 6 6 6 6 6 6 6 6 6 6 6 6 6 6 6
7 36 2 3 3 6 6 6 6 6 6 6 6 6 6 6 6 6 6 6 6 6 6 6 6 6 6 6 6 6 6 6 6 6 6 6 6 6
7 37 2 3 3 6 6 6 6 6 6 6 6 6 6 6 6 6 6 6 6 6 6 6 6 6 6 6 6 6 6 6 6 6 6 6 6 6 6
7 38 2 3 3 6 6 6 6 6 6 6 6 6 6 6 6 6 6 6 6 6 6 6 6 6 6 6 6 6 6 6 6 6 6 6 6 6 6 6
7 39 2 3 3 6 6 6 6 6 6 6 6 6 6 6 6 6 6 6 6 6 6 6 6 6 6 6 6 6 6 6 6 6 6 6 6 6 6 6 6
7 40 2 3 3 6 6 6 6 6 6 6 6 6 6 6 6 6 6 6 6 6 6 6 6 6 6 6 6 6 6 6 6 6 6 6 6 6 6 6 6 6
7 3 2 3 4
7 4 2 3 4 6
7 5 2 3 4 6 6
7 6 2 3 4 6 6 6
7 7 2 3 4 6 6 6 6
7 8 2 3 4 6 6 6 6 6
7 9 2 3 4 6 6 6 6 6 6
7 10 2 3 4 6 6 6 6 6 6 6
7 11 2 3 4 6 6 6 6 6 6 6 6
7 12 2 3 4 6 6 6 6 6 6 6 6 6
7 13 2 3 4 6 6 6 6 6 6 6 6 6 6
7 14 2 3 4 6 6 6 6 6 6 6 6 6 6 6
7 15 2 3 4 6 6 6 6 6 6 6 6 6 6 6 6
7 16 2 3 4 6 6 6 6 6 6 6 6 6 6 6 6 6
7 17 2 3 4 6 6 6 6 6 6 6 6 6 6 6 6 6 6
7 18 2 3 4 6 6 6 6 6 6 6 6 6 6 6 6 6 6 6
7 19 2 3 4 6 6 6 6 6 6 6 6 6 6 6 6 6 6 6 6
7 20 2 3 4 6 6 6 6 6 6 6 6 6 6 6 6 6 6 6 6 6
7 21 2 3 4 6 6 6 6 6 6 6 6 6 6 6 6 6 6 6 6 6 6
7 22 2 3 4 6 6 6 6 6 6 6 6 6 6 6 6 6 6 6 6 6 6 6
7 23 2 3 4 6 6 6 6 6 6 6 6 6 6 6 6 6 6 6 6 6 6 6 6
7 24 2 3 4 6 6 6 6 6 6 6 6 6 6 6 6 6 6 6 6 6 6 6 6 6
7 25 2 3 4 6 6 6 6 6 6 6 6 6 6 6 6 6 6 6 6 6 6 6 6 6 6
7 26 2 3 4 6 6 6 6 6 6 6 6 6 6 6 6 6 6 6 6 6 6 6 6 6 6 6
7 27 2 3 4 6 6 6 6 6 6 6 6 6 6 6 6 6 6 6 6 6 6 6 6 6 6 6 6
7 28 2 3 4 6 6 6 6 6 6 6 6 6 6 6 6 6 6 6 6 6 6 6 6 6 6 6 6 6
7 29 2 3 4 6 6 6 6 6 6 6 6 6 6 6 6 6 6 6 6 6 6 6 6 6 6 6 6 6 6
7 30 2 3 4 6 6 6 6 6 6 6 6 6 6 6 6 6 6 6 6 6 6 6 6 6 6 6 6 6 6 6
7 31 2 3 4 6 6 6 6 6 6 6 6 6 6 6 6 6 6 6 6 6 6 6 6 6 6 6 6 6 6 6 6
7 32 2 3 4 6 6 6 6 6 6 6 6 6 6 6 6 6 6 6 6 6 6 6 6 6 6 6 6 6 6 6 6 6
7 33 2 3 4 6 6 6 6 6 6 6 6 6 6 6 6 6 6 6 6 6 6 6 6 6 6 6 6 6 6 6 6 6 6
7 34 2 3 4 6 6 6 6 6 6 6 6 6 6 6 6 6 6 6 6 6 6 6 6 6 6 6 6 6 6 6 6 6 6 6
7 35 2 3 4 6 6 6 6 6 6 6 6 6 6 6 6 6 6 6 6 6 6 6 6 6 6 6 6 6 6 6 6 6 6 6 6
7 36 2 3 4 6 6 6 6 6 6 6 6 6 6 6 6 6 6 6 6 6 6 6 6 6 6 6 6 6 6 6 6 6 6 6 6 6
7 37 2 3 4 6 6 6 6 6 6 6 6 6 6 6 6 6 6 6 6 6 6 6 6 6 6 6 6 6 6 6 6 6 6 6 6 6 6
7 38 2 3 4 6 6 6 6 6 6 6 6 6 6 6 6 6 6 6 6 6 6 6 6 6 6 6 6 6 6 6 6 6 6 6 6 6 6 6
7 39 2 3 4 6 6 6 6 6 6 6 6 6 6 6 6 6 6 6 6 6 6 6 6 6 6 6 6 6 6 6 6 6 6 6 6 6 6 6 6
7 40 2 3 4 6 6 6 6 6 6 6 6 6 6 6 6 6 6 6 6 6 6 6 6 6 6 6 6 6 6 6 6 6 6 6 6 6 6 6 6 6
7 3 2 3 5
7 4 2 3 5 6
7 5 2 3 5 6 6
7 6 2 3 5 6 6 6
7 7 2 3 5 6 6 6 6
7 8 2 3 5 6 6 6 6 6
7 9 2 3 5 6 6 6 6 6 6
7 10 2 3 5 6 6 6 6 6 6 6
7 11 2 3 5 6 6 6 6 6 6 6 6
7 12 2 3 5 6 6 6 6 6 6 6 6 6
7 13 2 3 5 6 6 6 6 6 6 6 6 6 6
7 14 2 3 5 6 6 6 6 6 6 6 6 6 6 6
7 15 2 3 5 6 6 6 6 6 6 6 6 6 6 6 6
7 16 2 3 5 6 6 6 6 6 6 6 6 6 6 6 6 6
7 17 2 3 5 6 6 6 6 6 6 6 6 6 6 6 6 6 6
7 18 2 3 5 6 6 6 6 6 6 6 6 6 6 6 6 6 6 6
7 19 2 3 5 6 6 6 6 6 6 6 6 6 6 6 6 6 6 6 6
7 20 2 3 5 6 6 6 6 6 6 6 6 6 6 6 6 6 6 6 6 6
7 21 2 3 5 6 6 6 6 6 6 6 6 6 6 6 6 6 6 6 6 6 6
7 22 2 3 5 6 6 6 6 6 6 6 6 6 6 6 6 6 6 6 6 6 6 6
7 23 2 3 5 6 6 6 6 6 6 6 6 6 6 6 6 6 6 6 6 6 6 6 6
7 24 2 3 5 6 6 6 6 6 6 6 6 6 6 6 6 6 6 6 6 6 6 6 6 6
7 25 2 3 5 6 6 6 6 6 6 6 6 6 6 6 6 6 6 6 6 6 6 6 6 6 6
7 26 2 3 5 6 6 6 6 6 6 6 6 6 6 6 6 6 6 6 6 6 6 6 6 6 6 6
7 27 2 3 5 6 6 6 6 6 6 6 6 6 6 6 6 6 6 6 6 6 6 6 6 6 6 6 6
7 28 2 3 5 6 6 6 6 6 6 6 6 6 6 6 6 6 6 6 6 6 6 6 6 6 6 6 6 6
7 29 2 3 5 6 6 6 6 6 6 6 6 6 6 6 6 6 6 6 6 6 6 6 6 6 6 6 6 6 6
7 30 2 3 5 6 6 6 6 6 6 6 6 6 6 6 6 6 6 6 6 6 6 6 6 6 6 6 6 6 6 6
7 31 2 3 5 6 6 6 6 6 6 6 6 6 6 6 6 6 6 6 6 6 6 6 6 6 6 6 6 6 6 6 6
7 32 2 3 5 6 6 6 6 6 6 6 6 6 6 6 6 6 6 6 6 6 6 6 6 6 6 6 6 6 6 6 6 6
7 33 2 3 5 6 6 6 6 6 6 6 6 6 6 6 6 6 6 6 6 6 6 6 6 6 6 6 6 6 6 6 6 6 6
7 34 2 3 5 6 6 6 6 6 6 6 6 6 6 6 6 6 6 6 6 6 6 6 6 6 6 6 6 6 6 6 6 6 6 6
7 35 2 3 5 6 6 6 6 6 6 6 6 6 6 6 6 6 6 6 6 6 6 6 6 6 6 6 6 6 6 6 6 6 6 6 6
7 36 2 3 5 6 6 6 6 6 6 6 6 6 6 6 6 6 6 6 6 6 6 6 6 6 6 6 6 6 6 6 6 6 6 6 6 6
7 37 2 3 5 6 6 6 6 6 6 6 6 6 6 6 6 6 6 6 6 6 6 6 6 6 6 6 6 6 6 6 6 6 6 6 6 6 6
7 38 2 3 5 6 6 6 6 6 6 6 6 6 6 6 6 6 6 6 6 6 6 6 6 6 6 6 6 6 6 6 6 6 6 6 6 6 6 6
7 39 2 3 5 6 6 6 6 6 6 6 6 6 6 6 6 6 6 6 6 6 6 6 6 6 6 6 6 6 6 6 6 6 6 6 6 6 6 6 6
7 40 2 3 5 6 6 6 6 6 6 6 6 6 6 6 6 6 6 6 6 6 6 6 6 6 6 6 6 6 6 6 6 6 6 6 6 6 6 6 6 6
7 3 2 4 4
7 4 2 4 4 6
7 5 2 4 4 6 6
7 6 2 4 4 6 6 6
7 7 2 4 4 6 6 6 6
7 8 2 4 4 6 6 6 6 6
7 9 2 4 4 6 6 6 6 6 6
7 10 2 4 4 6 6 6 6 6 6 6
7 11 2 4 4 6 6 6 6 6 6 6 6
7 12 2 4 4 6 6 6 6 6 6 6 6 6
7 13 2 4 4 6 6 6 6 6 6 6 6 6 6
7 14 2 4 4 6 6 6 6 6 6 6 6 6 6 6
7 15 2 4 4 6 6 6 6 6 6 6 6 6 6 6 6
7 16 2 4 4 6 6 6 6 6 6 6 6 6 6 6 6 6
7 17 2 4 4 6 6 6 6 6 6 6 6 6 6 6 6 6 6
7 18 2 4 4 6 6 6 6 6 6 6 6 6 6 6 6 6 6 6
7 19 2 4 4 6 6 6 6 6 6 6 6 6 6 6 6 6 6 6 6
7 20 2 4 4 6 6 6 6 6 6 6 6 6 6 6 6 6 6 6 6 6
7 21 2 4 4 6 6 6 6 6 6 6 6 6 6 6 6 6 6 6 6 6 6
7 22 2 4 4 6 6 6 6 6 6 6 6 6 6 6 6 6 6 6 6 6 6 6
7 23 2 4 4 6 6 6 6 6 6 6 6 6 6 6 6 6 6 6 6 6 6 6 6
7 24 2 4 4 6 6 6 6 6 6 6 6 6 6 6 6 6 6 6 6 6 6 6 6 6
7 25 2 4 4 6 6 6 6 6 6 6 6 6 6 6 6 6 6 6 6 6 6 6 6 6 6
7 26 2 4 4 6 6 6 6 6 6 6 6 6 6 6 6 6 6 6 6 6 6 6 6 6 6 6
7 27 2 4 4 6 6 6 6 6 6 6 6 6 6 6 6 6 6 6 6 6 6 6 6 6 6 6 6
7 28 2 4 4 6 6 6 6 6 6 6 6 6 6 6 6 6 6 6 6 6 6 6 6 6 6 6 6 6
7 29 2 4 4 6 6 6 6 6 6 6 6 6 6 6 6 6 6 6 6 6 6 6 6 6 6 6 6 6 6
7 30 2 4 4 6 6 6 6 6 6 6 6 6 6 6 6 6 6 6 6 6 6 6 6 6 6 6 6 6 6 6
7 31 2 4 4 6 6 6 6 6 6 6 6 6 6 6 6 6 6 6 6 6 6 6 6 6 6 6 6 6 6 6 6
7 32 2 4 4 6 6 6 6 6 6 6 6 6 6 6 6 6 6 6 6 6 6 6 6 6 6 6 6 6 6 6 6 6
7 33 2 4 4 6 6 6 6 6 6 6 6 6 6 6 6 6 6 6 6 6 6 6 6 6 6 6 6 6 6 6 6 6 6
7 34 2 4 4 6 6 6 6 6 6 6 6 6 6 6 6 6 6 6 6 6 6 6 6 6 6 6 6 6 6 6 6 6 6 6
7 35 2 4 4 6 6 6 6 6 6 6 6 6 6 6 6 6 6 6 6 6 6 6 6 6 6 6 6 6 6 6 6 6 6 6 6
7 36 2 4 4 6 6 6 6 6 6 6 6 6 6 6 6 6 6 6 6 6 6 6 6 6 6 6 6 6 6 6 6 6 6 6 6 6
7 37 2 4 4 6 6 6 6 6 6 6 6 6 6 6 6 6 6 6 6 6 6 6 6 6 6 6 6 6 6 6 6 6 6 6 6 6 6
7 38 2 4 4 6 6 6 6 6 6 6 6 6 6 6 6 6 6 6 6 6 6 6 6 6 6 6 6 6 6 6 6 6 6 6 6 6 6 6
7 39 2 4 4 6 6 6 6 6 6 6 6 6 6 6 6 6 6 6 6 6 6 6 6 6 6 6 6 6 6 6 6 6 6 6 6 6 6 6 6
7 40 2 4 4 6 6 6 6 6 6 6 6 6 6 6 6 6 6 6 6 6 6 6 6 6 6 6 6 6 6 6 6 6 6 6 6 6 6 6 6 6
7 3 2 4 5
7 4 2 4 5 6
7 5 2 4 5 6 6
7 6 2 4 5 6 6 6
7 7 2 4 5 6 6 6 6
7 8 2 4 5 6 6 6 6 6
7 9 2 4 5 6 6 6 6 6 6
7 10 2 4 5 6 6 6 6 6 6 6
7 11 2 4 5 6 6 6 6 6 6 6 6
7 12 2 4 5 6 6 6 6 6 6 6 6 6
7 13 2 4 5 6 6 6 6 6 6 6 6 6 6
7 14 2 4 5 6 6 6 6 6 6 6 6 6 6 6
7 15 2 4 5 6 6 6 6 6 6 6 6 6 6 6 6
7 16 2 4 5 6 6 6 6 6 6 6 6 6 6 6 6 6
7 17 2 4 5 6 6 6 6 6 6 6 6 6 6 6 6 6 6
7 18 2 4 5 6 6 6 6 6 6 6 6 6 6 6 6 6 6 6
7 19 2 4 5 6 6 6 6 6 6 6 6 6 6 6 6 6 6 6 6
7 20 2 4 5 6 6 6 6 6 6 6 6 6 6 6 6 6 6 6 6 6
7 21 2 4 5 6 6 6 6 6 6 6 6 6 6 6 6 6 6 6 6 6 6
7 22 2 4 5 6 6 6 6 6 6 6 6 6 6 6 6 6 6 6 6 6 6 6
7 23 2 4 5 6 6 6 6 6 6 6 6 6 6 6 6 6 6 6 6 6 6 6 6
7 24 2 4 5 6 6 6 6 6 6 6 6 6 6 6 6 6 6 6 6 6 6 6 6 6
7 25 2 4 5 6 6 6 6 6 6 6 6 6 6 6 6 6 6 6 6 6 6 6 6 6 6
7 26 2 4 5 6 6 6 6 6 6 6 6 6 6 6 6 6 6 6 6 6 6 6 6 6 6 6
7 27 2 4 5 6 6 6 6 6 6 6 6 6 6 6 6 6 6 6 6 6 6 6 6 6 6 6 6
7 28 2 4 5 6 6 6 6 6 6 6 6 6 6 6 6 6 6 6 6 6 6 6 6 6 6 6 6 6
7 29 2 4 5 6 6 6 6 6 6 6 6 6 6 6 6 6 6 6 6 6 6 6 6 6 6 6 6 6 6
7 30 2 4 5 6 6 6 6 6 6 6 6 6 6 6 6 6 6 6 6 6 6 6 6 6 6 6 6 6 6 6
7 31 2 4 5 6 6 6 6 6 6 6 6 6 6 6 6 6 6 6 6 6 6 6 6 6 6 6 6 6 6 6 6
7 32 2 4 5 6 6 6 6 6 6 6 6 6 6 6 6 6 6 6 6 6 6 6 6 6 6 6 6 6 6 6 6 6
7 33 2 4 5 6 6 6 6 6 6 6 6 6 6 6 6 6 6 6 6 6 6 6 6 6 6 6 6 6 6 6 6 6 6
7 34 2 4 5 6 6 6 6 6 6 6 6 6 6 6 6 6 6 6 6 6 6 6 6 6 6 6 6 6 6 6 6 6 6 6
7 35 2 4 5 6 6 6 6 6 6 6 6 6 6 6 6 6 6 6 6 6 6 6 6 6 6 6 6 6 6 6 6 6 6 6 6
7 36 2 4 5 6 6 6 6 6 6 6 6 6 6 6 6 6 6 6 6 6 6 6 6 6 6 6 6 6 6 6 6 6 6 6 6 6
7 37 2 4 5 6 6 6 6 6 6 6 6 6 6 6 6 6 6 6 6 6 6 6 6 6 6 6 6 6 6 6 6 6 6 6 6 6 6
7 38 2 4 5 6 6 6 6 6 6 6 6 6 6 6 6 6 6 6 6 6 6 6 6 6 6 6 6 6 6 6 6 6 6 6 6 6 6 6
7 39 2 4 5 6 6 6 6 6 6 6 6 6 6 6 6 6 6 6 6 6 6 6 6 6 6 6 6 6 6 6 6 6 6 6 6 6 6 6 6
7 40 2 4 5 6 6 6 6 6 6 6 6 6 6 6 6 6 6 6 6 6 6 6 6 6 6 6 6 6 6 6 6 6 6 6 6 6 6 6 6 6
7 3 2 5 5
7 4 2 5 5 6
7 5 2 5 5 6 6
7 6 2 5 5 6 6 6
7 7 2 5 5 6 6 6 6
7 8 2 5 5 6 6 6 6 6
7 9 2 5 5 6 6 6 6 6 6
7 10 2 5 5 6 6 6 6 6 6 6
7 11 2 5 5 6 6 6 6 6 6 6 6
7 12 2 5 5 6 6 6 6 6 6 6 6 6
7 13 2 5 5 6 6 6 6 6 6 6 6 6 6
7 14 2 5 5 6 6 6 6 6 6 6 6 6 6 6
7 15 2 5 5 6 6 6 6 6 6 6 6 6 6 6 6
7 16 2 5 5 6 6 6 6 6 6 6 6 6 6 6 6 6
7 17 2 5 5 6 6 6 6 6 6 6 6 6 6 6 6 6 6
7 18 2 5 5 6 6 6 6 6 6 6 6 6 6 6 6 6 6 6
7 19 2 5 5 6 6 6 6 6 6 6 6 6 6 6 6 6 6 6 6
7 20 2 5 5 6 6 6 6 6 6 6 6 6 6 6 6 6 6 6 6 6
7 21 2 5 5 6 6 6 6 6 6 6 6 6 6 6 6 6 6 6 6 6 6
7 22 2 5 5 6 6 6 6 6 6 6 6 6 6 6 6 6 6 6 6 6 6 6
7 23 2 5 5 6 6 6 6 6 6 6 6 6 6 6 6 6 6 6 6 6 6 6 6
7 24 2 5 5 6 6 6 6 6 6 6 6 6 6 6 6 6 6 6 6 6 6 6 6 6
7 25 2 5 5 6 6 6 6 6 6 6 6 6 6 6 6 6 6 6 6 6 6 6 6 6 6
7 26 2 5 5 6 6 6 6 6 6 6 6 6 6 6 6 6 6 6 6 6 6 6 6 6 6 6
7 27 2 5 5 6 6 6 6 6 6 6 6 6 6 6 6 6 6 6 6 6 6 6 6 6 6 6 6
7 28 2 5 5 6 6 6 6 6 6 6 6 6 6 6 6 6 6 6 6 6 6 6 6 6 6 6 6 6
7 29 2 5 5 6 6 6 6 6 6 6 6 6 6 6 6 6 6 6 6 6 6 6 6 6 6 6 6 6 6
7 30 2 5 5 6 6 6 6 6 6 6 6 6 6 6 6 6 6 6 6 6 6 6 6 6 6 6 6 6 6 6
7 31 2 5 5 6 6 6 6 6 6 6 6 6 6 6 6 6 6 6 6 6 6 6 6 6 6 6 6 6 6 6 6
7 32 2 5 5 6 6 6 6 6 6 6 6 6 6 6 6 6 6 6 6 6 6 6 6 6 6 6 6 6 6 6 6 6
7 33 2 5 5 6 6 6 6 6 6 6 6 6 6 6 6 6 6 6 6 6 6 6 6 6 6 6 6 6 6 6 6 6 6
7 34 2 5 5 6 6 6 6 6 6 6 6 6 6 6 6 6 6 6 6 6 6 6 6 6 6 6 6 6 6 6 6 6 6 6
7 35 2 5 5 6 6 6 6 6 6 6 6 6 6 6 6 6 6 6 6 6 6 6 6 6 6 6 6 6 6 6 6 6 6 6 6
7 36 2 5 5 6 6 6 6 6 6 6 6 6 6 6 6 6 6 6 6 6 6 6 6 6 6 6 6 6 6 6 6 6 6 6 6 6
7 37 2 5 5 6 6 6 6 6 6 6 6 6 6 6 6 6 6 6 6 6 6 6 6 6 6 6 6 6 6 6 6 6 6 6 6 6 6
7 38 2 5 5 6 6 6 6 6 6 6 6 6 6 6 6 6 6 6 6 6 6 6 6 6 6 6 6 6 6 6 6 6 6 6 6 6 6 6
7 39 2 5 5 6 6 6 6 6 6 6 6 6 6 6 6 6 6 6 6 6 6 6 6 6 6 6 6 6 6 6 6 6 6 6 6 6 6 6 6
7 40 2 5 5 6 6 6 6 6 6 6 6 6 6 6 6 6 6 6 6 6 6 6 6 6 6 6 6 6 6 6 6 6 6 6 6 6 6 6 6 6
7 3 3 3 3
7 4 3 3 3 6
7 5 3 3 3 6 6
7 6 3 3 3 6 6 6
7 7 3 3 3 6 6 6 6
7 8 3 3 3 6 6 6 6 6
7 9 3 3 3 6 6 6 6 6 6
7 10 3 3 3 6 6 6 6 6 6 6
7 11 3 3 3 6 6 6 6 6 6 6 6
7 12 3 3 3 6 6 6 6 6 6 6 6 6
7 13 3 3 3 6 6 6 6 6 6 6 6 6 6
7 14 3 3 3 6 6 6 6 6 6 6 6 6 6 6
7 15 3 3 3 6 6 6 6 6 6 6 6 6 6 6 6
7 16 3 3 3 6 6 6 6 6 6 6 6 6 6 6 6 6
7 17 3 3 3 6 6 6 6 6 6 6 6 6 6 6 6 6 6
7 18 3 3 3 6 6 6 6 6 6 6 6 6 6 6 6 6 6 6
7 19 3 3 3 6 6 6 6 6 6 6 6 6 6 6 6 6 6 6 6
7 20 3 3 3 6 6 6 6 6 6 6 6 6 6 6 6 6 6 6 6 6
7 21 3 3 3 6 6 6 6 6 6 6 6 6 6 6 6 6 6 6 6 6 6
7 22 3 3 3 6 6 6 6 6 6 6 6 6 6 6 6 6 6 6 6 6 6 6
7 23 3 3 3 6 6 6 6 6 6 6 6 6 6 6 6 6 6 6 6 6 6 6 6
7 24 3 3 3 6 6 6 6 6 6 6 6 6 6 6 6 6 6 6 6 6 6 6 6 6
7 25 3 3 3 6 6 6 6 6 6 6 6 6 6 6 6 6 6 6 6 6 6 6 6 6 6
7 26 3 3 3 6 6 6 6 6 6 6 6 6 6 6 6 6 6 6 6 6 6 6 6 6 6 6
7 27 3 3 3 6 6 6 6 6 6 6 6 6 6 6 6 6 6 6 6 6 6 6 6 6 6 6 6
7 28 3 3 3 6 6 6 6 6 6 6 6 6 6 6 6 6 6 6 6 6 6 6 6 6 6 6 6 6
7 29 3 3 3 6 6 6 6 6 6 6 6 6 6 6 6 6 6 6 6 6 6 6 6 6 6 6 6 6 6
7 30 3 3 3 6 6 6 6 6 6 6 6 6 6 6 6 6 6 6 6 6 6 6 6 6 6 6 6 6 6 6
7 31 3 3 3 6 6 6 6 6 6 6 6 6 6 6 6 6 6 6 6 6 6 6 6 6 6 6 6 6 6 6 6
7 32 3 3 3 6 6 6 6 6 6 6 6 6 6 6 6 6 6 6 6 6 6 6 6 6 6 6 6 6 6 6 6 6
7 33 3 3 3 6 6 6 6 6 6 6 6 6 6 6 6 6 6 6 6 6 6 6 6 6 6 6 6 6 6 6 6 6 6
7 34 3 3 3 6 6 6 6 6 6 6 6 6 6 6 6 6 6 6 6 6 6 6 6 6 6 6 6 6 6 6 6 6 6 6
7 35 3 3 3 6 6 6 6 6 6 6 6 6 6 6 6 6 6 6 6 6 6 6 6 6 6 6 6 6 6 6 6 6 6 6 6
7 36 3 3 3 6 6 6 6 6 6 6 6 6 6 6 6 6 6 6 6 6 6 6 6 6 6 6 6 6 6 6 6 6 6 6 6 6
7 37 3 3 3 6 6 6 6 6 6 6 6 6 6 6 6 6 6 6 6 6 6 6 6 6 6 6 6 6 6 6 6 6 6 6 6 6 6
7 38 3 3 3 6 6 6 6 6 6 6 6 6 6 6 6 6 6 6 6 6 6 6 6 6 6 6 6 6 6 6 6 6 6 6 6 6 6 6
7 39 3 3 3 6 6 6 6 6 6 6 6 6 6 6 6 6 6 6 6 6 6 6 6 6 6 6 6 6 6 6 6 6 6 6 6 6 6 6 6
7 40 3 3 3 6 6 6 6 6 6 6 6 6 6 6 6 6 6 6 6 6 6 6 6 6 6 6 6 6 6 6 6 6 6 6 6 6 6 6 6 6
7 3 3 3 4
7 4 3 3 4 6
7 5 3 3 4 6 6
7 6 3 3 4 6 6 6
7 7 3 3 4 6 6 6 6
7 8 3 3 4 6 6 6 6 6
7 9 3 3 4 6 6 6 6 6 6
7 10 3 3 4 6 6 6 6 6 6 6
7 11 3 3 4 6 6 6 6 6 6 6 6
7 12 3 3 4 6 6 6 6 6 6 6 6 6
7 13 3 3 4 6 6 6 6 6 6 6 6 6 6
7 14 3 3 4 6 6 6 6 6 6 6 6 6 6 6
7 15 3 3 4 6 6 6 6 6 6 6 6 6 6 6 6
7 16 3 3 4 6 6 6 6 6 6 6 6 6 6 6 6 6
7 17 3 3 4 6 6 6 6 6 6 6 6 6 6 6 6 6 6
7 18 3 3 4 6 6 6 6 6 6 6 6 6 6 6 6 6 6 6
7 19 3 3 4 6 6 6 6 6 6 6 6 6 6 6 6 6 6 6 6
7 20 3 3 4 6 6 6 6 6 6 6 6 6 6 6 6 6 6 6 6 6
7 21 3 3 4 6 6 6 6 6 6 6 6 6 6 6 6 6 6 6 6 6 6
7 22 3 3 4 6 6 6 6 6 6 6 6 6 6 6 6 6 6 6 6 6 6 6
7 23 3 3 4 6 6 6 6 6 6 6 6 6 6 6 6 6 6 6 6 6 6 6 6
7 24 3 3 4 6 6 6 6 6 6 6 6 6 6 6 6 6 6 6 6 6 6 6 6 6
7 25 3 3 4 6 6 6 6 6 6 6 6 6 6 6 6 6 6 6 6 6 6 6 6 6 6
7 26 3 3 4 6 6 6 6 6 6 6 6 6 6 6 6 6 6 6 6 6 6 6 6 6 6 6
7 27 3 3 4 6 6 6 6 6 6 6 6 6 6 6 6 6 6 6 6 6 6 6 6 6 6 6 6
7 28 3 3 4 6 6 6 6 6 6 6 6 6 6 6 6 6 6 6 6 6 6 6 6 6 6 6 6 6
7 29 3 3 4 6 6 6 6 6 6 6 6 6 6 6 6 6 6 6 6 6 6 6 6 6 6 6 6 6 6
7 30 3 3 4 6 6 6 6 6 6 6 6 6 6 6 6 6 6 6 6 6 6 6 6 6 6 6 6 6 6 6
7 31 3 3 4 6 6 6 6 6 6 6 6 6 6 6 6 6 6 6 6 6 6 6 6 6 6 6 6 6 6 6 6
7 32 3 3 4 6 6 6 6 6 6 6 6 6 6 6 6 6 6 6 6 6 6 6 6 6 6 6 6 6 6 6 6 6
7 33 3 3 4 6 6 6 6 6 6 6 6 6 6 6 6 6 6 6 6 6 6 6 6 6 6 6 6 6 6 6 6 6 6
7 34 3 3 4 6 6 6 6 6 6 6 6 6 6 6 6 6 6 6 6 6 6 6 6 6 6 6 6 6 6 6 6 6 6 6
7 35 3 3 4 6 6 6 6 6 6 6 6 6 6 6 6 6 6 6 6 6 6 6 6 6 6 6 6 6 6 6 6 6 6 6 6
7 36 3 3 4 6 6 6 6 6 6 6 6 6 6 6 6 6 6 6 6 6 6 6 6 6 6 6 6 6 6 6 6 6 6 6 6 6
7 37 3 3 4 6 6 6 6 6 6 6 6 6 6 6 6 6 6 6 6 6 6 6 6 6 6 6 6 6 6 6 6 6 6 6 6 6 6
7 38 3 3 4 6 6 6 6 6 6 6 6 6 6 6 6 6 6 6 6 6 6 6 6 6 6 6 6 6 6 6 6 6 6 6 6 6 6 6
7 39 3 3 4 6 6 6 6 6 6 6 6 6 6 6 6 6 6 6 6 6 6 6 6 6 6 6 6 6 6 6 6 6 6 6 6 6 6 6 6
7 40 3 3 4 6 6 6 6 6 6 6 6 6 6 6 6 6 6 6 6 6 6 6 6 6 6 6 6 6 6 6 6 6 6 6 6 6 6 6 6 6
7 3 3 3 5
7 4 3 3 5 6
7 5 3 3 5 6 6
7 6 3 3 5 6 6 6
7 7 3 3 5 6 6 6 6
7 8 3 3 5 6 6 6 6 6
7 9 3 3 5 6 6 6 6 6 6
7 10 3 3 5 6 6 6 6 6 6 6
7 11 3 3 5 6 6 6 6 6 6 6 6
7 12 3 3 5 6 6 6 6 6 6 6 6 6
7 13 3 3 5 6 6 6 6 6 6 6 6 6 6
7 14 3 3 5 6 6 6 6 6 6 6 6 6 6 6
7 15 3 3 5 6 6 6 6 6 6 6 6 6 6 6 6
7 16 3 3 5 6 6 6 6 6 6 6 6 6 6 6 6 6
7 17 3 3 5 6 6 6 6 6 6 6 6 6 6 6 6 6 6
7 18 3 3 5 6 6 6 6 6 6 6 6 6 6 6 6 6 6 6
7 19 3 3 5 6 6 6 6 6 6 6 6 6 6 6 6 6 6 6 6
7 20 3 3 5 6 6 6 6 6 6 6 6 6 6 6 6 6 6 6 6 6
7 21 3 3 5 6 6 6 6 6 6 6 6 6 6 6 6 6 6 6 6 6 6
7 22 3 3 5 6 6 6 6 6 6 6 6 6 6 6 6 6 6 6 6 6 6 6
7 23 3 3 5 6 6 6 6 6 6 6 6 6 6 6 6 6 6 6 6 6 6 6 6
7 24 3 3 5 6 6 6 6 6 6 6 6 6 6 6 6 6 6 6 6 6 6 6 6 6
7 25 3 3 5 6 6 6 6 6 6 6 6 6 6 6 6 6 6 6 6 6 6 6 6 6 6
7 26 3 3 5 6 6 6 6 6 6 6 6 6 6 6 6 6 6 6 6 6 6 6 6 6 6 6
7 27 3 3 5 6 6 6 6 6 6 6 6 6 6 6 6 6 6 6 6 6 6 6 6 6 6 6 6
7 28 3 3 5 6 6 6 6 6 6 6 6 6 6 6 6 6 6 6 6 6 6 6 6 6 6 6 6 6
7 29 3 3 5 6 6 6 6 6 6 6 6 6 6 6 6 6 6 6 6 6 6 6 6 6 6 6 6 6 6
7 30 3 3 5 6 6 6 6 6 6 6 6 6 6 6 6 6 6 6 6 6 6 6 6 6 6 6 6 6 6 6
7 31 3 3 5 6 6 6 6 6 6 6 6 6 6 6 6 6 6 6 6 6 6 6 6 6 6 6 6 6 6 6 6
7 32 3 3 5 6 6 6 6 6 6 6 6 6 6 6 6 6 6 6 6 6 6 6 6 6 6 6 6 6 6 6 6 6
7 33 3 3 5 6 6 6 6 6 6 6 6 6 6 6 6 6 6 6 6 6 6 6 6 6 6 6 6 6 6 6 6 6 6
7 34 3 3 5 6 6 6 6 6 6 6 6 6 6 6 6 6 6 6 6 6 6 6 6 6 6 6 6 6 6 6 6 6 6 6
7 35 3 3 5 6 6 6 6 6 6 6 6 6 6 6 6 6 6 6 6 6 6 6 6 6 6 6 6 6 6 6 6 6 6 6 6
7 36 3 3 5 6 6 6 6 6 6 6 6 6 6 6 6 6 6 6 6 6 6 6 6 6 6 6 6 6 6 6 6 6 6 6 6 6
7 37 3 3 5 6 6 6 6 6 6 6 6 6 6 6 6 6 6 6 6 6 6 6 6 6 6 6 6 6 6 6 6 6 6 6 6 6 6
7 38 3 3 5 6 6 6 6 6 6 6 6 6 6 6 6 6 6 6 6 6 6 6 6 6 6 6 6 6 6 6 6 6 6 6 6 6 6 6
7 39 3 3 5 6 6 6 6 6 6 6 6 6 6 6 6 6 6 6 6 6 6 6 6 6 6 6 6 6 6 6 6 6 6 6 6 6 6 6 6
7 40 3 3 5 6 6 6 6 6 6 6 6 6 6 6 6 6 6 6 6 6 6 6 6 6 6 6 6 6 6 6 6 6 6 6 6 6 6 6 6 6
7 3 3 4 4
7 4 3 4 4 6
7 5 3 4 4 6 6
7 6 3 4 4 6 6 6
7 7 3 4 4 6 6 6 6
7 8 3 4 4 6 6 6 6 6
7 9 3 4 4 6 6 6 6 6 6
7 10 3 4 4 6 6 6 6 6 6 6
7 11 3 4 4 6 6 6 6 6 6 6 6
7 12 3 4 4 6 6 6 6 6 6 6 6 6
7 13 3 4 4 6 6 6 6 6 6 6 6 6 6
7 14 3 4 4 6 6 6 6 6 6 6 6 6 6 6
7 15 3 4 4 6 6 6 6 6 6 6 6 6 6 6 6
7 16 3 4 4 6 6 6 6 6 6 6 6 6 6 6 6 6
7 17 3 4 4 6 6 6 6 6 6 6 6 6 6 6 6 6 6
7 18 3 4 4 6 6 6 6 6 6 6 6 6 6 6 6 6 6 6
7 19 3 4 4 6 6 6 6 6 6 6 6 6 6 6 6 6 6 6 6
7 20 3 4 4 6 6 6 6 6 6 6 6 6 6 6 6 6 6 6 6 6
7 21 3 4 4 6 6 6 6 6 6 6 6 6 6 6 6 6 6 6 6 6 6
7 22 3 4 4 6 6 6 6 6 6 6 6 6 6 6 6 6 6 6 6 6 6 6
7 23 3 4 4 6 6 6 6 6 6 6 6 6 6 6 6 6 6 6 6 6 6 6 6
7 24 3 4 4 6 6 6 6 6 6 6 6 6 6 6 6 6 6 6 6 6 6 6 6 6
7 25 3 4 4 6 6 6 6 6 6 6 6 6 6 6 6 6 6 6 6 6 6 6 6 6 6
7 26 3 4 4 6 6 6 6 6 6 6 6 6 6 6 6 6 6 6 6 6 6 6 6 6 6 6
7 27 3 4 4 6 6 6 6 6 6 6 6 6 6 6 6 6 6 6 6 6 6 6 6 6 6 6 6
7 28 3 4 4 6 6 6 6 6 6 6 6 6 6 6 6 6 6 6 6 6 6 6 6 6 6 6 6 6
7 29 3 4 4 6 6 6 6 6 6 6 6 6 6 6 6 6 6 6 6 6 6 6 6 6 6 6 6 6 6
7 30 3 4 4 6 6 6 6 6 6 6 6 6 6 6 6 6 6 6 6 6 6 6 6 6 6 6 6 6 6 6
7 31 3 4 4 6 6 6 6 6 6 6 6 6 6 6 6 6 6 6 6 6 6 6 6 6 6 6 6 6 6 6 6
7 32 3 4 4 6 6 6 6 6 6 6 6 6 6 6 6 6 6 6 6 6 6 6 6 6 6 6 6 6 6 6 6 6
7 33 3 4 4 6 6 6 6 6 6 6 6 6 6 6 6 6 6 6 6 6 6 6 6 6 6 6 6 6 6 6 6 6 6
7 34 3 4 4 6 6 6 6 6 6 6 6 6 6 6 6 6 6 6 6 6 6 6 6 6 6 6 6 6 6 6 6 6 6 6
7 35 3 4 4 6 6 6 6 6 6 6 6 6 6 6 6 6 6 6 6 6 6 6 6 6 6 6 6 6 6 6 6 6 6 6 6
7 36 3 4 4 6 6 6 6 6 6 6 6 6 6 6 6 6 6 6 6 6 6 6 6 6 6 6 6 6 6 6 6 6 6 6 6 6
7 37 3 4 4 6 6 6 6 6 6 6 6 6 6 6 6 6 6 6 6 6 6 6 6 6 6 6 6 6 6 6 6 6 6 6 6 6 6
7 38 3 4 4 6 6 6 6 6 6 6 6 6 6 6 6 6 6 6 6 6 6 6 6 6 6 6 6 6 6 6 6 6 6 6 6 6 6 6
7 39 3 4 4 6 6 6 6 6 6 6 6 6 6 6 6 6 6 6 6 6 6 6 6 6 6 6 6 6 6 6 6 6 6 6 6 6 6 6 6
7 40 3 4 4 6 6 6 6 6 6 6 6 6 6 6 6 6 6 6 6 6 6 6 6 6 6 6 6 6 6 6 6 6 6 6 6 6 6 6 6 6
7 3 3 4 5
7 4 3 4 5 6
7 5 3 4 5 6 6
7 6 3 4 5 6 6 6
7 7 3 4 5 6 6 6 6
7 8 3 4 5 6 6 6 6 6
7 9 3 4 5 6 6 6 6 6 6
7 10 3 4 5 6 6 6 6 6 6 6
7 11 3 4 5 6 6 6 6 6 6 6 6
7 12 3 4 5 6 6 6 6 6 6 6 6 6
7 13 3 4 5 6 6 6 6 6 6 6 6 6 6
7 14 3 4 5 6 6 6 6 6 6 6 6 6 6 6
7 15 3 4 5 6 6 6 6 6 6 6 6 6 6 6 6
7 16 3 4 5 6 6 6 6 6 6 6 6 6 6 6 6 6
7 17 3 4 5 6 6 6 6 6 6 6 6 6 6 6 6 6 6
7 18 3 4 5 6 6 6 6 6 6 6 6 6 6 6 6 6 6 6
7 19 3 4 5 6 6 6 6 6 6 6 6 6 6 6 6 6 6 6 6
7 20 3 4 5 6 6 6 6 6 6 6 6 6 6 6 6 6 6 6 6 6
7 21 3 4 5 6 6 6 6 6 6 6 6 6 6 6 6 6 6 6 6 6 6
7 22 3 4 5 6 6 6 6 6 6 6 6 6 6 6 6 6 6 6 6 6 6 6
7 23 3 4 5 6 6 6 6 6 6 6 6 6 6 6 6 6 6 6 6 6 6 6 6
7 24 3 4 5 6 6 6 6 6 6 6 6 6 6 6 6 6 6 6 6 6 6 6 6 6
7 25 3 4 5 6 6 6 6 6 6 6 6 6 6 6 6 6 6 6 6 6 6 6 6 6 6
7 26 3 4 5 6 6 6 6 6 6 6 6 6 6 6 6 6 6 6 6 6 6 6 6 6 6 6
7 27 3 4 5 6 6 6 6 6 6 6 6 6 6 6 6 6 6 6 6 6 6 6 6 6 6 6 6
7 28 3 4 5 6 6 6 6 6 6 6 6 6 6 6 6 6 6 6 6 6 6 6 6 6 6 6 6 6
7 29 3 4 5 6 6 6 6 6 6 6 6 6 6 6 6 6 6 6 6 6 6 6 6 6 6 6 6 6 6
7 30 3 4 5 6 6 6 6 6 6 6 6 6 6 6 6 6 6 6 6 6 6 6 6 6 6 6 6 6 6 6
7 31 3 4 5 6 6 6 6 6 6 6 6 6 6 6 6 6 6 6 6 6 6 6 6 6 6 6 6 6 6 6 6
7 32 3 4 5 6 6 6 6 6 6 6 6 6 6 6 6 6 6 6 6 6 6 6 6 6 6 6 6 6 6 6 6 6
7 33 3 4 5 6 6 6 6 6 6 6 6 6 6 6 6 6 6 6 6 6 6 6 6 6 6 6 6 6 6 6 6 6 6
7 34 3 4 5 6 6 6 6 6 6 6 6 6 6 6 6 6 6 6 6 6 6 6 6 6 6 6 6 6 6 6 6 6 6 6
7 35 3 4 5 6 6 6 6 6 6 6 6 6 6 6 6 6 6 6 6 6 6 6 6 6 6 6 6 6 6 6 6 6 6 6 6
7 36 3 4 5 6 6 6 6 6 6 6 6 6 6 6 6 6 6 6 6 6 6 6 6 6 6 6 6 6 6 6 6 6 6 6 6 6
7 37 3 4 5 6 6 6 6 6 6 6 6 6 6 6 6 6 6 6 6 6 6 6 6 6 6 6 6 6 6 6 6 6 6 6 6 6 6
7 38 3 4 5 6 6 6 6 6 6 6 6 6 6 6 6 6 6 6 6 6 6 6 6 6 6 6 6 6 6 6 6 6 6 6 6 6 6 6
7 39 3 4 5 6 6 6 6 6 6 6 6 6 6 6 6 6 6 6 6 6 6 6 6 6 6 6 6 6 6 6 6 6 6 6 6 6 6 6 6
7 40 3 4 5 6 6 6 6 6 6 6 6 6 6 6 6 6 6 6 6 6 6 6 6 6 6 6 6 6 6 6 6 6 6 6 6 6 6 6 6 6
7 3 3 5 5
7 4 3 5 5 6
7 5 3 5 5 6 6
7 6 3 5 5 6 6 6
7 7 3 5 5 6 6 6 6
7 8 3 5 5 6 6 6 6 6
7 9 3 5 5 6 6 6 6 6 6
7 10 3 5 5 6 6 6 6 6 6 6
7 11 3 5 5 6 6 6 6 6 6 6 6
7 12 3 5 5 6 6 6 6 6 6 6 6 6
7 13 3 5 5 6 6 6 6 6 6 6 6 6 6
7 14 3 5 5 6 6 6 6 6 6 6 6 6 6 6
7 15 3 5 5 6 6 6 6 6 6 6 6 6 6 6 6
7 16 3 5 5 6 6 6 6 6 6 6 6 6 6 6 6 6
7 17 3 5 5 6 6 6 6 6 6 6 6 6 6 6 6 6 6
7 18 3 5 5 6 6 6 6 6 6 6 6 6 6 6 6 6 6 6
7 19 3 5 5 6 6 6 6 6 6 6 6 6 6 6 6 6 6 6 6
7 20 3 5 5 6 6 6 6 6 6 6 6 6 6 6 6 6 6 6 6 6
7 21 3 5 5 6 6 6 6 6 6 6 6 6 6 6 6 6 6 6 6 6 6
7 22 3 5 5 6 6 6 6 6 6 6 6 6 6 6 6 6 6 6 6 6 6 6
7 23 3 5 5 6 6 6 6 6 6 6 6 6 6 6 6 6 6 6 6 6 6 6 6
7 24 3 5 5 6 6 6 6 6 6 6 6 6 6 6 6 6 6 6 6 6 6 6 6 6
7 25 3 5 5 6 6 6 6 6 6 6 6 6 6 6 6 6 6 6 6 6 6 6 6 6 6
7 26 3 5 5 6 6 6 6 6 6 6 6 6 6 6 6 6 6 6 6 6 6 6 6 6 6 6
7 27 3 5 5 6 6 6 6 6 6 6 6 6 6 6 6 6 6 6 6 6 6 6 6 6 6 6 6
7 28 3 5 5 6 6 6 6 6 6 6 6 6 6 6 6 6 6 6 6 6 6 6 6 6 6 6 6 6
7 29 3 5 5 6 6 6 6 6 6 6 6 6 6 6 6 6 6 6 6 6 6 6 6 6 6 6 6 6 6
7 30 3 5 5 6 6 6 6 6 6 6 6 6 6 6 6 6 6 6 6 6 6 6 6 6 6 6 6 6 6 6
7 31 3 5 5 6 6 6 6 6 6 6 6 6 6 6 6 6 6 6 6 6 6 6 6 6 6 6 6 6 6 6 6
7 32 3 5 5 6 6 6 6 6 6 6 6 6 6 6 6 6 6 6 6 6 6 6 6 6 6 6 6 6 6 6 6 6
7 33 3 5 5 6 6 6 6 6 6 6 6 6 6 6 6 6 6 6 6 6 6 6 6 6 6 6 6 6 6 6 6 6 6
7 34 3 5 5 6 6 6 6 6 6 6 6 6 6 6 6 6 6 6 6 6 6 6 6 6 6 6 6 6 6 6 6 6 6 6
7 35 3 5 5 6 6 6 6 6 6 6 6 6 6 6 6 6 6 6 6 6 6 6 6 6 6 6 6 6 6 6 6 6 6 6 6
7 36 3 5 5 6 6 6 6 6 6 6 6 6 6 6 6 6 6 6 6 6 6 6 6 6 6 6 6 6 6 6 6 6 6 6 6 6
7 37 3 5 5 6 6 6 6 6 6 6 6 6 6 6 6 6 6 6 6 6 6 6 6 6 6 6 6 6 6 6 6 6 6 6 6 6 6
7 38 3 5 5 6 6 6 6 6 6 6 6 6 6 6 6 6 6 6 6 6 6 6 6 6 6 6 6 6 6 6 6 6 6 6 6 6 6 6
7 39 3 5 5 6 6 6 6 6 6 6 6 6 6 6 6 6 6 6 6 6 6 6 6 6 6 6 6 6 6 6 6 6 6 6 6 6 6 6 6
7 40 3 5 5 6 6 6 6 6 6 6 6 6 6 6 6 6 6 6 6 6 6 6 6 6 6 6 6 6 6 6 6 6 6 6 6 6 6 6 6 6
7 3 4 4 4
7 4 4 4 4 6
7 5 4 4 4 6 6
7 6 4 4 4 6 6 6
7 7 4 4 4 6 6 6 6
7 8 4 4 4 6 6 6 6 6
7 9 4 4 4 6 6 6 6 6 6
7 10 4 4 4 6 6 6 6 6 6 6
7 11 4 4 4 6 6 6 6 6 6 6 6
7 12 4 4 4 6 6 6 6 6 6 6 6 6
7 13 4 4 4 6 6 6 6 6 6 6 6 6 6
7 14 4 4 4 6 6 6 6 6 6 6 6 6 6 6
7 15 4 4 4 6 6 6 6 6 6 6 6 6 6 6 6
7 16 4 4 4 6 6 6 6 6 6 6 6 6 6 6 6 6
7 17 4 4 4 6 6 6 6 6 6 6 6 6 6 6 6 6 6
7 18 4 4 4 6 6 6 6 6 6 6 6 6 6 6 6 6 6 6
7 19 4 4 4 6 6 6 6 6 6 6 6 6 6 6 6 6 6 6 6
7 20 4 4 4 6 6 6 6 6 6 6 6 6 6 6 6 6 6 6 6 6
7 21 4 4 4 6 6 6 6 6 6 6 6 6 6 6 6 6 6 6 6 6 6
7 22 4 4 4 6 6 6 6 6 6 6 6 6 6 6 6 6 6 6 6 6 6 6
7 23 4 4 4 6 6 6 6 6 6 6 6 6 6 6 6 6 6 6 6 6 6 6 6
7 24 4 4 4 6 6 6 6 6 6 6 6 6 6 6 6 6 6 6 6 6 6 6 6 6
7 25 4 4 4 6 6 6 6 6 6 6 6 6 6 6 6 6 6 6 6 6 6 6 6 6 6
7 26 4 4 4 6 6 6 6 6 6 6 6 6 6 6 6 6 6 6 6 6 6 6 6 6 6 6
7 27 4 4 4 6 6 6 6 6 6 6 6 6 6 6 6 6 6 6 6 6 6 6 6 6 6 6 6
7 28 4 4 4 6 6 6 6 6 6 6 6 6 6 6 6 6 6 6 6 6 6 6 6 6 6 6 6 6
7 29 4 4 4 6 6 6 6 6 6 6 6 6 6 6 6 6 6 6 6 6 6 6 6 6 6 6 6 6 6
7 30 4 4 4 6 6 6 6 6 6 6 6 6 6 6 6 6 6 6 6 6 6 6 6 6 6 6 6 6 6 6
7 31 4 4 4 6 6 6 6 6 6 6 6 6 6 6 6 6 6 6 6 6 6 6 6 6 6 6 6 6 6 6 6
7 32 4 4 4 6 6 6 6 6 6 6 6 6 6 6 6 6 6 6 6 6 6 6 6 6 6 6 6 6 6 6 6 6
7 33 4 4 4 6 6 6 6 6 6 6 6 6 6 6 6 6 6 6 6 6 6 6 6 6 6 6 6 6 6 6 6 6 6
7 34 4 4 4 6 6 6 6 6 6 6 6 6 6 6 6 6 6 6 6 6 6 6 6 6 6 6 6 6 6 6 6 6 6 6
7 35 4 4 4 6 6 6 6 6 6 6 6 6 6 6 6 6 6 6 6 6 6 6 6 6 6 6 6 6 6 6 6 6 6 6 6
7 36 4 4 4 6 6 6 6 6 6 6 6 6 6 6 6 6 6 6 6 6 6 6 6 6 6 6 6 6 6 6 6 6 6 6 6 6
7 37 4 4 4 6 6 6 6 6 6 6 6 6 6 6 6 6 6 6 6 6 6 6 6 6 6 6 6 6 6 6 6 6 6 6 6 6 6
7 38 4 4 4 6 6 6 6 6 6 6 6 6 6 6 6 6 6 6 6 6 6 6 6 6 6 6 6 6 6 6 6 6 6 6 6 6 6 6
7 39 4 4 4 6 6 6 6 6 6 6 6 6 6 6 6 6 6 6 6 6 6 6 6 6 6 6 6 6 6 6 6 6 6 6 6 6 6 6 6
7 40 4 4 4 6 6 6 6 6 6 6 6 6 6 6 6 6 6 6 6 6 6 6 6 6 6 6 6 6 6 6 6 6 6 6 6 6 6 6 6 6
7 3 4 4 5
7 4 4 4 5 6
7 5 4 4 5 6 6
7 6 4 4 5 6 6 6
7 7 4 4 5 6 6 6 6
7 8 4 4 5 6 6 6 6 6
7 9 4 4 5 6 6 6 6 6 6
7 10 4 4 5 6 6 6 6 6 6 6
7 11 4 4 5 6 6 6 6 6 6 6 6
7 12 4 4 5 6 6 6 6 6 6 6 6 6
7 13 4 4 5 6 6 6 6 6 6 6 6 6 6
7 14 4 4 5 6 6 6 6 6 6 6 6 6 6 6
7 15 4 4 5 6 6 6 6 6 6 6 6 6 6 6 6
7 16 4 4 5 6 6 6 6 6 6 6 6 6 6 6 6 6
7 17 4 4 5 6 6 6 6 6 6 6 6 6 6 6 6 6 6
7 18 4 4 5 6 6 6 6 6 6 6 6 6 6 6 6 6 6 6
7 19 4 4 5 6 6 6 6 6 6 6 6 6 6 6 6 6 6 6 6
7 20 4 4 5 6 6 6 6 6 6 6 6 6 6 6 6 6 6 6 6 6
7 21 4 4 5 6 6 6 6 6 6 6 6 6 6 6 6 6 6 6 6 6 6
7 22 4 4 5 6 6 6 6 6 6 6 6 6 6 6 6 6 6 6 6 6 6 6
7 23 4 4 5 6 6 6 6 6 6 6 6 6 6 6 6 6 6 6 6 6 6 6 6
7 24 4 4 5 6 6 6 6 6 6 6 6 6 6 6 6 6 6 6 6 6 6 6 6 6
7 25 4 4 5 6 6 6 6 6 6 6 6 6 6 6 6 6 6 6 6 6 6 6 6 6 6
7 26 4 4 5 6 6 6 6 6 6 6 6 6 6 6 6 6 6 6 6 6 6 6 6 6 6 6
7 27 4 4 5 6 6 6 6 6 6 6 6 6 6 6 6 6 6 6 6 6 6 6 6 6 6 6 6
7 28 4 4 5 6 6 6 6 6 6 6 6 6 6 6 6 6 6 6 6 6 6 6 6 6 6 6 6 6
7 29 4 4 5 6 6 6 6 6 6 6 6 6 6 6 6 6 6 6 6 6 6 6 6 6 6 6 6 6 6
7 30 4 4 5 6 6 6 6 6 6 6 6 6 6 6 6 6 6 6 6 6 6 6 6 6 6 6 6 6 6 6
7 31 4 4 5 6 6 6 6 6 6 6 6 6 6 6 6 6 6 6 6 6 6 6 6 6 6 6 6 6 6 6 6
7 32 4 4 5 6 6 6 6 6 6 6 6 6 6 6 6 6 6 6 6 6 6 6 6 6 6 6 6 6 6 6 6 6
7 33 4 4 5 6 6 6 6 6 6 6 6 6 6 6 6 6 6 6 6 6 6 6 6 6 6 6 6 6 6 6 6 6 6
7 34 4 4 5 6 6 6 6 6 6 6 6 6 6 6 6 6 6 6 6 6 6 6 6 6 6 6 6 6 6 6 6 6 6 6
7 35 4 4 5 6 6 6 6 6 6 6 6 6 6 6 6 6 6 6 6 6 6 6 6 6 6 6 6 6 6 6 6 6 6 6 6
7 36 4 4 5 6 6 6 6 6 6 6 6 6 6 6 6 6 6 6 6 6 6 6 6 6 6 6 6 6 6 6 6 6 6 6 6 6
7 37 4 4 5 6 6 6 6 6 6 6 6 6 6 6 6 6 6 6 6 6 6 6 6 6 6 6 6 6 6 6 6 6 6 6 6 6 6
7 38 4 4 5 6 6 6 6 6 6 6 6 6 6 6 6 6 6 6 6 6 6 6 6 6 6 6 6 6 6 6 6 6 6 6 6 6 6 6
7 39 4 4 5 6 6 6 6 6 6 6 6 6 6 6 6 6 6 6 6 6 6 6 6 6 6 6 6 6 6 6 6 6 6 6 6 6 6 6 6
7 40 4 4 5 6 6 6 6 6 6 6 6 6 6 6 6 6 6 6 6 6 6 6 6 6 6 6 6 6 6 6 6 6 6 6 6 6 6 6 6 6
7 3 4 5 5
7 4 4 5 5 6
7 5 4 5 5 6 6
7 6 4 5 5 6 6 6
7 7 4 5 5 6 6 6 6
7 8 4 5 5 6 6 6 6 6
7 9 4 5 5 6 6 6 6 6 6
7 10 4 5 5 6 6 6 6 6 6 6
7 11 4 5 5 6 6 6 6 6 6 6 6
7 12 4 5 5 6 6 6 6 6 6 6 6 6
7 13 4 5 5 6 6 6 6 6 6 6 6 6 6
7 14 4 5 5 6 6 6 6 6 6 6 6 6 6 6
7 15 4 5 5 6 6 6 6 6 6 6 6 6 6 6 6
7 16 4 5 5 6 6 6 6 6 6 6 6 6 6 6 6 6
7 17 4 5 5 6 6 6 6 6 6 6 6 6 6 6 6 6 6
7 18 4 5 5 6 6 6 6 6 6 6 6 6 6 6 6 6 6 6
7 19 4 5 5 6 6 6 6 6 6 6 6 6 6 6 6 6 6 6 6
7 20 4 5 5 6 6 6 6 6 6 6 6 6 6 6 6 6 6 6 6 6
7 21 4 5 5 6 6 6 6 6 6 6 6 6 6 6 6 6 6 6 6 6 6
7 22 4 5 5 6 6 6 6 6 6 6 6 6 6 6 6 6 6 6 6 6 6 6
7 23 4 5 5 6 6 6 6 6 6 6 6 6 6 6 6 6 6 6 6 6 6 6 6
7 24 4 5 5 6 6 6 6 6 6 6 6 6 6 6 6 6 6 6 6 6 6 6 6 6
7 25 4 5 5 6 6 6 6 6 6 6 6 6 6 6 6 6 6 6 6 6 6 6 6 6 6
7 26 4 5 5 6 6 6 6 6 6 6 6 6 6 6 6 6 6 6 6 6 6 6 6 6 6 6
7 27 4 5 5 6 6 6 6 6 6 6 6 6 6 6 6 6 6 6 6 6 6 6 6 6 6 6 6
7 28 4 5 5 6 6 6 6 6 6 6 6 6 6 6 6 6 6 6 6 6 6 6 6 6 6 6 6 6
7 29 4 5 5 6 6 6 6 6 6 6 6 6 6 6 6 6 6 6 6 6 6 6 6 6 6 6 6 6 6
7 30 4 5 5 6 6 6 6 6 6 6 6 6 6 6 6 6 6 6 6 6 6 6 6 6 6 6 6 6 6 6
7 31 4 5 5 6 6 6 6 6 6 6 6 6 6 6 6 6 6 6 6 6 6 6 6 6 6 6 6 6 6 6 6
7 32 4 5 5 6 6 6 6 6 6 6 6 6 6 6 6 6 6 6 6 6 6 6 6 6 6 6 6 6 6 6 6 6
7 33 4 5 5 6 6 6 6 6 6 6 6 6 6 6 6 6 6 6 6 6 6 6 6 6 6 6 6 6 6 6 6 6 6
7 34 4 5 5 6 6 6 6 6 6 6 6 6 6 6 6 6 6 6 6 6 6 6 6 6 6 6 6 6 6 6 6 6 6 6
7 35 4 5 5 6 6 6 6 6 6 6 6 6 6 6 6 6 6 6 6 6 6 6 6 6 6 6 6 6 6 6 6 6 6 6 6
7 36 4 5 5 6 6 6 6 6 6 6 6 6 6 6 6 6 6 6 6 6 6 6 6 6 6 6 6 6 6 6 6 6 6 6 6 6
7 37 4 5 5 6 6 6 6 6 6 6 6 6 6 6 6 6 6 6 6 6 6 6 6 6 6 6 6 6 6 6 6 6 6 6 6 6 6
7 38 4 5 5 6 6 6 6 6 6 6 6 6 6 6 6 6 6 6 6 6 6 6 6 6 6 6 6 6 6 6 6 6 6 6 6 6 6 6
7 39 4 5 5 6 6 6 6 6 6 6 6 6 6 6 6 6 6 6 6 6 6 6 6 6 6 6 6 6 6 6 6 6 6 6 6 6 6 6 6
7 40 4 5 5 6 6 6 6 6 6 6 6 6 6 6 6 6 6 6 6 6 6 6 6 6 6 6 6 6 6 6 6 6 6 6 6 6 6 6 6 6
7 3 5 5 5
7 4 5 5 5 6
7 5 5 5 5 6 6
7 6 5 5 5 6 6 6
7 7 5 5 5 6 6 6 6
7 8 5 5 5 6 6 6 6 6
7 9 5 5 5 6 6 6 6 6 6
7 10 5 5 5 6 6 6 6 6 6 6
7 11 5 5 5 6 6 6 6 6 6 6 6
7 12 5 5 5 6 6 6 6 6 6 6 6 6
7 13 5 5 5 6 6 6 6 6 6 6 6 6 6
7 14 5 5 5 6 6 6 6 6 6 6 6 6 6 6
7 15 5 5 5 6 6 6 6 6 6 6 6 6 6 6 6
7 16 5 5 5 6 6 6 6 6 6 6 6 6 6 6 6 6
7 17 5 5 5 6 6 6 6 6 6 6 6 6 6 6 6 6 6
7 18 5 5 5 6 6 6 6 6 6 6 6 6 6 6 6 6 6 6
7 19 5 5 5 6 6 6 6 6 6 6 6 6 6 6 6 6 6 6 6
7 20 5 5 5 6 6 6 6 6 6 6 6 6 6 6 6 6 6 6 6 6
7 21 5 5 5 6 6 6 6 6 6 6 6 6 6 6 6 6 6 6 6 6 6
7 22 5 5 5 6 6 6 6 6 6 6 6 6 6 6 6 6 6 6 6 6 6 6
7 23 5 5 5 6 6 6 6 6 6 6 6 6 6 6 6 6 6 6 6 6 6 6 6
7 24 5 5 5 6 6 6 6 6 6 6 6 6 6 6 6 6 6 6 6 6 6 6 6 6
7 25 5 5 5 6 6 6 6 6 6 6 6 6 6 6 6 6 6 6 6 6 6 6 6 6 6
7 26 5 5 5 6 6 6 6 6 6 6 6 6 6 6 6 6 6 6 6 6 6 6 6 6 6 6
7 27 5 5 5 6 6 6 6 6 6 6 6 6 6 6 6 6 6 6 6 6 6 6 6 6 6 6 6
7 28 5 5 5 6 6 6 6 6 6 6 6 6 6 6 6 6 6 6 6 6 6 6 6 6 6 6 6 6
7 29 5 5 5 6 6 6 6 6 6 6 6 6 6 6 6 6 6 6 6 6 6 6 6 6 6 6 6 6 6
7 30 5 5 5 6 6 6 6 6 6 6 6 6 6 6 6 6 6 6 6 6 6 6 6 6 6 6 6 6 6 6
7 31 5 5 5 6 6 6 6 6 6 6 6 6 6 6 6 6 6 6 6 6 6 6 6 6 6 6 6 6 6 6 6
7 32 5 5 5 6 6 6 6 6 6 6 6 6 6 6 6 6 6 6 6 6 6 6 6 6 6 6 6 6 6 6 6 6
7 33 5 5 5 6 6 6 6 6 6 6 6 6 6 6 6 6 6 6 6 6 6 6 6 6 6 6 6 6 6 6 6 6 6
7 34 5 5 5 6 6 6 6 6 6 6 6 6 6 6 6 6 6 6 6 6 6 6 6 6 6 6 6 6 6 6 6 6 6 6
7 35 5 5 5 6 6 6 6 6 6 6 6 6 6 6 6 6 6 6 6 6 6 6 6 6 6 6 6 6 6 6 6 6 6 6 6
7 36 5 5 5 6 6 6 6 6 6 6 6 6 6 6 6 6 6 6 6 6 6 6 6 6 6 6 6 6 6 6 6 6 6 6 6 6
7 37 5 5 5 6 6 6 6 6 6 6 6 6 6 6 6 6 6 6 6 6 6 6 6 6 6 6 6 6 6 6 6 6 6 6 6 6 6
7 38 5 5 5 6 6 6 6 6 6 6 6 6 6 6 6 6 6 6 6 6 6 6 6 6 6 6 6 6 6 6 6 6 6 6 6 6 6 6
7 39 5 5 5 6 6 6 6 6 6 6 6 6 6 6 6 6 6 6 6 6 6 6 6 6 6 6 6 6 6 6 6 6 6 6 6 6 6 6 6
7 40 5 5 5 6 6 6 6 6 6 6 6 6 6 6 6 6 6 6 6 6 6 6 6 6 6 6 6 6 6 6 6 6 6 6 6 6 6 6 6 6
